168,50,4000,7100,28400000,2,406,103,1,231640000,231640000,151,50,101,50,0,1,52,313346
168,50,4000,7100,28400000,2,406,103,1,231640000,231640000,151,50,101,50,0,1,52,308365
168,50,4000,7100,28400000,2,406,103,1,231640000,231640000,151,50,101,50,0,1,52,307802
168,50,4000,7100,28400000,2,406,103,1,231640000,231640000,151,50,101,50,0,1,52,308669
168,50,4000,7100,28400000,2,406,103,1,231640000,231640000,151,50,101,50,0,1,52,308514
168,50,4000,7100,28400000,2,406,103,1,231640000,231640000,151,50,101,50,0,1,52,308225
168,50,4000,7100,28400000,2,406,103,1,231640000,231640000,151,50,101,50,0,1,52,308092
168,450,4000,7100,28400000,2,3606,903,1,267160000,267160000,1351,450,901,450,0,1,452,3017113
168,450,4000,7100,28400000,2,3606,903,1,267160000,267160000,1351,450,901,450,0,1,452,515712
168,450,4000,7100,28400000,2,3606,903,1,267160000,267160000,1351,450,901,450,0,1,452,516577
168,450,4000,7100,28400000,2,3606,903,1,267160000,267160000,1351,450,901,450,0,1,452,516989
168,450,4000,7100,28400000,2,3606,903,1,267160000,267160000,1351,450,901,450,0,1,452,498833
168,450,4000,7100,28400000,2,3606,903,1,267160000,267160000,1351,450,901,450,0,1,452,531364
168,450,4000,7100,28400000,2,3606,903,1,267160000,267160000,1351,450,901,450,0,1,452,522903
168,850,4000,7100,28400000,2,6806,1703,1,302680000,302680000,2551,850,1701,850,0,1,852,5984573
168,850,4000,7100,28400000,2,6806,1703,1,302680000,302680000,2551,850,1701,850,0,1,852,716853
168,850,4000,7100,28400000,2,6806,1703,1,302680000,302680000,2551,850,1701,850,0,1,852,716486
168,850,4000,7100,28400000,2,6806,1703,1,302680000,302680000,2551,850,1701,850,0,1,852,717362
168,850,4000,7100,28400000,2,6806,1703,1,302680000,302680000,2551,850,1701,850,0,1,852,717097
168,850,4000,7100,28400000,2,6806,1703,1,302680000,302680000,2551,850,1701,850,0,1,852,762408
168,850,4000,7100,28400000,2,6806,1703,1,302680000,302680000,2551,850,1701,850,0,1,852,762780
168,1250,4000,7100,28400000,2,10006,2503,1,338200000,338200000,3751,1250,2501,1250,0,1,1252,9361884
168,1250,4000,7100,28400000,2,10006,2503,1,338200000,338200000,3751,1250,2501,1250,0,1,1252,965559
168,1250,4000,7100,28400000,2,10006,2503,1,338200000,338200000,3751,1250,2501,1250,0,1,1252,966273
168,1250,4000,7100,28400000,2,10006,2503,1,338200000,338200000,3751,1250,2501,1250,0,1,1252,965980
168,1250,4000,7100,28400000,2,10006,2503,1,338200000,338200000,3751,1250,2501,1250,0,1,1252,966600
168,1250,4000,7100,28400000,2,10006,2503,1,338200000,338200000,3751,1250,2501,1250,0,1,1252,1000951
168,1250,4000,7100,28400000,2,10006,2503,1,338200000,338200000,3751,1250,2501,1250,0,1,1252,1003090
168,1650,4000,7100,28400000,2,13206,3303,1,373720000,373720000,4951,1650,3301,1650,0,1,1652,12164084
168,1650,4000,7100,28400000,2,13206,3303,1,373720000,373720000,4951,1650,3301,1650,0,1,1652,1201988
168,1650,4000,7100,28400000,2,13206,3303,1,373720000,373720000,4951,1650,3301,1650,0,1,1652,1202327
168,1650,4000,7100,28400000,2,13206,3303,1,373720000,373720000,4951,1650,3301,1650,0,1,1652,1201537
168,1650,4000,7100,28400000,2,13206,3303,1,373720000,373720000,4951,1650,3301,1650,0,1,1652,1202707
168,1650,4000,7100,28400000,2,13206,3303,1,373720000,373720000,4951,1650,3301,1650,0,1,1652,1226373
168,1650,4000,7100,28400000,2,13206,3303,1,373720000,373720000,4951,1650,3301,1650,0,1,1652,1232690
168,2050,4000,7100,28400000,2,16406,4103,1,409240000,409240000,6151,2050,4101,2050,0,1,2052,15232438
168,2050,4000,7100,28400000,2,16406,4103,1,409240000,409240000,6151,2050,4101,2050,0,1,2052,1493941
168,2050,4000,7100,28400000,2,16406,4103,1,409240000,409240000,6151,2050,4101,2050,0,1,2052,1488043
168,2050,4000,7100,28400000,2,16406,4103,1,409240000,409240000,6151,2050,4101,2050,0,1,2052,1492953
168,2050,4000,7100,28400000,2,16406,4103,1,409240000,409240000,6151,2050,4101,2050,0,1,2052,1476735
168,2050,4000,7100,28400000,2,16406,4103,1,409240000,409240000,6151,2050,4101,2050,0,1,2052,1495527
168,2050,4000,7100,28400000,2,16406,4103,1,409240000,409240000,6151,2050,4101,2050,0,1,2052,1494979
168,2450,4000,7100,28400000,2,19606,4903,1,444760000,444760000,7351,2450,4901,2450,0,1,2452,18095977
168,2450,4000,7100,28400000,2,19606,4903,1,444760000,444760000,7351,2450,4901,2450,0,1,2452,1689076
168,2450,4000,7100,28400000,2,19606,4903,1,444760000,444760000,7351,2450,4901,2450,0,1,2452,1689715
168,2450,4000,7100,28400000,2,19606,4903,1,444760000,444760000,7351,2450,4901,2450,0,1,2452,1690375
168,2450,4000,7100,28400000,2,19606,4903,1,444760000,444760000,7351,2450,4901,2450,0,1,2452,1688561
168,2450,4000,7100,28400000,2,19606,4903,1,444760000,444760000,7351,2450,4901,2450,0,1,2452,1688027
168,2450,4000,7100,28400000,2,19606,4903,1,444760000,444760000,7351,2450,4901,2450,0,1,2452,1692617
168,2850,4000,7100,28400000,2,22806,5703,1,480280000,480280000,8551,2850,5701,2850,0,1,2852,21518500
168,2850,4000,7100,28400000,2,22806,5703,1,480280000,480280000,8551,2850,5701,2850,0,1,2852,1933325
168,2850,4000,7100,28400000,2,22806,5703,1,480280000,480280000,8551,2850,5701,2850,0,1,2852,1933878
168,2850,4000,7100,28400000,2,22806,5703,1,480280000,480280000,8551,2850,5701,2850,0,1,2852,1941693
168,2850,4000,7100,28400000,2,22806,5703,1,480280000,480280000,8551,2850,5701,2850,0,1,2852,1942236
168,2850,4000,7100,28400000,2,22806,5703,1,480280000,480280000,8551,2850,5701,2850,0,1,2852,1910119
168,2850,4000,7100,28400000,2,22806,5703,1,480280000,480280000,8551,2850,5701,2850,0,1,2852,1941021
168,3250,4000,7100,28400000,2,26006,6503,1,515800000,515800000,9751,3250,6501,3250,0,1,3252,25328453
168,3250,4000,7100,28400000,2,26006,6503,1,515800000,515800000,9751,3250,6501,3250,0,1,3252,2175483
168,3250,4000,7100,28400000,2,26006,6503,1,515800000,515800000,9751,3250,6501,3250,0,1,3252,2176194
168,3250,4000,7100,28400000,2,26006,6503,1,515800000,515800000,9751,3250,6501,3250,0,1,3252,2173170
168,3250,4000,7100,28400000,2,26006,6503,1,515800000,515800000,9751,3250,6501,3250,0,1,3252,2176796
168,3250,4000,7100,28400000,2,26006,6503,1,515800000,515800000,9751,3250,6501,3250,0,1,3252,2127611
168,3250,4000,7100,28400000,2,26006,6503,1,515800000,515800000,9751,3250,6501,3250,0,1,3252,2146269
168,3650,4000,7100,28400000,2,29206,7303,1,551320000,551320000,10951,3650,7301,3650,0,1,3652,30068448
168,3650,4000,7100,28400000,2,29206,7303,1,551320000,551320000,10951,3650,7301,3650,0,1,3652,2421669
168,3650,4000,7100,28400000,2,29206,7303,1,551320000,551320000,10951,3650,7301,3650,0,1,3652,2422268
168,3650,4000,7100,28400000,2,29206,7303,1,551320000,551320000,10951,3650,7301,3650,0,1,3652,2423749
168,3650,4000,7100,28400000,2,29206,7303,1,551320000,551320000,10951,3650,7301,3650,0,1,3652,2424723
168,3650,4000,7100,28400000,2,29206,7303,1,551320000,551320000,10951,3650,7301,3650,0,1,3652,2379539
168,3650,4000,7100,28400000,2,29206,7303,1,551320000,551320000,10951,3650,7301,3650,0,1,3652,2391982
168,4050,4000,7100,28400000,2,32406,8103,1,586840000,586840000,12151,4050,8101,4050,0,1,4052,32774881
168,4050,4000,7100,28400000,2,32406,8103,1,586840000,586840000,12151,4050,8101,4050,0,1,4052,2658428
168,4050,4000,7100,28400000,2,32406,8103,1,586840000,586840000,12151,4050,8101,4050,0,1,4052,2661265
168,4050,4000,7100,28400000,2,32406,8103,1,586840000,586840000,12151,4050,8101,4050,0,1,4052,2660231
168,4050,4000,7100,28400000,2,32406,8103,1,586840000,586840000,12151,4050,8101,4050,0,1,4052,2650350
168,4050,4000,7100,28400000,2,32406,8103,1,586840000,586840000,12151,4050,8101,4050,0,1,4052,2611546
168,4050,4000,7100,28400000,2,32406,8103,1,586840000,586840000,12151,4050,8101,4050,0,1,4052,2619356
168,4450,4000,7100,28400000,2,35606,8903,1,622360000,622360000,13351,4450,8901,4450,0,1,4452,36772736
168,4450,4000,7100,28400000,2,35606,8903,1,622360000,622360000,13351,4450,8901,4450,0,1,4452,2893159
168,4450,4000,7100,28400000,2,35606,8903,1,622360000,622360000,13351,4450,8901,4450,0,1,4452,2898387
168,4450,4000,7100,28400000,2,35606,8903,1,622360000,622360000,13351,4450,8901,4450,0,1,4452,2897455
168,4450,4000,7100,28400000,2,35606,8903,1,622360000,622360000,13351,4450,8901,4450,0,1,4452,2899120
168,4450,4000,7100,28400000,2,35606,8903,1,622360000,622360000,13351,4450,8901,4450,0,1,4452,2816052
168,4450,4000,7100,28400000,2,35606,8903,1,622360000,622360000,13351,4450,8901,4450,0,1,4452,2836423
168,4850,4000,7100,28400000,2,38806,9703,1,657880000,657880000,14551,4850,9701,4850,0,1,4852,39539659
168,4850,4000,7100,28400000,2,38806,9703,1,657880000,657880000,14551,4850,9701,4850,0,1,4852,3141260
168,4850,4000,7100,28400000,2,38806,9703,1,657880000,657880000,14551,4850,9701,4850,0,1,4852,3154658
168,4850,4000,7100,28400000,2,38806,9703,1,657880000,657880000,14551,4850,9701,4850,0,1,4852,3150753
168,4850,4000,7100,28400000,2,38806,9703,1,657880000,657880000,14551,4850,9701,4850,0,1,4852,3157366
168,4850,4000,7100,28400000,2,38806,9703,1,657880000,657880000,14551,4850,9701,4850,0,1,4852,3063463
168,4850,4000,7100,28400000,2,38806,9703,1,657880000,657880000,14551,4850,9701,4850,0,1,4852,3069677
168,5250,4000,7100,28400000,2,42006,10503,1,693400000,693400000,15751,5250,10501,5250,0,1,5252,44857227
168,5250,4000,7100,28400000,2,42006,10503,1,693400000,693400000,15751,5250,10501,5250,0,1,5252,3400702
168,5250,4000,7100,28400000,2,42006,10503,1,693400000,693400000,15751,5250,10501,5250,0,1,5252,3401756
168,5250,4000,7100,28400000,2,42006,10503,1,693400000,693400000,15751,5250,10501,5250,0,1,5252,3399818
168,5250,4000,7100,28400000,2,42006,10503,1,693400000,693400000,15751,5250,10501,5250,0,1,5252,3392043
168,5250,4000,7100,28400000,2,42006,10503,1,693400000,693400000,15751,5250,10501,5250,0,1,5252,3277421
168,5250,4000,7100,28400000,2,42006,10503,1,693400000,693400000,15751,5250,10501,5250,0,1,5252,3309240
168,5650,4000,7100,28400000,2,45206,11303,1,728920000,728920000,16951,5650,11301,5650,0,1,5652,48443756
168,5650,4000,7100,28400000,2,45206,11303,1,728920000,728920000,16951,5650,11301,5650,0,1,5652,3641048
168,5650,4000,7100,28400000,2,45206,11303,1,728920000,728920000,16951,5650,11301,5650,0,1,5652,3644516
168,5650,4000,7100,28400000,2,45206,11303,1,728920000,728920000,16951,5650,11301,5650,0,1,5652,3642228
168,5650,4000,7100,28400000,2,45206,11303,1,728920000,728920000,16951,5650,11301,5650,0,1,5652,3645789
168,5650,4000,7100,28400000,2,45206,11303,1,728920000,728920000,16951,5650,11301,5650,0,1,5652,3523734
168,5650,4000,7100,28400000,2,45206,11303,1,728920000,728920000,16951,5650,11301,5650,0,1,5652,3547374
168,6050,4000,7100,28400000,2,48406,12103,1,764440000,764440000,18151,6050,12101,6050,0,1,6052,52633261
168,6050,4000,7100,28400000,2,48406,12103,1,764440000,764440000,18151,6050,12101,6050,0,1,6052,3851946
168,6050,4000,7100,28400000,2,48406,12103,1,764440000,764440000,18151,6050,12101,6050,0,1,6052,3851151
168,6050,4000,7100,28400000,2,48406,12103,1,764440000,764440000,18151,6050,12101,6050,0,1,6052,3854176
168,6050,4000,7100,28400000,2,48406,12103,1,764440000,764440000,18151,6050,12101,6050,0,1,6052,3855497
168,6050,4000,7100,28400000,2,48406,12103,1,764440000,764440000,18151,6050,12101,6050,0,1,6052,3760871
168,6050,4000,7100,28400000,2,48406,12103,1,764440000,764440000,18151,6050,12101,6050,0,1,6052,3787348
168,6450,4000,7100,28400000,2,51606,12903,1,799960000,799960000,19351,6450,12901,6450,0,1,6452,57033226
168,6450,4000,7100,28400000,2,51606,12903,1,799960000,799960000,19351,6450,12901,6450,0,1,6452,4107367
168,6450,4000,7100,28400000,2,51606,12903,1,799960000,799960000,19351,6450,12901,6450,0,1,6452,4109931
168,6450,4000,7100,28400000,2,51606,12903,1,799960000,799960000,19351,6450,12901,6450,0,1,6452,4104209
168,6450,4000,7100,28400000,2,51606,12903,1,799960000,799960000,19351,6450,12901,6450,0,1,6452,4111276
168,6450,4000,7100,28400000,2,51606,12903,1,799960000,799960000,19351,6450,12901,6450,0,1,6452,3981770
168,6450,4000,7100,28400000,2,51606,12903,1,799960000,799960000,19351,6450,12901,6450,0,1,6452,3993138
168,6850,4000,7100,28400000,2,54806,13703,1,835480000,835480000,20551,6850,13701,6850,0,1,6852,61976577
168,6850,4000,7100,28400000,2,54806,13703,1,835480000,835480000,20551,6850,13701,6850,0,1,6852,4492072
168,6850,4000,7100,28400000,2,54806,13703,1,835480000,835480000,20551,6850,13701,6850,0,1,6852,4493368
168,6850,4000,7100,28400000,2,54806,13703,1,835480000,835480000,20551,6850,13701,6850,0,1,6852,4490855
168,6850,4000,7100,28400000,2,54806,13703,1,835480000,835480000,20551,6850,13701,6850,0,1,6852,4483840
168,6850,4000,7100,28400000,2,54806,13703,1,835480000,835480000,20551,6850,13701,6850,0,1,6852,4283854
168,6850,4000,7100,28400000,2,54806,13703,1,835480000,835480000,20551,6850,13701,6850,0,1,6852,4319089
168,50,4000,6700,26800000,2,406,103,1,218680000,218680000,151,50,101,50,0,1,52,294454
168,50,4000,6700,26800000,2,406,103,1,218680000,218680000,151,50,101,50,0,1,52,239139
168,50,4000,6700,26800000,2,406,103,1,218680000,218680000,151,50,101,50,0,1,52,222987
168,50,4000,6700,26800000,2,406,103,1,218680000,218680000,151,50,101,50,0,1,52,234485
168,50,4000,6700,26800000,2,406,103,1,218680000,218680000,151,50,101,50,0,1,52,238778
168,50,4000,6700,26800000,2,406,103,1,218680000,218680000,151,50,101,50,0,1,52,247001
168,50,4000,6700,26800000,2,406,103,1,218680000,218680000,151,50,101,50,0,1,52,251605
168,450,4000,6700,26800000,2,3606,903,1,252920000,252920000,1351,450,901,450,0,1,452,2766195
168,450,4000,6700,26800000,2,3606,903,1,252920000,252920000,1351,450,901,450,0,1,452,493079
168,450,4000,6700,26800000,2,3606,903,1,252920000,252920000,1351,450,901,450,0,1,452,479087
168,450,4000,6700,26800000,2,3606,903,1,252920000,252920000,1351,450,901,450,0,1,452,488295
168,450,4000,6700,26800000,2,3606,903,1,252920000,252920000,1351,450,901,450,0,1,452,492559
168,450,4000,6700,26800000,2,3606,903,1,252920000,252920000,1351,450,901,450,0,1,452,481500
168,450,4000,6700,26800000,2,3606,903,1,252920000,252920000,1351,450,901,450,0,1,452,493444
168,850,4000,6700,26800000,2,6806,1703,1,287160000,287160000,2551,850,1701,850,0,1,852,5362442
168,850,4000,6700,26800000,2,6806,1703,1,287160000,287160000,2551,850,1701,850,0,1,852,636995
168,850,4000,6700,26800000,2,6806,1703,1,287160000,287160000,2551,850,1701,850,0,1,852,676086
168,850,4000,6700,26800000,2,6806,1703,1,287160000,287160000,2551,850,1701,850,0,1,852,675617
168,850,4000,6700,26800000,2,6806,1703,1,287160000,287160000,2551,850,1701,850,0,1,852,669629
168,850,4000,6700,26800000,2,6806,1703,1,287160000,287160000,2551,850,1701,850,0,1,852,691437
168,850,4000,6700,26800000,2,6806,1703,1,287160000,287160000,2551,850,1701,850,0,1,852,695422
168,1250,4000,6700,26800000,2,10006,2503,1,321400000,321400000,3751,1250,2501,1250,0,1,1252,8091064
168,1250,4000,6700,26800000,2,10006,2503,1,321400000,321400000,3751,1250,2501,1250,0,1,1252,911749
168,1250,4000,6700,26800000,2,10006,2503,1,321400000,321400000,3751,1250,2501,1250,0,1,1252,911040
168,1250,4000,6700,26800000,2,10006,2503,1,321400000,321400000,3751,1250,2501,1250,0,1,1252,912073
168,1250,4000,6700,26800000,2,10006,2503,1,321400000,321400000,3751,1250,2501,1250,0,1,1252,911452
168,1250,4000,6700,26800000,2,10006,2503,1,321400000,321400000,3751,1250,2501,1250,0,1,1252,931172
168,1250,4000,6700,26800000,2,10006,2503,1,321400000,321400000,3751,1250,2501,1250,0,1,1252,935906
168,1650,4000,6700,26800000,2,13206,3303,1,355640000,355640000,4951,1650,3301,1650,0,1,1652,11139994
168,1650,4000,6700,26800000,2,13206,3303,1,355640000,355640000,4951,1650,3301,1650,0,1,1652,1135614
168,1650,4000,6700,26800000,2,13206,3303,1,355640000,355640000,4951,1650,3301,1650,0,1,1652,1136144
168,1650,4000,6700,26800000,2,13206,3303,1,355640000,355640000,4951,1650,3301,1650,0,1,1652,1134768
168,1650,4000,6700,26800000,2,13206,3303,1,355640000,355640000,4951,1650,3301,1650,0,1,1652,1136531
168,1650,4000,6700,26800000,2,13206,3303,1,355640000,355640000,4951,1650,3301,1650,0,1,1652,1153040
168,1650,4000,6700,26800000,2,13206,3303,1,355640000,355640000,4951,1650,3301,1650,0,1,1652,1155298
168,2050,4000,6700,26800000,2,16406,4103,1,389880000,389880000,6151,2050,4101,2050,0,1,2052,14859377
168,2050,4000,6700,26800000,2,16406,4103,1,389880000,389880000,6151,2050,4101,2050,0,1,2052,1367469
168,2050,4000,6700,26800000,2,16406,4103,1,389880000,389880000,6151,2050,4101,2050,0,1,2052,1366888
168,2050,4000,6700,26800000,2,16406,4103,1,389880000,389880000,6151,2050,4101,2050,0,1,2052,1366007
168,2050,4000,6700,26800000,2,16406,4103,1,389880000,389880000,6151,2050,4101,2050,0,1,2052,1367910
168,2050,4000,6700,26800000,2,16406,4103,1,389880000,389880000,6151,2050,4101,2050,0,1,2052,1364283
168,2050,4000,6700,26800000,2,16406,4103,1,389880000,389880000,6151,2050,4101,2050,0,1,2052,1370998
168,2450,4000,6700,26800000,2,19606,4903,1,424120000,424120000,7351,2450,4901,2450,0,1,2452,17554637
168,2450,4000,6700,26800000,2,19606,4903,1,424120000,424120000,7351,2450,4901,2450,0,1,2452,1618203
168,2450,4000,6700,26800000,2,19606,4903,1,424120000,424120000,7351,2450,4901,2450,0,1,2452,1612990
168,2450,4000,6700,26800000,2,19606,4903,1,424120000,424120000,7351,2450,4901,2450,0,1,2452,1611161
168,2450,4000,6700,26800000,2,19606,4903,1,424120000,424120000,7351,2450,4901,2450,0,1,2452,1617516
168,2450,4000,6700,26800000,2,19606,4903,1,424120000,424120000,7351,2450,4901,2450,0,1,2452,1582886
168,2450,4000,6700,26800000,2,19606,4903,1,424120000,424120000,7351,2450,4901,2450,0,1,2452,1615825
168,2850,4000,6700,26800000,2,22806,5703,1,458360000,458360000,8551,2850,5701,2850,0,1,2852,21088559
168,2850,4000,6700,26800000,2,22806,5703,1,458360000,458360000,8551,2850,5701,2850,0,1,2852,1816747
168,2850,4000,6700,26800000,2,22806,5703,1,458360000,458360000,8551,2850,5701,2850,0,1,2852,1818097
168,2850,4000,6700,26800000,2,22806,5703,1,458360000,458360000,8551,2850,5701,2850,0,1,2852,1818767
168,2850,4000,6700,26800000,2,22806,5703,1,458360000,458360000,8551,2850,5701,2850,0,1,2852,1819314
168,2850,4000,6700,26800000,2,22806,5703,1,458360000,458360000,8551,2850,5701,2850,0,1,2852,1793834
168,2850,4000,6700,26800000,2,22806,5703,1,458360000,458360000,8551,2850,5701,2850,0,1,2852,1817424
168,3250,4000,6700,26800000,2,26006,6503,1,492600000,492600000,9751,3250,6501,3250,0,1,3252,24267449
168,3250,4000,6700,26800000,2,26006,6503,1,492600000,492600000,9751,3250,6501,3250,0,1,3252,2062390
168,3250,4000,6700,26800000,2,26006,6503,1,492600000,492600000,9751,3250,6501,3250,0,1,3252,2068616
168,3250,4000,6700,26800000,2,26006,6503,1,492600000,492600000,9751,3250,6501,3250,0,1,3252,2066585
168,3250,4000,6700,26800000,2,26006,6503,1,492600000,492600000,9751,3250,6501,3250,0,1,3252,2069419
168,3250,4000,6700,26800000,2,26006,6503,1,492600000,492600000,9751,3250,6501,3250,0,1,3252,2018448
168,3250,4000,6700,26800000,2,26006,6503,1,492600000,492600000,9751,3250,6501,3250,0,1,3252,2041811
168,3650,4000,6700,26800000,2,29206,7303,1,526840000,526840000,10951,3650,7301,3650,0,1,3652,27987388
168,3650,4000,6700,26800000,2,29206,7303,1,526840000,526840000,10951,3650,7301,3650,0,1,3652,2293965
168,3650,4000,6700,26800000,2,29206,7303,1,526840000,526840000,10951,3650,7301,3650,0,1,3652,2300489
168,3650,4000,6700,26800000,2,29206,7303,1,526840000,526840000,10951,3650,7301,3650,0,1,3652,2298884
168,3650,4000,6700,26800000,2,29206,7303,1,526840000,526840000,10951,3650,7301,3650,0,1,3652,2301516
168,3650,4000,6700,26800000,2,29206,7303,1,526840000,526840000,10951,3650,7301,3650,0,1,3652,2242623
168,3650,4000,6700,26800000,2,29206,7303,1,526840000,526840000,10951,3650,7301,3650,0,1,3652,2269055
168,4050,4000,6700,26800000,2,32406,8103,1,561080000,561080000,12151,4050,8101,4050,0,1,4052,30112340
168,4050,4000,6700,26800000,2,32406,8103,1,561080000,561080000,12151,4050,8101,4050,0,1,4052,2495362
168,4050,4000,6700,26800000,2,32406,8103,1,561080000,561080000,12151,4050,8101,4050,0,1,4052,2494318
168,4050,4000,6700,26800000,2,32406,8103,1,561080000,561080000,12151,4050,8101,4050,0,1,4052,2496187
168,4050,4000,6700,26800000,2,32406,8103,1,561080000,561080000,12151,4050,8101,4050,0,1,4052,2496904
168,4050,4000,6700,26800000,2,32406,8103,1,561080000,561080000,12151,4050,8101,4050,0,1,4052,2444800
168,4050,4000,6700,26800000,2,32406,8103,1,561080000,561080000,12151,4050,8101,4050,0,1,4052,2468648
168,4450,4000,6700,26800000,2,35606,8903,1,595320000,595320000,13351,4450,8901,4450,0,1,4452,34761303
168,4450,4000,6700,26800000,2,35606,8903,1,595320000,595320000,13351,4450,8901,4450,0,1,4452,2751314
168,4450,4000,6700,26800000,2,35606,8903,1,595320000,595320000,13351,4450,8901,4450,0,1,4452,2756189
168,4450,4000,6700,26800000,2,35606,8903,1,595320000,595320000,13351,4450,8901,4450,0,1,4452,2753881
168,4450,4000,6700,26800000,2,35606,8903,1,595320000,595320000,13351,4450,8901,4450,0,1,4452,2757516
168,4450,4000,6700,26800000,2,35606,8903,1,595320000,595320000,13351,4450,8901,4450,0,1,4452,2676920
168,4450,4000,6700,26800000,2,35606,8903,1,595320000,595320000,13351,4450,8901,4450,0,1,4452,2694497
168,4850,4000,6700,26800000,2,38806,9703,1,629560000,629560000,14551,4850,9701,4850,0,1,4852,38832683
168,4850,4000,6700,26800000,2,38806,9703,1,629560000,629560000,14551,4850,9701,4850,0,1,4852,2979827
168,4850,4000,6700,26800000,2,38806,9703,1,629560000,629560000,14551,4850,9701,4850,0,1,4852,2982689
168,4850,4000,6700,26800000,2,38806,9703,1,629560000,629560000,14551,4850,9701,4850,0,1,4852,2983599
168,4850,4000,6700,26800000,2,38806,9703,1,629560000,629560000,14551,4850,9701,4850,0,1,4852,2984433
168,4850,4000,6700,26800000,2,38806,9703,1,629560000,629560000,14551,4850,9701,4850,0,1,4852,2910731
168,4850,4000,6700,26800000,2,38806,9703,1,629560000,629560000,14551,4850,9701,4850,0,1,4852,2930879
168,5250,4000,6700,26800000,2,42006,10503,1,663800000,663800000,15751,5250,10501,5250,0,1,5252,41233249
168,5250,4000,6700,26800000,2,42006,10503,1,663800000,663800000,15751,5250,10501,5250,0,1,5252,3225222
168,5250,4000,6700,26800000,2,42006,10503,1,663800000,663800000,15751,5250,10501,5250,0,1,5252,3218985
168,5250,4000,6700,26800000,2,42006,10503,1,663800000,663800000,15751,5250,10501,5250,0,1,5252,3221886
168,5250,4000,6700,26800000,2,42006,10503,1,663800000,663800000,15751,5250,10501,5250,0,1,5252,3224034
168,5250,4000,6700,26800000,2,42006,10503,1,663800000,663800000,15751,5250,10501,5250,0,1,5252,3111778
168,5250,4000,6700,26800000,2,42006,10503,1,663800000,663800000,15751,5250,10501,5250,0,1,5252,3143144
168,5650,4000,6700,26800000,2,45206,11303,1,698040000,698040000,16951,5650,11301,5650,0,1,5652,45296321
168,5650,4000,6700,26800000,2,45206,11303,1,698040000,698040000,16951,5650,11301,5650,0,1,5652,3453393
168,5650,4000,6700,26800000,2,45206,11303,1,698040000,698040000,16951,5650,11301,5650,0,1,5652,3456328
168,5650,4000,6700,26800000,2,45206,11303,1,698040000,698040000,16951,5650,11301,5650,0,1,5652,3443813
168,5650,4000,6700,26800000,2,45206,11303,1,698040000,698040000,16951,5650,11301,5650,0,1,5652,3449127
168,5650,4000,6700,26800000,2,45206,11303,1,698040000,698040000,16951,5650,11301,5650,0,1,5652,3326823
168,5650,4000,6700,26800000,2,45206,11303,1,698040000,698040000,16951,5650,11301,5650,0,1,5652,3356003
168,6050,4000,6700,26800000,2,48406,12103,1,732280000,732280000,18151,6050,12101,6050,0,1,6052,49441267
168,6050,4000,6700,26800000,2,48406,12103,1,732280000,732280000,18151,6050,12101,6050,0,1,6052,3671074
168,6050,4000,6700,26800000,2,48406,12103,1,732280000,732280000,18151,6050,12101,6050,0,1,6052,3676287
168,6050,4000,6700,26800000,2,48406,12103,1,732280000,732280000,18151,6050,12101,6050,0,1,6052,3679058
168,6050,4000,6700,26800000,2,48406,12103,1,732280000,732280000,18151,6050,12101,6050,0,1,6052,3680263
168,6050,4000,6700,26800000,2,48406,12103,1,732280000,732280000,18151,6050,12101,6050,0,1,6052,3560015
168,6050,4000,6700,26800000,2,48406,12103,1,732280000,732280000,18151,6050,12101,6050,0,1,6052,3572626
168,6450,4000,6700,26800000,2,51606,12903,1,766520000,766520000,19351,6450,12901,6450,0,1,6452,52648630
168,6450,4000,6700,26800000,2,51606,12903,1,766520000,766520000,19351,6450,12901,6450,0,1,6452,3879891
168,6450,4000,6700,26800000,2,51606,12903,1,766520000,766520000,19351,6450,12901,6450,0,1,6452,3885598
168,6450,4000,6700,26800000,2,51606,12903,1,766520000,766520000,19351,6450,12901,6450,0,1,6452,3886829
168,6450,4000,6700,26800000,2,51606,12903,1,766520000,766520000,19351,6450,12901,6450,0,1,6452,3881142
168,6450,4000,6700,26800000,2,51606,12903,1,766520000,766520000,19351,6450,12901,6450,0,1,6452,3762702
168,6450,4000,6700,26800000,2,51606,12903,1,766520000,766520000,19351,6450,12901,6450,0,1,6452,3788330
168,6850,4000,6700,26800000,2,54806,13703,1,800760000,800760000,20551,6850,13701,6850,0,1,6852,57491944
168,6850,4000,6700,26800000,2,54806,13703,1,800760000,800760000,20551,6850,13701,6850,0,1,6852,4120658
168,6850,4000,6700,26800000,2,54806,13703,1,800760000,800760000,20551,6850,13701,6850,0,1,6852,4130509
168,6850,4000,6700,26800000,2,54806,13703,1,800760000,800760000,20551,6850,13701,6850,0,1,6852,4131750
168,6850,4000,6700,26800000,2,54806,13703,1,800760000,800760000,20551,6850,13701,6850,0,1,6852,4135109
168,6850,4000,6700,26800000,2,54806,13703,1,800760000,800760000,20551,6850,13701,6850,0,1,6852,3980184
168,6850,4000,6700,26800000,2,54806,13703,1,800760000,800760000,20551,6850,13701,6850,0,1,6852,3994157
168,50,4000,6300,25200000,2,406,103,1,205720000,205720000,151,50,101,50,0,1,52,270008
168,50,4000,6300,25200000,2,406,103,1,205720000,205720000,151,50,101,50,0,1,52,218949
168,50,4000,6300,25200000,2,406,103,1,205720000,205720000,151,50,101,50,0,1,52,222808
168,50,4000,6300,25200000,2,406,103,1,205720000,205720000,151,50,101,50,0,1,52,222451
168,50,4000,6300,25200000,2,406,103,1,205720000,205720000,151,50,101,50,0,1,52,203648
168,50,4000,6300,25200000,2,406,103,1,205720000,205720000,151,50,101,50,0,1,52,234900
168,50,4000,6300,25200000,2,406,103,1,205720000,205720000,151,50,101,50,0,1,52,235210
168,450,4000,6300,25200000,2,3606,903,1,238680000,238680000,1351,450,901,450,0,1,452,2543787
168,450,4000,6300,25200000,2,3606,903,1,238680000,238680000,1351,450,901,450,0,1,452,465749
168,450,4000,6300,25200000,2,3606,903,1,238680000,238680000,1351,450,901,450,0,1,452,464347
168,450,4000,6300,25200000,2,3606,903,1,238680000,238680000,1351,450,901,450,0,1,452,468163
168,450,4000,6300,25200000,2,3606,903,1,238680000,238680000,1351,450,901,450,0,1,452,467784
168,450,4000,6300,25200000,2,3606,903,1,238680000,238680000,1351,450,901,450,0,1,452,477671
168,450,4000,6300,25200000,2,3606,903,1,238680000,238680000,1351,450,901,450,0,1,452,478016
168,850,4000,6300,25200000,2,6806,1703,1,271640000,271640000,2551,850,1701,850,0,1,852,5301812
168,850,4000,6300,25200000,2,6806,1703,1,271640000,271640000,2551,850,1701,850,0,1,852,646347
168,850,4000,6300,25200000,2,6806,1703,1,271640000,271640000,2551,850,1701,850,0,1,852,646081
168,850,4000,6300,25200000,2,6806,1703,1,271640000,271640000,2551,850,1701,850,0,1,852,644873
168,850,4000,6300,25200000,2,6806,1703,1,271640000,271640000,2551,850,1701,850,0,1,852,645653
168,850,4000,6300,25200000,2,6806,1703,1,271640000,271640000,2551,850,1701,850,0,1,852,655200
168,850,4000,6300,25200000,2,6806,1703,1,271640000,271640000,2551,850,1701,850,0,1,852,660142
168,1250,4000,6300,25200000,2,10006,2503,1,304600000,304600000,3751,1250,2501,1250,0,1,1252,7762362
168,1250,4000,6300,25200000,2,10006,2503,1,304600000,304600000,3751,1250,2501,1250,0,1,1252,852552
168,1250,4000,6300,25200000,2,10006,2503,1,304600000,304600000,3751,1250,2501,1250,0,1,1252,851215
168,1250,4000,6300,25200000,2,10006,2503,1,304600000,304600000,3751,1250,2501,1250,0,1,1252,852222
168,1250,4000,6300,25200000,2,10006,2503,1,304600000,304600000,3751,1250,2501,1250,0,1,1252,851738
168,1250,4000,6300,25200000,2,10006,2503,1,304600000,304600000,3751,1250,2501,1250,0,1,1252,889029
168,1250,4000,6300,25200000,2,10006,2503,1,304600000,304600000,3751,1250,2501,1250,0,1,1252,889439
168,1650,4000,6300,25200000,2,13206,3303,1,337560000,337560000,4951,1650,3301,1650,0,1,1652,10421050
168,1650,4000,6300,25200000,2,13206,3303,1,337560000,337560000,4951,1650,3301,1650,0,1,1652,1068365
168,1650,4000,6300,25200000,2,13206,3303,1,337560000,337560000,4951,1650,3301,1650,0,1,1652,1069269
168,1650,4000,6300,25200000,2,13206,3303,1,337560000,337560000,4951,1650,3301,1650,0,1,1652,1067521
168,1650,4000,6300,25200000,2,13206,3303,1,337560000,337560000,4951,1650,3301,1650,0,1,1652,1068891
168,1650,4000,6300,25200000,2,13206,3303,1,337560000,337560000,4951,1650,3301,1650,0,1,1652,1090602
168,1650,4000,6300,25200000,2,13206,3303,1,337560000,337560000,4951,1650,3301,1650,0,1,1652,1095745
168,2050,4000,6300,25200000,2,16406,4103,1,370520000,370520000,6151,2050,4101,2050,0,1,2052,13462165
168,2050,4000,6300,25200000,2,16406,4103,1,370520000,370520000,6151,2050,4101,2050,0,1,2052,1279602
168,2050,4000,6300,25200000,2,16406,4103,1,370520000,370520000,6151,2050,4101,2050,0,1,2052,1278583
168,2050,4000,6300,25200000,2,16406,4103,1,370520000,370520000,6151,2050,4101,2050,0,1,2052,1279160
168,2050,4000,6300,25200000,2,16406,4103,1,370520000,370520000,6151,2050,4101,2050,0,1,2052,1277704
168,2050,4000,6300,25200000,2,16406,4103,1,370520000,370520000,6151,2050,4101,2050,0,1,2052,1298597
168,2050,4000,6300,25200000,2,16406,4103,1,370520000,370520000,6151,2050,4101,2050,0,1,2052,1305311
168,2450,4000,6300,25200000,2,19606,4903,1,403480000,403480000,7351,2450,4901,2450,0,1,2452,15368617
168,2450,4000,6300,25200000,2,19606,4903,1,403480000,403480000,7351,2450,4901,2450,0,1,2452,1530416
168,2450,4000,6300,25200000,2,19606,4903,1,403480000,403480000,7351,2450,4901,2450,0,1,2452,1532350
168,2450,4000,6300,25200000,2,19606,4903,1,403480000,403480000,7351,2450,4901,2450,0,1,2452,1533079
168,2450,4000,6300,25200000,2,19606,4903,1,403480000,403480000,7351,2450,4901,2450,0,1,2452,1533775
168,2450,4000,6300,25200000,2,19606,4903,1,403480000,403480000,7351,2450,4901,2450,0,1,2452,1501267
168,2450,4000,6300,25200000,2,19606,4903,1,403480000,403480000,7351,2450,4901,2450,0,1,2452,1528898
168,2850,4000,6300,25200000,2,22806,5703,1,436440000,436440000,8551,2850,5701,2850,0,1,2852,19586301
168,2850,4000,6300,25200000,2,22806,5703,1,436440000,436440000,8551,2850,5701,2850,0,1,2852,1705293
168,2850,4000,6300,25200000,2,22806,5703,1,436440000,436440000,8551,2850,5701,2850,0,1,2852,1702984
168,2850,4000,6300,25200000,2,22806,5703,1,436440000,436440000,8551,2850,5701,2850,0,1,2852,1704617
168,2850,4000,6300,25200000,2,22806,5703,1,436440000,436440000,8551,2850,5701,2850,0,1,2852,1705858
168,2850,4000,6300,25200000,2,22806,5703,1,436440000,436440000,8551,2850,5701,2850,0,1,2852,1695175
168,2850,4000,6300,25200000,2,22806,5703,1,436440000,436440000,8551,2850,5701,2850,0,1,2852,1711065
168,3250,4000,6300,25200000,2,26006,6503,1,469400000,469400000,9751,3250,6501,3250,0,1,3252,21944774
168,3250,4000,6300,25200000,2,26006,6503,1,469400000,469400000,9751,3250,6501,3250,0,1,3252,1948145
168,3250,4000,6300,25200000,2,26006,6503,1,469400000,469400000,9751,3250,6501,3250,0,1,3252,1954809
168,3250,4000,6300,25200000,2,26006,6503,1,469400000,469400000,9751,3250,6501,3250,0,1,3252,1955586
168,3250,4000,6300,25200000,2,26006,6503,1,469400000,469400000,9751,3250,6501,3250,0,1,3252,1932978
168,3250,4000,6300,25200000,2,26006,6503,1,469400000,469400000,9751,3250,6501,3250,0,1,3252,1933375
168,3250,4000,6300,25200000,2,26006,6503,1,469400000,469400000,9751,3250,6501,3250,0,1,3252,1934865
168,3650,4000,6300,25200000,2,29206,7303,1,502360000,502360000,10951,3650,7301,3650,0,1,3652,25951426
168,3650,4000,6300,25200000,2,29206,7303,1,502360000,502360000,10951,3650,7301,3650,0,1,3652,2149993
168,3650,4000,6300,25200000,2,29206,7303,1,502360000,502360000,10951,3650,7301,3650,0,1,3652,2148602
168,3650,4000,6300,25200000,2,29206,7303,1,502360000,502360000,10951,3650,7301,3650,0,1,3652,2146863
168,3650,4000,6300,25200000,2,29206,7303,1,502360000,502360000,10951,3650,7301,3650,0,1,3652,2149345
168,3650,4000,6300,25200000,2,29206,7303,1,502360000,502360000,10951,3650,7301,3650,0,1,3652,2110790
168,3650,4000,6300,25200000,2,29206,7303,1,502360000,502360000,10951,3650,7301,3650,0,1,3652,2130384
168,4050,4000,6300,25200000,2,32406,8103,1,535320000,535320000,12151,4050,8101,4050,0,1,4052,28707842
168,4050,4000,6300,25200000,2,32406,8103,1,535320000,535320000,12151,4050,8101,4050,0,1,4052,2376578
168,4050,4000,6300,25200000,2,32406,8103,1,535320000,535320000,12151,4050,8101,4050,0,1,4052,2381150
168,4050,4000,6300,25200000,2,32406,8103,1,535320000,535320000,12151,4050,8101,4050,0,1,4052,2381871
168,4050,4000,6300,25200000,2,32406,8103,1,535320000,535320000,12151,4050,8101,4050,0,1,4052,2382773
168,4050,4000,6300,25200000,2,32406,8103,1,535320000,535320000,12151,4050,8101,4050,0,1,4052,2314874
168,4050,4000,6300,25200000,2,32406,8103,1,535320000,535320000,12151,4050,8101,4050,0,1,4052,2340442
168,4450,4000,6300,25200000,2,35606,8903,1,568280000,568280000,13351,4450,8901,4450,0,1,4452,30653436
168,4450,4000,6300,25200000,2,35606,8903,1,568280000,568280000,13351,4450,8901,4450,0,1,4452,2587340
168,4450,4000,6300,25200000,2,35606,8903,1,568280000,568280000,13351,4450,8901,4450,0,1,4452,2577138
168,4450,4000,6300,25200000,2,35606,8903,1,568280000,568280000,13351,4450,8901,4450,0,1,4452,2568851
168,4450,4000,6300,25200000,2,35606,8903,1,568280000,568280000,13351,4450,8901,4450,0,1,4452,2581314
168,4450,4000,6300,25200000,2,35606,8903,1,568280000,568280000,13351,4450,8901,4450,0,1,4452,2514802
168,4450,4000,6300,25200000,2,35606,8903,1,568280000,568280000,13351,4450,8901,4450,0,1,4452,2538384
168,4850,4000,6300,25200000,2,38806,9703,1,601240000,601240000,14551,4850,9701,4850,0,1,4852,36217052
168,4850,4000,6300,25200000,2,38806,9703,1,601240000,601240000,14551,4850,9701,4850,0,1,4852,2806613
168,4850,4000,6300,25200000,2,38806,9703,1,601240000,601240000,14551,4850,9701,4850,0,1,4852,2800987
168,4850,4000,6300,25200000,2,38806,9703,1,601240000,601240000,14551,4850,9701,4850,0,1,4852,2799873
168,4850,4000,6300,25200000,2,38806,9703,1,601240000,601240000,14551,4850,9701,4850,0,1,4852,2805585
168,4850,4000,6300,25200000,2,38806,9703,1,601240000,601240000,14551,4850,9701,4850,0,1,4852,2712423
168,4850,4000,6300,25200000,2,38806,9703,1,601240000,601240000,14551,4850,9701,4850,0,1,4852,2740840
168,5250,4000,6300,25200000,2,42006,10503,1,634200000,634200000,15751,5250,10501,5250,0,1,5252,39587466
168,5250,4000,6300,25200000,2,42006,10503,1,634200000,634200000,15751,5250,10501,5250,0,1,5252,3050357
168,5250,4000,6300,25200000,2,42006,10503,1,634200000,634200000,15751,5250,10501,5250,0,1,5252,3052194
168,5250,4000,6300,25200000,2,42006,10503,1,634200000,634200000,15751,5250,10501,5250,0,1,5252,3054475
168,5250,4000,6300,25200000,2,42006,10503,1,634200000,634200000,15751,5250,10501,5250,0,1,5252,3055525
168,5250,4000,6300,25200000,2,42006,10503,1,634200000,634200000,15751,5250,10501,5250,0,1,5252,2950638
168,5250,4000,6300,25200000,2,42006,10503,1,634200000,634200000,15751,5250,10501,5250,0,1,5252,2960739
168,5650,4000,6300,25200000,2,45206,11303,1,667160000,667160000,16951,5650,11301,5650,0,1,5652,41321095
168,5650,4000,6300,25200000,2,45206,11303,1,667160000,667160000,16951,5650,11301,5650,0,1,5652,3236110
168,5650,4000,6300,25200000,2,45206,11303,1,667160000,667160000,16951,5650,11301,5650,0,1,5652,3244935
168,5650,4000,6300,25200000,2,45206,11303,1,667160000,667160000,16951,5650,11301,5650,0,1,5652,3246029
168,5650,4000,6300,25200000,2,45206,11303,1,667160000,667160000,16951,5650,11301,5650,0,1,5652,3248889
168,5650,4000,6300,25200000,2,45206,11303,1,667160000,667160000,16951,5650,11301,5650,0,1,5652,3135747
168,5650,4000,6300,25200000,2,45206,11303,1,667160000,667160000,16951,5650,11301,5650,0,1,5652,3167168
168,6050,4000,6300,25200000,2,48406,12103,1,700120000,700120000,18151,6050,12101,6050,0,1,6052,44498917
168,6050,4000,6300,25200000,2,48406,12103,1,700120000,700120000,18151,6050,12101,6050,0,1,6052,3460450
168,6050,4000,6300,25200000,2,48406,12103,1,700120000,700120000,18151,6050,12101,6050,0,1,6052,3461596
168,6050,4000,6300,25200000,2,48406,12103,1,700120000,700120000,18151,6050,12101,6050,0,1,6052,3453243
168,6050,4000,6300,25200000,2,48406,12103,1,700120000,700120000,18151,6050,12101,6050,0,1,6052,3455260
168,6050,4000,6300,25200000,2,48406,12103,1,700120000,700120000,18151,6050,12101,6050,0,1,6052,3357904
168,6050,4000,6300,25200000,2,48406,12103,1,700120000,700120000,18151,6050,12101,6050,0,1,6052,3376848
168,6450,4000,6300,25200000,2,51606,12903,1,733080000,733080000,19351,6450,12901,6450,0,1,6452,48516094
168,6450,4000,6300,25200000,2,51606,12903,1,733080000,733080000,19351,6450,12901,6450,0,1,6452,3693495
168,6450,4000,6300,25200000,2,51606,12903,1,733080000,733080000,19351,6450,12901,6450,0,1,6452,3694685
168,6450,4000,6300,25200000,2,51606,12903,1,733080000,733080000,19351,6450,12901,6450,0,1,6452,3683139
168,6450,4000,6300,25200000,2,51606,12903,1,733080000,733080000,19351,6450,12901,6450,0,1,6452,3688120
168,6450,4000,6300,25200000,2,51606,12903,1,733080000,733080000,19351,6450,12901,6450,0,1,6452,3538090
168,6450,4000,6300,25200000,2,51606,12903,1,733080000,733080000,19351,6450,12901,6450,0,1,6452,3575164
168,6850,4000,6300,25200000,2,54806,13703,1,766040000,766040000,20551,6850,13701,6850,0,1,6852,51606272
168,6850,4000,6300,25200000,2,54806,13703,1,766040000,766040000,20551,6850,13701,6850,0,1,6852,3885900
168,6850,4000,6300,25200000,2,54806,13703,1,766040000,766040000,20551,6850,13701,6850,0,1,6852,3893519
168,6850,4000,6300,25200000,2,54806,13703,1,766040000,766040000,20551,6850,13701,6850,0,1,6852,3931994
168,6850,4000,6300,25200000,2,54806,13703,1,766040000,766040000,20551,6850,13701,6850,0,1,6852,3933424
168,6850,4000,6300,25200000,2,54806,13703,1,766040000,766040000,20551,6850,13701,6850,0,1,6852,3751877
168,6850,4000,6300,25200000,2,54806,13703,1,766040000,766040000,20551,6850,13701,6850,0,1,6852,3770042
168,50,4000,5900,23600000,2,406,103,1,192760000,192760000,151,50,101,50,0,1,52,249511
168,50,4000,5900,23600000,2,406,103,1,192760000,192760000,151,50,101,50,0,1,52,217533
168,50,4000,5900,23600000,2,406,103,1,192760000,192760000,151,50,101,50,0,1,52,217892
168,50,4000,5900,23600000,2,406,103,1,192760000,192760000,151,50,101,50,0,1,52,199677
168,50,4000,5900,23600000,2,406,103,1,192760000,192760000,151,50,101,50,0,1,52,215151
168,50,4000,5900,23600000,2,406,103,1,192760000,192760000,151,50,101,50,0,1,52,229810
168,50,4000,5900,23600000,2,406,103,1,192760000,192760000,151,50,101,50,0,1,52,231554
168,450,4000,5900,23600000,2,3606,903,1,224440000,224440000,1351,450,901,450,0,1,452,2395075
168,450,4000,5900,23600000,2,3606,903,1,224440000,224440000,1351,450,901,450,0,1,452,423086
168,450,4000,5900,23600000,2,3606,903,1,224440000,224440000,1351,450,901,450,0,1,452,421864
168,450,4000,5900,23600000,2,3606,903,1,224440000,224440000,1351,450,901,450,0,1,452,420594
168,450,4000,5900,23600000,2,3606,903,1,224440000,224440000,1351,450,901,450,0,1,452,422877
168,450,4000,5900,23600000,2,3606,903,1,224440000,224440000,1351,450,901,450,0,1,452,422674
168,450,4000,5900,23600000,2,3606,903,1,224440000,224440000,1351,450,901,450,0,1,452,424060
168,850,4000,5900,23600000,2,6806,1703,1,256120000,256120000,2551,850,1701,850,0,1,852,4830177
168,850,4000,5900,23600000,2,6806,1703,1,256120000,256120000,2551,850,1701,850,0,1,852,601236
168,850,4000,5900,23600000,2,6806,1703,1,256120000,256120000,2551,850,1701,850,0,1,852,602577
168,850,4000,5900,23600000,2,6806,1703,1,256120000,256120000,2551,850,1701,850,0,1,852,600468
168,850,4000,5900,23600000,2,6806,1703,1,256120000,256120000,2551,850,1701,850,0,1,852,601968
168,850,4000,5900,23600000,2,6806,1703,1,256120000,256120000,2551,850,1701,850,0,1,852,611222
168,850,4000,5900,23600000,2,6806,1703,1,256120000,256120000,2551,850,1701,850,0,1,852,615302
168,1250,4000,5900,23600000,2,10006,2503,1,287800000,287800000,3751,1250,2501,1250,0,1,1252,7152206
168,1250,4000,5900,23600000,2,10006,2503,1,287800000,287800000,3751,1250,2501,1250,0,1,1252,819555
168,1250,4000,5900,23600000,2,10006,2503,1,287800000,287800000,3751,1250,2501,1250,0,1,1252,811270
168,1250,4000,5900,23600000,2,10006,2503,1,287800000,287800000,3751,1250,2501,1250,0,1,1252,802108
168,1250,4000,5900,23600000,2,10006,2503,1,287800000,287800000,3751,1250,2501,1250,0,1,1252,802979
168,1250,4000,5900,23600000,2,10006,2503,1,287800000,287800000,3751,1250,2501,1250,0,1,1252,850075
168,1250,4000,5900,23600000,2,10006,2503,1,287800000,287800000,3751,1250,2501,1250,0,1,1252,845337
168,1650,4000,5900,23600000,2,13206,3303,1,319480000,319480000,4951,1650,3301,1650,0,1,1652,10454985
168,1650,4000,5900,23600000,2,13206,3303,1,319480000,319480000,4951,1650,3301,1650,0,1,1652,997016
168,1650,4000,5900,23600000,2,13206,3303,1,319480000,319480000,4951,1650,3301,1650,0,1,1652,997686
168,1650,4000,5900,23600000,2,13206,3303,1,319480000,319480000,4951,1650,3301,1650,0,1,1652,1010048
168,1650,4000,5900,23600000,2,13206,3303,1,319480000,319480000,4951,1650,3301,1650,0,1,1652,1010639
168,1650,4000,5900,23600000,2,13206,3303,1,319480000,319480000,4951,1650,3301,1650,0,1,1652,1034703
168,1650,4000,5900,23600000,2,13206,3303,1,319480000,319480000,4951,1650,3301,1650,0,1,1652,1040263
168,2050,4000,5900,23600000,2,16406,4103,1,351160000,351160000,6151,2050,4101,2050,0,1,2052,13029911
168,2050,4000,5900,23600000,2,16406,4103,1,351160000,351160000,6151,2050,4101,2050,0,1,2052,1199676
168,2050,4000,5900,23600000,2,16406,4103,1,351160000,351160000,6151,2050,4101,2050,0,1,2052,1197278
168,2050,4000,5900,23600000,2,16406,4103,1,351160000,351160000,6151,2050,4101,2050,0,1,2052,1198668
168,2050,4000,5900,23600000,2,16406,4103,1,351160000,351160000,6151,2050,4101,2050,0,1,2052,1199242
168,2050,4000,5900,23600000,2,16406,4103,1,351160000,351160000,6151,2050,4101,2050,0,1,2052,1222713
168,2050,4000,5900,23600000,2,16406,4103,1,351160000,351160000,6151,2050,4101,2050,0,1,2052,1227424
168,2450,4000,5900,23600000,2,19606,4903,1,382840000,382840000,7351,2450,4901,2450,0,1,2452,14858878
168,2450,4000,5900,23600000,2,19606,4903,1,382840000,382840000,7351,2450,4901,2450,0,1,2452,1412258
168,2450,4000,5900,23600000,2,19606,4903,1,382840000,382840000,7351,2450,4901,2450,0,1,2452,1412873
168,2450,4000,5900,23600000,2,19606,4903,1,382840000,382840000,7351,2450,4901,2450,0,1,2452,1413392
168,2450,4000,5900,23600000,2,19606,4903,1,382840000,382840000,7351,2450,4901,2450,0,1,2452,1411632
168,2450,4000,5900,23600000,2,19606,4903,1,382840000,382840000,7351,2450,4901,2450,0,1,2452,1409742
168,2450,4000,5900,23600000,2,19606,4903,1,382840000,382840000,7351,2450,4901,2450,0,1,2452,1417007
168,2850,4000,5900,23600000,2,22806,5703,1,414520000,414520000,8551,2850,5701,2850,0,1,2852,17781727
168,2850,4000,5900,23600000,2,22806,5703,1,414520000,414520000,8551,2850,5701,2850,0,1,2852,1631785
168,2850,4000,5900,23600000,2,22806,5703,1,414520000,414520000,8551,2850,5701,2850,0,1,2852,1616416
168,2850,4000,5900,23600000,2,22806,5703,1,414520000,414520000,8551,2850,5701,2850,0,1,2852,1626757
168,2850,4000,5900,23600000,2,22806,5703,1,414520000,414520000,8551,2850,5701,2850,0,1,2852,1629296
168,2850,4000,5900,23600000,2,22806,5703,1,414520000,414520000,8551,2850,5701,2850,0,1,2852,1627982
168,2850,4000,5900,23600000,2,22806,5703,1,414520000,414520000,8551,2850,5701,2850,0,1,2852,1632358
168,3250,4000,5900,23600000,2,26006,6503,1,446200000,446200000,9751,3250,6501,3250,0,1,3252,20394356
168,3250,4000,5900,23600000,2,26006,6503,1,446200000,446200000,9751,3250,6501,3250,0,1,3252,1815266
168,3250,4000,5900,23600000,2,26006,6503,1,446200000,446200000,9751,3250,6501,3250,0,1,3252,1814556
168,3250,4000,5900,23600000,2,26006,6503,1,446200000,446200000,9751,3250,6501,3250,0,1,3252,1811340
168,3250,4000,5900,23600000,2,26006,6503,1,446200000,446200000,9751,3250,6501,3250,0,1,3252,1815849
168,3250,4000,5900,23600000,2,26006,6503,1,446200000,446200000,9751,3250,6501,3250,0,1,3252,1784645
168,3250,4000,5900,23600000,2,26006,6503,1,446200000,446200000,9751,3250,6501,3250,0,1,3252,1802443
168,3650,4000,5900,23600000,2,29206,7303,1,477880000,477880000,10951,3650,7301,3650,0,1,3652,24520302
168,3650,4000,5900,23600000,2,29206,7303,1,477880000,477880000,10951,3650,7301,3650,0,1,3652,2026587
168,3650,4000,5900,23600000,2,29206,7303,1,477880000,477880000,10951,3650,7301,3650,0,1,3652,2036754
168,3650,4000,5900,23600000,2,29206,7303,1,477880000,477880000,10951,3650,7301,3650,0,1,3652,2040041
168,3650,4000,5900,23600000,2,29206,7303,1,477880000,477880000,10951,3650,7301,3650,0,1,3652,2042144
168,3650,4000,5900,23600000,2,29206,7303,1,477880000,477880000,10951,3650,7301,3650,0,1,3652,1987599
168,3650,4000,5900,23600000,2,29206,7303,1,477880000,477880000,10951,3650,7301,3650,0,1,3652,2020914
168,4050,4000,5900,23600000,2,32406,8103,1,509560000,509560000,12151,4050,8101,4050,0,1,4052,26100404
168,4050,4000,5900,23600000,2,32406,8103,1,509560000,509560000,12151,4050,8101,4050,0,1,4052,2230053
168,4050,4000,5900,23600000,2,32406,8103,1,509560000,509560000,12151,4050,8101,4050,0,1,4052,2238764
168,4050,4000,5900,23600000,2,32406,8103,1,509560000,509560000,12151,4050,8101,4050,0,1,4052,2237132
168,4050,4000,5900,23600000,2,32406,8103,1,509560000,509560000,12151,4050,8101,4050,0,1,4052,2241169
168,4050,4000,5900,23600000,2,32406,8103,1,509560000,509560000,12151,4050,8101,4050,0,1,4052,2187638
168,4050,4000,5900,23600000,2,32406,8103,1,509560000,509560000,12151,4050,8101,4050,0,1,4052,2212392
168,4450,4000,5900,23600000,2,35606,8903,1,541240000,541240000,13351,4450,8901,4450,0,1,4452,30789096
168,4450,4000,5900,23600000,2,35606,8903,1,541240000,541240000,13351,4450,8901,4450,0,1,4452,2405101
168,4450,4000,5900,23600000,2,35606,8903,1,541240000,541240000,13351,4450,8901,4450,0,1,4452,2408968
168,4450,4000,5900,23600000,2,35606,8903,1,541240000,541240000,13351,4450,8901,4450,0,1,4452,2405865
168,4450,4000,5900,23600000,2,35606,8903,1,541240000,541240000,13351,4450,8901,4450,0,1,4452,2409910
168,4450,4000,5900,23600000,2,35606,8903,1,541240000,541240000,13351,4450,8901,4450,0,1,4452,2351033
168,4450,4000,5900,23600000,2,35606,8903,1,541240000,541240000,13351,4450,8901,4450,0,1,4452,2370910
168,4850,4000,5900,23600000,2,38806,9703,1,572920000,572920000,14551,4850,9701,4850,0,1,4852,33396929
168,4850,4000,5900,23600000,2,38806,9703,1,572920000,572920000,14551,4850,9701,4850,0,1,4852,2611811
168,4850,4000,5900,23600000,2,38806,9703,1,572920000,572920000,14551,4850,9701,4850,0,1,4852,2629543
168,4850,4000,5900,23600000,2,38806,9703,1,572920000,572920000,14551,4850,9701,4850,0,1,4852,2631644
168,4850,4000,5900,23600000,2,38806,9703,1,572920000,572920000,14551,4850,9701,4850,0,1,4852,2632676
168,4850,4000,5900,23600000,2,38806,9703,1,572920000,572920000,14551,4850,9701,4850,0,1,4852,2548592
168,4850,4000,5900,23600000,2,38806,9703,1,572920000,572920000,14551,4850,9701,4850,0,1,4852,2577629
168,5250,4000,5900,23600000,2,42006,10503,1,604600000,604600000,15751,5250,10501,5250,0,1,5252,35823893
168,5250,4000,5900,23600000,2,42006,10503,1,604600000,604600000,15751,5250,10501,5250,0,1,5252,2847341
168,5250,4000,5900,23600000,2,42006,10503,1,604600000,604600000,15751,5250,10501,5250,0,1,5252,2848408
168,5250,4000,5900,23600000,2,42006,10503,1,604600000,604600000,15751,5250,10501,5250,0,1,5252,2849487
168,5250,4000,5900,23600000,2,42006,10503,1,604600000,604600000,15751,5250,10501,5250,0,1,5252,2839309
168,5250,4000,5900,23600000,2,42006,10503,1,604600000,604600000,15751,5250,10501,5250,0,1,5252,2764036
168,5250,4000,5900,23600000,2,42006,10503,1,604600000,604600000,15751,5250,10501,5250,0,1,5252,2785044
168,5650,4000,5900,23600000,2,45206,11303,1,636280000,636280000,16951,5650,11301,5650,0,1,5652,41071628
168,5650,4000,5900,23600000,2,45206,11303,1,636280000,636280000,16951,5650,11301,5650,0,1,5652,3037196
168,5650,4000,5900,23600000,2,45206,11303,1,636280000,636280000,16951,5650,11301,5650,0,1,5652,3020173
168,5650,4000,5900,23600000,2,45206,11303,1,636280000,636280000,16951,5650,11301,5650,0,1,5652,3031635
168,5650,4000,5900,23600000,2,45206,11303,1,636280000,636280000,16951,5650,11301,5650,0,1,5652,3039962
168,5650,4000,5900,23600000,2,45206,11303,1,636280000,636280000,16951,5650,11301,5650,0,1,5652,2932713
168,5650,4000,5900,23600000,2,45206,11303,1,636280000,636280000,16951,5650,11301,5650,0,1,5652,2970055
168,6050,4000,5900,23600000,2,48406,12103,1,667960000,667960000,18151,6050,12101,6050,0,1,6052,41669102
168,6050,4000,5900,23600000,2,48406,12103,1,667960000,667960000,18151,6050,12101,6050,0,1,6052,3273916
168,6050,4000,5900,23600000,2,48406,12103,1,667960000,667960000,18151,6050,12101,6050,0,1,6052,3272578
168,6050,4000,5900,23600000,2,48406,12103,1,667960000,667960000,18151,6050,12101,6050,0,1,6052,3262120
168,6050,4000,5900,23600000,2,48406,12103,1,667960000,667960000,18151,6050,12101,6050,0,1,6052,3270362
168,6050,4000,5900,23600000,2,48406,12103,1,667960000,667960000,18151,6050,12101,6050,0,1,6052,3138654
168,6050,4000,5900,23600000,2,48406,12103,1,667960000,667960000,18151,6050,12101,6050,0,1,6052,3170122
168,6450,4000,5900,23600000,2,51606,12903,1,699640000,699640000,19351,6450,12901,6450,0,1,6452,45272233
168,6450,4000,5900,23600000,2,51606,12903,1,699640000,699640000,19351,6450,12901,6450,0,1,6452,3469194
168,6450,4000,5900,23600000,2,51606,12903,1,699640000,699640000,19351,6450,12901,6450,0,1,6452,3472374
168,6450,4000,5900,23600000,2,51606,12903,1,699640000,699640000,19351,6450,12901,6450,0,1,6452,3445960
168,6450,4000,5900,23600000,2,51606,12903,1,699640000,699640000,19351,6450,12901,6450,0,1,6452,3467266
168,6450,4000,5900,23600000,2,51606,12903,1,699640000,699640000,19351,6450,12901,6450,0,1,6452,3331700
168,6450,4000,5900,23600000,2,51606,12903,1,699640000,699640000,19351,6450,12901,6450,0,1,6452,3362528
168,6850,4000,5900,23600000,2,54806,13703,1,731320000,731320000,20551,6850,13701,6850,0,1,6852,47534523
168,6850,4000,5900,23600000,2,54806,13703,1,731320000,731320000,20551,6850,13701,6850,0,1,6852,3634743
168,6850,4000,5900,23600000,2,54806,13703,1,731320000,731320000,20551,6850,13701,6850,0,1,6852,3647933
168,6850,4000,5900,23600000,2,54806,13703,1,731320000,731320000,20551,6850,13701,6850,0,1,6852,3652016
168,6850,4000,5900,23600000,2,54806,13703,1,731320000,731320000,20551,6850,13701,6850,0,1,6852,3655158
168,6850,4000,5900,23600000,2,54806,13703,1,731320000,731320000,20551,6850,13701,6850,0,1,6852,3526299
168,6850,4000,5900,23600000,2,54806,13703,1,731320000,731320000,20551,6850,13701,6850,0,1,6852,3557211
168,50,4000,5500,22000000,2,406,103,1,179800000,179800000,151,50,101,50,0,1,52,230793
168,50,4000,5500,22000000,2,406,103,1,179800000,179800000,151,50,101,50,0,1,52,178330
168,50,4000,5500,22000000,2,406,103,1,179800000,179800000,151,50,101,50,0,1,52,196619
168,50,4000,5500,22000000,2,406,103,1,179800000,179800000,151,50,101,50,0,1,52,192665
168,50,4000,5500,22000000,2,406,103,1,179800000,179800000,151,50,101,50,0,1,52,196263
168,50,4000,5500,22000000,2,406,103,1,179800000,179800000,151,50,101,50,0,1,52,217951
168,50,4000,5500,22000000,2,406,103,1,179800000,179800000,151,50,101,50,0,1,52,218259
168,450,4000,5500,22000000,2,3606,903,1,210200000,210200000,1351,450,901,450,0,1,452,2269111
168,450,4000,5500,22000000,2,3606,903,1,210200000,210200000,1351,450,901,450,0,1,452,388831
168,450,4000,5500,22000000,2,3606,903,1,210200000,210200000,1351,450,901,450,0,1,452,389021
168,450,4000,5500,22000000,2,3606,903,1,210200000,210200000,1351,450,901,450,0,1,452,387582
168,450,4000,5500,22000000,2,3606,903,1,210200000,210200000,1351,450,901,450,0,1,452,389345
168,450,4000,5500,22000000,2,3606,903,1,210200000,210200000,1351,450,901,450,0,1,452,389758
168,450,4000,5500,22000000,2,3606,903,1,210200000,210200000,1351,450,901,450,0,1,452,391537
168,850,4000,5500,22000000,2,6806,1703,1,240600000,240600000,2551,850,1701,850,0,1,852,4394315
168,850,4000,5500,22000000,2,6806,1703,1,240600000,240600000,2551,850,1701,850,0,1,852,565749
168,850,4000,5500,22000000,2,6806,1703,1,240600000,240600000,2551,850,1701,850,0,1,852,567217
168,850,4000,5500,22000000,2,6806,1703,1,240600000,240600000,2551,850,1701,850,0,1,852,566521
168,850,4000,5500,22000000,2,6806,1703,1,240600000,240600000,2551,850,1701,850,0,1,852,566951
168,850,4000,5500,22000000,2,6806,1703,1,240600000,240600000,2551,850,1701,850,0,1,852,575929
168,850,4000,5500,22000000,2,6806,1703,1,240600000,240600000,2551,850,1701,850,0,1,852,579975
168,1250,4000,5500,22000000,2,10006,2503,1,271000000,271000000,3751,1250,2501,1250,0,1,1252,6919465
168,1250,4000,5500,22000000,2,10006,2503,1,271000000,271000000,3751,1250,2501,1250,0,1,1252,751879
168,1250,4000,5500,22000000,2,10006,2503,1,271000000,271000000,3751,1250,2501,1250,0,1,1252,750671
168,1250,4000,5500,22000000,2,10006,2503,1,271000000,271000000,3751,1250,2501,1250,0,1,1252,752404
168,1250,4000,5500,22000000,2,10006,2503,1,271000000,271000000,3751,1250,2501,1250,0,1,1252,752731
168,1250,4000,5500,22000000,2,10006,2503,1,271000000,271000000,3751,1250,2501,1250,0,1,1252,779406
168,1250,4000,5500,22000000,2,10006,2503,1,271000000,271000000,3751,1250,2501,1250,0,1,1252,781357
168,1650,4000,5500,22000000,2,13206,3303,1,301400000,301400000,4951,1650,3301,1650,0,1,1652,9718453
168,1650,4000,5500,22000000,2,13206,3303,1,301400000,301400000,4951,1650,3301,1650,0,1,1652,963788
168,1650,4000,5500,22000000,2,13206,3303,1,301400000,301400000,4951,1650,3301,1650,0,1,1652,967903
168,1650,4000,5500,22000000,2,13206,3303,1,301400000,301400000,4951,1650,3301,1650,0,1,1652,968484
168,1650,4000,5500,22000000,2,13206,3303,1,301400000,301400000,4951,1650,3301,1650,0,1,1652,963339
168,1650,4000,5500,22000000,2,13206,3303,1,301400000,301400000,4951,1650,3301,1650,0,1,1652,994224
168,1650,4000,5500,22000000,2,13206,3303,1,301400000,301400000,4951,1650,3301,1650,0,1,1652,998399
168,2050,4000,5500,22000000,2,16406,4103,1,331800000,331800000,6151,2050,4101,2050,0,1,2052,12244680
168,2050,4000,5500,22000000,2,16406,4103,1,331800000,331800000,6151,2050,4101,2050,0,1,2052,1121086
168,2050,4000,5500,22000000,2,16406,4103,1,331800000,331800000,6151,2050,4101,2050,0,1,2052,1119178
168,2050,4000,5500,22000000,2,16406,4103,1,331800000,331800000,6151,2050,4101,2050,0,1,2052,1120060
168,2050,4000,5500,22000000,2,16406,4103,1,331800000,331800000,6151,2050,4101,2050,0,1,2052,1120634
168,2050,4000,5500,22000000,2,16406,4103,1,331800000,331800000,6151,2050,4101,2050,0,1,2052,1152439
168,2050,4000,5500,22000000,2,16406,4103,1,331800000,331800000,6151,2050,4101,2050,0,1,2052,1154941
168,2450,4000,5500,22000000,2,19606,4903,1,362200000,362200000,7351,2450,4901,2450,0,1,2452,14526065
168,2450,4000,5500,22000000,2,19606,4903,1,362200000,362200000,7351,2450,4901,2450,0,1,2452,1307765
168,2450,4000,5500,22000000,2,19606,4903,1,362200000,362200000,7351,2450,4901,2450,0,1,2452,1306227
168,2450,4000,5500,22000000,2,19606,4903,1,362200000,362200000,7351,2450,4901,2450,0,1,2452,1307251
168,2450,4000,5500,22000000,2,19606,4903,1,362200000,362200000,7351,2450,4901,2450,0,1,2452,1306739
168,2450,4000,5500,22000000,2,19606,4903,1,362200000,362200000,7351,2450,4901,2450,0,1,2452,1330984
168,2450,4000,5500,22000000,2,19606,4903,1,362200000,362200000,7351,2450,4901,2450,0,1,2452,1337564
168,2850,4000,5500,22000000,2,22806,5703,1,392600000,392600000,8551,2850,5701,2850,0,1,2852,17288280
168,2850,4000,5500,22000000,2,22806,5703,1,392600000,392600000,8551,2850,5701,2850,0,1,2852,1539983
168,2850,4000,5500,22000000,2,22806,5703,1,392600000,392600000,8551,2850,5701,2850,0,1,2852,1537920
168,2850,4000,5500,22000000,2,22806,5703,1,392600000,392600000,8551,2850,5701,2850,0,1,2852,1534695
168,2850,4000,5500,22000000,2,22806,5703,1,392600000,392600000,8551,2850,5701,2850,0,1,2852,1539264
168,2850,4000,5500,22000000,2,22806,5703,1,392600000,392600000,8551,2850,5701,2850,0,1,2852,1541570
168,2850,4000,5500,22000000,2,22806,5703,1,392600000,392600000,8551,2850,5701,2850,0,1,2852,1540322
168,3250,4000,5500,22000000,2,26006,6503,1,423000000,423000000,9751,3250,6501,3250,0,1,3252,18611438
168,3250,4000,5500,22000000,2,26006,6503,1,423000000,423000000,9751,3250,6501,3250,0,1,3252,1706649
168,3250,4000,5500,22000000,2,26006,6503,1,423000000,423000000,9751,3250,6501,3250,0,1,3252,1705984
168,3250,4000,5500,22000000,2,26006,6503,1,423000000,423000000,9751,3250,6501,3250,0,1,3252,1704605
168,3250,4000,5500,22000000,2,26006,6503,1,423000000,423000000,9751,3250,6501,3250,0,1,3252,1707451
168,3250,4000,5500,22000000,2,26006,6503,1,423000000,423000000,9751,3250,6501,3250,0,1,3252,1681651
168,3250,4000,5500,22000000,2,26006,6503,1,423000000,423000000,9751,3250,6501,3250,0,1,3252,1702764
168,3650,4000,5500,22000000,2,29206,7303,1,453400000,453400000,10951,3650,7301,3650,0,1,3652,22113916
168,3650,4000,5500,22000000,2,29206,7303,1,453400000,453400000,10951,3650,7301,3650,0,1,3652,1910913
168,3650,4000,5500,22000000,2,29206,7303,1,453400000,453400000,10951,3650,7301,3650,0,1,3652,1911769
168,3650,4000,5500,22000000,2,29206,7303,1,453400000,453400000,10951,3650,7301,3650,0,1,3652,1902355
168,3650,4000,5500,22000000,2,29206,7303,1,453400000,453400000,10951,3650,7301,3650,0,1,3652,1905381
168,3650,4000,5500,22000000,2,29206,7303,1,453400000,453400000,10951,3650,7301,3650,0,1,3652,1892348
168,3650,4000,5500,22000000,2,29206,7303,1,453400000,453400000,10951,3650,7301,3650,0,1,3652,1893314
168,4050,4000,5500,22000000,2,32406,8103,1,483800000,483800000,12151,4050,8101,4050,0,1,4052,24684435
168,4050,4000,5500,22000000,2,32406,8103,1,483800000,483800000,12151,4050,8101,4050,0,1,4052,2064846
168,4050,4000,5500,22000000,2,32406,8103,1,483800000,483800000,12151,4050,8101,4050,0,1,4052,2064024
168,4050,4000,5500,22000000,2,32406,8103,1,483800000,483800000,12151,4050,8101,4050,0,1,4052,2062260
168,4050,4000,5500,22000000,2,32406,8103,1,483800000,483800000,12151,4050,8101,4050,0,1,4052,2065535
168,4050,4000,5500,22000000,2,32406,8103,1,483800000,483800000,12151,4050,8101,4050,0,1,4052,2035790
168,4050,4000,5500,22000000,2,32406,8103,1,483800000,483800000,12151,4050,8101,4050,0,1,4052,2059546
168,4450,4000,5500,22000000,2,35606,8903,1,514200000,514200000,13351,4450,8901,4450,0,1,4452,28555568
168,4450,4000,5500,22000000,2,35606,8903,1,514200000,514200000,13351,4450,8901,4450,0,1,4452,2280293
168,4450,4000,5500,22000000,2,35606,8903,1,514200000,514200000,13351,4450,8901,4450,0,1,4452,2281254
168,4450,4000,5500,22000000,2,35606,8903,1,514200000,514200000,13351,4450,8901,4450,0,1,4452,2275555
168,4450,4000,5500,22000000,2,35606,8903,1,514200000,514200000,13351,4450,8901,4450,0,1,4452,2277151
168,4450,4000,5500,22000000,2,35606,8903,1,514200000,514200000,13351,4450,8901,4450,0,1,4452,2235222
168,4450,4000,5500,22000000,2,35606,8903,1,514200000,514200000,13351,4450,8901,4450,0,1,4452,2259312
168,4850,4000,5500,22000000,2,38806,9703,1,544600000,544600000,14551,4850,9701,4850,0,1,4852,30716365
168,4850,4000,5500,22000000,2,38806,9703,1,544600000,544600000,14551,4850,9701,4850,0,1,4852,2475552
168,4850,4000,5500,22000000,2,38806,9703,1,544600000,544600000,14551,4850,9701,4850,0,1,4852,2476568
168,4850,4000,5500,22000000,2,38806,9703,1,544600000,544600000,14551,4850,9701,4850,0,1,4852,2464535
168,4850,4000,5500,22000000,2,38806,9703,1,544600000,544600000,14551,4850,9701,4850,0,1,4852,2471286
168,4850,4000,5500,22000000,2,38806,9703,1,544600000,544600000,14551,4850,9701,4850,0,1,4852,2421583
168,4850,4000,5500,22000000,2,38806,9703,1,544600000,544600000,14551,4850,9701,4850,0,1,4852,2425196
168,5250,4000,5500,22000000,2,42006,10503,1,575000000,575000000,15751,5250,10501,5250,0,1,5252,33795601
168,5250,4000,5500,22000000,2,42006,10503,1,575000000,575000000,15751,5250,10501,5250,0,1,5252,2614630
168,5250,4000,5500,22000000,2,42006,10503,1,575000000,575000000,15751,5250,10501,5250,0,1,5252,2609496
168,5250,4000,5500,22000000,2,42006,10503,1,575000000,575000000,15751,5250,10501,5250,0,1,5252,2613655
168,5250,4000,5500,22000000,2,42006,10503,1,575000000,575000000,15751,5250,10501,5250,0,1,5252,2615491
168,5250,4000,5500,22000000,2,42006,10503,1,575000000,575000000,15751,5250,10501,5250,0,1,5252,2552551
168,5250,4000,5500,22000000,2,42006,10503,1,575000000,575000000,15751,5250,10501,5250,0,1,5252,2576532
168,5650,4000,5500,22000000,2,45206,11303,1,605400000,605400000,16951,5650,11301,5650,0,1,5652,36100271
168,5650,4000,5500,22000000,2,45206,11303,1,605400000,605400000,16951,5650,11301,5650,0,1,5652,2858622
168,5650,4000,5500,22000000,2,45206,11303,1,605400000,605400000,16951,5650,11301,5650,0,1,5652,2849142
168,5650,4000,5500,22000000,2,45206,11303,1,605400000,605400000,16951,5650,11301,5650,0,1,5652,2852824
168,5650,4000,5500,22000000,2,45206,11303,1,605400000,605400000,16951,5650,11301,5650,0,1,5652,2857457
168,5650,4000,5500,22000000,2,45206,11303,1,605400000,605400000,16951,5650,11301,5650,0,1,5652,2758280
168,5650,4000,5500,22000000,2,45206,11303,1,605400000,605400000,16951,5650,11301,5650,0,1,5652,2784349
168,6050,4000,5500,22000000,2,48406,12103,1,635800000,635800000,18151,6050,12101,6050,0,1,6052,39873407
168,6050,4000,5500,22000000,2,48406,12103,1,635800000,635800000,18151,6050,12101,6050,0,1,6052,3046940
168,6050,4000,5500,22000000,2,48406,12103,1,635800000,635800000,18151,6050,12101,6050,0,1,6052,3033275
168,6050,4000,5500,22000000,2,48406,12103,1,635800000,635800000,18151,6050,12101,6050,0,1,6052,3042085
168,6050,4000,5500,22000000,2,48406,12103,1,635800000,635800000,18151,6050,12101,6050,0,1,6052,3043534
168,6050,4000,5500,22000000,2,48406,12103,1,635800000,635800000,18151,6050,12101,6050,0,1,6052,2935044
168,6050,4000,5500,22000000,2,48406,12103,1,635800000,635800000,18151,6050,12101,6050,0,1,6052,2961723
168,6450,4000,5500,22000000,2,51606,12903,1,666200000,666200000,19351,6450,12901,6450,0,1,6452,42063448
168,6450,4000,5500,22000000,2,51606,12903,1,666200000,666200000,19351,6450,12901,6450,0,1,6452,3226907
168,6450,4000,5500,22000000,2,51606,12903,1,666200000,666200000,19351,6450,12901,6450,0,1,6452,3229973
168,6450,4000,5500,22000000,2,51606,12903,1,666200000,666200000,19351,6450,12901,6450,0,1,6452,3217472
168,6450,4000,5500,22000000,2,51606,12903,1,666200000,666200000,19351,6450,12901,6450,0,1,6452,3225007
168,6450,4000,5500,22000000,2,51606,12903,1,666200000,666200000,19351,6450,12901,6450,0,1,6452,3092785
168,6450,4000,5500,22000000,2,51606,12903,1,666200000,666200000,19351,6450,12901,6450,0,1,6452,3127137
168,6850,4000,5500,22000000,2,54806,13703,1,696600000,696600000,20551,6850,13701,6850,0,1,6852,43969514
168,6850,4000,5500,22000000,2,54806,13703,1,696600000,696600000,20551,6850,13701,6850,0,1,6852,3425936
168,6850,4000,5500,22000000,2,54806,13703,1,696600000,696600000,20551,6850,13701,6850,0,1,6852,3406172
168,6850,4000,5500,22000000,2,54806,13703,1,696600000,696600000,20551,6850,13701,6850,0,1,6852,3418924
168,6850,4000,5500,22000000,2,54806,13703,1,696600000,696600000,20551,6850,13701,6850,0,1,6852,3422827
168,6850,4000,5500,22000000,2,54806,13703,1,696600000,696600000,20551,6850,13701,6850,0,1,6852,3293369
168,6850,4000,5500,22000000,2,54806,13703,1,696600000,696600000,20551,6850,13701,6850,0,1,6852,3323328
168,50,4000,5100,20400000,2,406,103,1,166840000,166840000,151,50,101,50,0,1,52,210216
168,50,4000,5100,20400000,2,406,103,1,166840000,166840000,151,50,101,50,0,1,52,179969
168,50,4000,5100,20400000,2,406,103,1,166840000,166840000,151,50,101,50,0,1,52,164991
168,50,4000,5100,20400000,2,406,103,1,166840000,166840000,151,50,101,50,0,1,52,177354
168,50,4000,5100,20400000,2,406,103,1,166840000,166840000,151,50,101,50,0,1,52,179609
168,50,4000,5100,20400000,2,406,103,1,166840000,166840000,151,50,101,50,0,1,52,211923
168,50,4000,5100,20400000,2,406,103,1,166840000,166840000,151,50,101,50,0,1,52,212278
168,450,4000,5100,20400000,2,3606,903,1,195960000,195960000,1351,450,901,450,0,1,452,2080059
168,450,4000,5100,20400000,2,3606,903,1,195960000,195960000,1351,450,901,450,0,1,452,364325
168,450,4000,5100,20400000,2,3606,903,1,195960000,195960000,1351,450,901,450,0,1,452,362220
168,450,4000,5100,20400000,2,3606,903,1,195960000,195960000,1351,450,901,450,0,1,452,364693
168,450,4000,5100,20400000,2,3606,903,1,195960000,195960000,1351,450,901,450,0,1,452,363504
168,450,4000,5100,20400000,2,3606,903,1,195960000,195960000,1351,450,901,450,0,1,452,364474
168,450,4000,5100,20400000,2,3606,903,1,195960000,195960000,1351,450,901,450,0,1,452,365658
168,850,4000,5100,20400000,2,6806,1703,1,225080000,225080000,2551,850,1701,850,0,1,852,4299569
168,850,4000,5100,20400000,2,6806,1703,1,225080000,225080000,2551,850,1701,850,0,1,852,489863
168,850,4000,5100,20400000,2,6806,1703,1,225080000,225080000,2551,850,1701,850,0,1,852,521560
168,850,4000,5100,20400000,2,6806,1703,1,225080000,225080000,2551,850,1701,850,0,1,852,521091
168,850,4000,5100,20400000,2,6806,1703,1,225080000,225080000,2551,850,1701,850,0,1,852,517044
168,850,4000,5100,20400000,2,6806,1703,1,225080000,225080000,2551,850,1701,850,0,1,852,531035
168,850,4000,5100,20400000,2,6806,1703,1,225080000,225080000,2551,850,1701,850,0,1,852,534460
168,1250,4000,5100,20400000,2,10006,2503,1,254200000,254200000,3751,1250,2501,1250,0,1,1252,6130386
168,1250,4000,5100,20400000,2,10006,2503,1,254200000,254200000,3751,1250,2501,1250,0,1,1252,718155
168,1250,4000,5100,20400000,2,10006,2503,1,254200000,254200000,3751,1250,2501,1250,0,1,1252,722043
168,1250,4000,5100,20400000,2,10006,2503,1,254200000,254200000,3751,1250,2501,1250,0,1,1252,702713
168,1250,4000,5100,20400000,2,10006,2503,1,254200000,254200000,3751,1250,2501,1250,0,1,1252,715538
168,1250,4000,5100,20400000,2,10006,2503,1,254200000,254200000,3751,1250,2501,1250,0,1,1252,749133
168,1250,4000,5100,20400000,2,10006,2503,1,254200000,254200000,3751,1250,2501,1250,0,1,1252,752577
168,1650,4000,5100,20400000,2,13206,3303,1,283320000,283320000,4951,1650,3301,1650,0,1,1652,8703038
168,1650,4000,5100,20400000,2,13206,3303,1,283320000,283320000,4951,1650,3301,1650,0,1,1652,877072
168,1650,4000,5100,20400000,2,13206,3303,1,283320000,283320000,4951,1650,3301,1650,0,1,1652,877628
168,1650,4000,5100,20400000,2,13206,3303,1,283320000,283320000,4951,1650,3301,1650,0,1,1652,878531
168,1650,4000,5100,20400000,2,13206,3303,1,283320000,283320000,4951,1650,3301,1650,0,1,1652,878154
168,1650,4000,5100,20400000,2,13206,3303,1,283320000,283320000,4951,1650,3301,1650,0,1,1652,916708
168,1650,4000,5100,20400000,2,13206,3303,1,283320000,283320000,4951,1650,3301,1650,0,1,1652,917151
168,2050,4000,5100,20400000,2,16406,4103,1,312440000,312440000,6151,2050,4101,2050,0,1,2052,11057410
168,2050,4000,5100,20400000,2,16406,4103,1,312440000,312440000,6151,2050,4101,2050,0,1,2052,1047351
168,2050,4000,5100,20400000,2,16406,4103,1,312440000,312440000,6151,2050,4101,2050,0,1,2052,1045732
168,2050,4000,5100,20400000,2,16406,4103,1,312440000,312440000,6151,2050,4101,2050,0,1,2052,1046900
168,2050,4000,5100,20400000,2,16406,4103,1,312440000,312440000,6151,2050,4101,2050,0,1,2052,1046327
168,2050,4000,5100,20400000,2,16406,4103,1,312440000,312440000,6151,2050,4101,2050,0,1,2052,1078992
168,2050,4000,5100,20400000,2,16406,4103,1,312440000,312440000,6151,2050,4101,2050,0,1,2052,1081213
168,2450,4000,5100,20400000,2,19606,4903,1,341560000,341560000,7351,2450,4901,2450,0,1,2452,13671485
168,2450,4000,5100,20400000,2,19606,4903,1,341560000,341560000,7351,2450,4901,2450,0,1,2452,1231360
168,2450,4000,5100,20400000,2,19606,4903,1,341560000,341560000,7351,2450,4901,2450,0,1,2452,1230091
168,2450,4000,5100,20400000,2,19606,4903,1,341560000,341560000,7351,2450,4901,2450,0,1,2452,1228871
168,2450,4000,5100,20400000,2,19606,4903,1,341560000,341560000,7351,2450,4901,2450,0,1,2452,1230644
168,2450,4000,5100,20400000,2,19606,4903,1,341560000,341560000,7351,2450,4901,2450,0,1,2452,1252559
168,2450,4000,5100,20400000,2,19606,4903,1,341560000,341560000,7351,2450,4901,2450,0,1,2452,1257450
168,2850,4000,5100,20400000,2,22806,5703,1,370680000,370680000,8551,2850,5701,2850,0,1,2852,15934604
168,2850,4000,5100,20400000,2,22806,5703,1,370680000,370680000,8551,2850,5701,2850,0,1,2852,1418790
168,2850,4000,5100,20400000,2,22806,5703,1,370680000,370680000,8551,2850,5701,2850,0,1,2852,1423857
168,2850,4000,5100,20400000,2,22806,5703,1,370680000,370680000,8551,2850,5701,2850,0,1,2852,1398759
168,2850,4000,5100,20400000,2,22806,5703,1,370680000,370680000,8551,2850,5701,2850,0,1,2852,1411650
168,2850,4000,5100,20400000,2,22806,5703,1,370680000,370680000,8551,2850,5701,2850,0,1,2852,1425914
168,2850,4000,5100,20400000,2,22806,5703,1,370680000,370680000,8551,2850,5701,2850,0,1,2852,1435873
168,3250,4000,5100,20400000,2,26006,6503,1,399800000,399800000,9751,3250,6501,3250,0,1,3252,18716097
168,3250,4000,5100,20400000,2,26006,6503,1,399800000,399800000,9751,3250,6501,3250,0,1,3252,1561255
168,3250,4000,5100,20400000,2,26006,6503,1,399800000,399800000,9751,3250,6501,3250,0,1,3252,1559893
168,3250,4000,5100,20400000,2,26006,6503,1,399800000,399800000,9751,3250,6501,3250,0,1,3252,1556314
168,3250,4000,5100,20400000,2,26006,6503,1,399800000,399800000,9751,3250,6501,3250,0,1,3252,1560607
168,3250,4000,5100,20400000,2,26006,6503,1,399800000,399800000,9751,3250,6501,3250,0,1,3252,1565223
168,3250,4000,5100,20400000,2,26006,6503,1,399800000,399800000,9751,3250,6501,3250,0,1,3252,1575746
168,3650,4000,5100,20400000,2,29206,7303,1,428920000,428920000,10951,3650,7301,3650,0,1,3652,20569874
168,3650,4000,5100,20400000,2,29206,7303,1,428920000,428920000,10951,3650,7301,3650,0,1,3652,1761350
168,3650,4000,5100,20400000,2,29206,7303,1,428920000,428920000,10951,3650,7301,3650,0,1,3652,1772929
168,3650,4000,5100,20400000,2,29206,7303,1,428920000,428920000,10951,3650,7301,3650,0,1,3652,1775327
168,3650,4000,5100,20400000,2,29206,7303,1,428920000,428920000,10951,3650,7301,3650,0,1,3652,1777350
168,3650,4000,5100,20400000,2,29206,7303,1,428920000,428920000,10951,3650,7301,3650,0,1,3652,1755516
168,3650,4000,5100,20400000,2,29206,7303,1,428920000,428920000,10951,3650,7301,3650,0,1,3652,1774619
168,4050,4000,5100,20400000,2,32406,8103,1,458040000,458040000,12151,4050,8101,4050,0,1,4052,22732825
168,4050,4000,5100,20400000,2,32406,8103,1,458040000,458040000,12151,4050,8101,4050,0,1,4052,1918252
168,4050,4000,5100,20400000,2,32406,8103,1,458040000,458040000,12151,4050,8101,4050,0,1,4052,1919165
168,4050,4000,5100,20400000,2,32406,8103,1,458040000,458040000,12151,4050,8101,4050,0,1,4052,1915705
168,4050,4000,5100,20400000,2,32406,8103,1,458040000,458040000,12151,4050,8101,4050,0,1,4052,1920041
168,4050,4000,5100,20400000,2,32406,8103,1,458040000,458040000,12151,4050,8101,4050,0,1,4052,1894645
168,4050,4000,5100,20400000,2,32406,8103,1,458040000,458040000,12151,4050,8101,4050,0,1,4052,1920532
168,4450,4000,5100,20400000,2,35606,8903,1,487160000,487160000,13351,4450,8901,4450,0,1,4452,25909402
168,4450,4000,5100,20400000,2,35606,8903,1,487160000,487160000,13351,4450,8901,4450,0,1,4452,2119829
168,4450,4000,5100,20400000,2,35606,8903,1,487160000,487160000,13351,4450,8901,4450,0,1,4452,2125112
168,4450,4000,5100,20400000,2,35606,8903,1,487160000,487160000,13351,4450,8901,4450,0,1,4452,2126041
168,4450,4000,5100,20400000,2,35606,8903,1,487160000,487160000,13351,4450,8901,4450,0,1,4452,2114556
168,4450,4000,5100,20400000,2,35606,8903,1,487160000,487160000,13351,4450,8901,4450,0,1,4452,2082677
168,4450,4000,5100,20400000,2,35606,8903,1,487160000,487160000,13351,4450,8901,4450,0,1,4452,2112477
168,4850,4000,5100,20400000,2,38806,9703,1,516280000,516280000,14551,4850,9701,4850,0,1,4852,28410299
168,4850,4000,5100,20400000,2,38806,9703,1,516280000,516280000,14551,4850,9701,4850,0,1,4852,2288599
168,4850,4000,5100,20400000,2,38806,9703,1,516280000,516280000,14551,4850,9701,4850,0,1,4852,2295841
168,4850,4000,5100,20400000,2,38806,9703,1,516280000,516280000,14551,4850,9701,4850,0,1,4852,2296852
168,4850,4000,5100,20400000,2,38806,9703,1,516280000,516280000,14551,4850,9701,4850,0,1,4852,2269436
168,4850,4000,5100,20400000,2,38806,9703,1,516280000,516280000,14551,4850,9701,4850,0,1,4852,2250439
168,4850,4000,5100,20400000,2,38806,9703,1,516280000,516280000,14551,4850,9701,4850,0,1,4852,2271863
168,5250,4000,5100,20400000,2,42006,10503,1,545400000,545400000,15751,5250,10501,5250,0,1,5252,29500444
168,5250,4000,5100,20400000,2,42006,10503,1,545400000,545400000,15751,5250,10501,5250,0,1,5252,2445487
168,5250,4000,5100,20400000,2,42006,10503,1,545400000,545400000,15751,5250,10501,5250,0,1,5252,2448772
168,5250,4000,5100,20400000,2,42006,10503,1,545400000,545400000,15751,5250,10501,5250,0,1,5252,2447607
168,5250,4000,5100,20400000,2,42006,10503,1,545400000,545400000,15751,5250,10501,5250,0,1,5252,2449836
168,5250,4000,5100,20400000,2,42006,10503,1,545400000,545400000,15751,5250,10501,5250,0,1,5252,2390264
168,5250,4000,5100,20400000,2,42006,10503,1,545400000,545400000,15751,5250,10501,5250,0,1,5252,2410353
168,5650,4000,5100,20400000,2,45206,11303,1,574520000,574520000,16951,5650,11301,5650,0,1,5652,32889231
168,5650,4000,5100,20400000,2,45206,11303,1,574520000,574520000,16951,5650,11301,5650,0,1,5652,2645546
168,5650,4000,5100,20400000,2,45206,11303,1,574520000,574520000,16951,5650,11301,5650,0,1,5652,2654343
168,5650,4000,5100,20400000,2,45206,11303,1,574520000,574520000,16951,5650,11301,5650,0,1,5652,2658873
168,5650,4000,5100,20400000,2,45206,11303,1,574520000,574520000,16951,5650,11301,5650,0,1,5652,2660006
168,5650,4000,5100,20400000,2,45206,11303,1,574520000,574520000,16951,5650,11301,5650,0,1,5652,2580527
168,5650,4000,5100,20400000,2,45206,11303,1,574520000,574520000,16951,5650,11301,5650,0,1,5652,2601084
168,6050,4000,5100,20400000,2,48406,12103,1,603640000,603640000,18151,6050,12101,6050,0,1,6052,36024417
168,6050,4000,5100,20400000,2,48406,12103,1,603640000,603640000,18151,6050,12101,6050,0,1,6052,2835973
168,6050,4000,5100,20400000,2,48406,12103,1,603640000,603640000,18151,6050,12101,6050,0,1,6052,2842383
168,6050,4000,5100,20400000,2,48406,12103,1,603640000,603640000,18151,6050,12101,6050,0,1,6052,2843539
168,6050,4000,5100,20400000,2,48406,12103,1,603640000,603640000,18151,6050,12101,6050,0,1,6052,2837497
168,6050,4000,5100,20400000,2,48406,12103,1,603640000,603640000,18151,6050,12101,6050,0,1,6052,2749539
168,6050,4000,5100,20400000,2,48406,12103,1,603640000,603640000,18151,6050,12101,6050,0,1,6052,2775166
168,6450,4000,5100,20400000,2,51606,12903,1,632760000,632760000,19351,6450,12901,6450,0,1,6452,37893069
168,6450,4000,5100,20400000,2,51606,12903,1,632760000,632760000,19351,6450,12901,6450,0,1,6452,3006840
168,6450,4000,5100,20400000,2,51606,12903,1,632760000,632760000,19351,6450,12901,6450,0,1,6452,3018131
168,6450,4000,5100,20400000,2,51606,12903,1,632760000,632760000,19351,6450,12901,6450,0,1,6452,3016959
168,6450,4000,5100,20400000,2,51606,12903,1,632760000,632760000,19351,6450,12901,6450,0,1,6452,3021072
168,6450,4000,5100,20400000,2,51606,12903,1,632760000,632760000,19351,6450,12901,6450,0,1,6452,2916406
168,6450,4000,5100,20400000,2,51606,12903,1,632760000,632760000,19351,6450,12901,6450,0,1,6452,2945342
168,6850,4000,5100,20400000,2,54806,13703,1,661880000,661880000,20551,6850,13701,6850,0,1,6852,39805507
168,6850,4000,5100,20400000,2,54806,13703,1,661880000,661880000,20551,6850,13701,6850,0,1,6852,3204569
168,6850,4000,5100,20400000,2,54806,13703,1,661880000,661880000,20551,6850,13701,6850,0,1,6852,3196051
168,6850,4000,5100,20400000,2,54806,13703,1,661880000,661880000,20551,6850,13701,6850,0,1,6852,3202024
168,6850,4000,5100,20400000,2,54806,13703,1,661880000,661880000,20551,6850,13701,6850,0,1,6852,3203292
168,6850,4000,5100,20400000,2,54806,13703,1,661880000,661880000,20551,6850,13701,6850,0,1,6852,3080570
168,6850,4000,5100,20400000,2,54806,13703,1,661880000,661880000,20551,6850,13701,6850,0,1,6852,3107675
168,50,4000,4700,18800000,2,406,103,1,153880000,153880000,151,50,101,50,0,1,52,192010
168,50,4000,4700,18800000,2,406,103,1,153880000,153880000,151,50,101,50,0,1,52,168752
168,50,4000,4700,18800000,2,406,103,1,153880000,153880000,151,50,101,50,0,1,52,155507
168,50,4000,4700,18800000,2,406,103,1,153880000,153880000,151,50,101,50,0,1,52,164334
168,50,4000,4700,18800000,2,406,103,1,153880000,153880000,151,50,101,50,0,1,52,168390
168,50,4000,4700,18800000,2,406,103,1,153880000,153880000,151,50,101,50,0,1,52,203050
168,50,4000,4700,18800000,2,406,103,1,153880000,153880000,151,50,101,50,0,1,52,203358
168,450,4000,4700,18800000,2,3606,903,1,181720000,181720000,1351,450,901,450,0,1,452,1897222
168,450,4000,4700,18800000,2,3606,903,1,181720000,181720000,1351,450,901,450,0,1,452,331897
168,450,4000,4700,18800000,2,3606,903,1,181720000,181720000,1351,450,901,450,0,1,452,333899
168,450,4000,4700,18800000,2,3606,903,1,181720000,181720000,1351,450,901,450,0,1,452,333317
168,450,4000,4700,18800000,2,3606,903,1,181720000,181720000,1351,450,901,450,0,1,452,333066
168,450,4000,4700,18800000,2,3606,903,1,181720000,181720000,1351,450,901,450,0,1,452,334614
168,450,4000,4700,18800000,2,3606,903,1,181720000,181720000,1351,450,901,450,0,1,452,335564
168,850,4000,4700,18800000,2,6806,1703,1,209560000,209560000,2551,850,1701,850,0,1,852,3904914
168,850,4000,4700,18800000,2,6806,1703,1,209560000,209560000,2551,850,1701,850,0,1,852,486106
168,850,4000,4700,18800000,2,6806,1703,1,209560000,209560000,2551,850,1701,850,0,1,852,484609
168,850,4000,4700,18800000,2,6806,1703,1,209560000,209560000,2551,850,1701,850,0,1,852,485386
168,850,4000,4700,18800000,2,6806,1703,1,209560000,209560000,2551,850,1701,850,0,1,852,485840
168,850,4000,4700,18800000,2,6806,1703,1,209560000,209560000,2551,850,1701,850,0,1,852,493263
168,850,4000,4700,18800000,2,6806,1703,1,209560000,209560000,2551,850,1701,850,0,1,852,497231
168,1250,4000,4700,18800000,2,10006,2503,1,237400000,237400000,3751,1250,2501,1250,0,1,1252,5950405
168,1250,4000,4700,18800000,2,10006,2503,1,237400000,237400000,3751,1250,2501,1250,0,1,1252,655211
168,1250,4000,4700,18800000,2,10006,2503,1,237400000,237400000,3751,1250,2501,1250,0,1,1252,655862
168,1250,4000,4700,18800000,2,10006,2503,1,237400000,237400000,3751,1250,2501,1250,0,1,1252,653925
168,1250,4000,4700,18800000,2,10006,2503,1,237400000,237400000,3751,1250,2501,1250,0,1,1252,656356
168,1250,4000,4700,18800000,2,10006,2503,1,237400000,237400000,3751,1250,2501,1250,0,1,1252,688772
168,1250,4000,4700,18800000,2,10006,2503,1,237400000,237400000,3751,1250,2501,1250,0,1,1252,689273
168,1650,4000,4700,18800000,2,13206,3303,1,265240000,265240000,4951,1650,3301,1650,0,1,1652,7912775
168,1650,4000,4700,18800000,2,13206,3303,1,265240000,265240000,4951,1650,3301,1650,0,1,1652,790000
168,1650,4000,4700,18800000,2,13206,3303,1,265240000,265240000,4951,1650,3301,1650,0,1,1652,790778
168,1650,4000,4700,18800000,2,13206,3303,1,265240000,265240000,4951,1650,3301,1650,0,1,1652,791152
168,1650,4000,4700,18800000,2,13206,3303,1,265240000,265240000,4951,1650,3301,1650,0,1,1652,790440
168,1650,4000,4700,18800000,2,13206,3303,1,265240000,265240000,4951,1650,3301,1650,0,1,1652,860917
168,1650,4000,4700,18800000,2,13206,3303,1,265240000,265240000,4951,1650,3301,1650,0,1,1652,861360
168,2050,4000,4700,18800000,2,16406,4103,1,293080000,293080000,6151,2050,4101,2050,0,1,2052,9862680
168,2050,4000,4700,18800000,2,16406,4103,1,293080000,293080000,6151,2050,4101,2050,0,1,2052,976904
168,2050,4000,4700,18800000,2,16406,4103,1,293080000,293080000,6151,2050,4101,2050,0,1,2052,972946
168,2050,4000,4700,18800000,2,16406,4103,1,293080000,293080000,6151,2050,4101,2050,0,1,2052,973841
168,2050,4000,4700,18800000,2,16406,4103,1,293080000,293080000,6151,2050,4101,2050,0,1,2052,974429
168,2050,4000,4700,18800000,2,16406,4103,1,293080000,293080000,6151,2050,4101,2050,0,1,2052,1012481
168,2050,4000,4700,18800000,2,16406,4103,1,293080000,293080000,6151,2050,4101,2050,0,1,2052,1013625
168,2450,4000,4700,18800000,2,19606,4903,1,320920000,320920000,7351,2450,4901,2450,0,1,2452,12171337
168,2450,4000,4700,18800000,2,19606,4903,1,320920000,320920000,7351,2450,4901,2450,0,1,2452,1117906
168,2450,4000,4700,18800000,2,19606,4903,1,320920000,320920000,7351,2450,4901,2450,0,1,2452,1147779
168,2450,4000,4700,18800000,2,19606,4903,1,320920000,320920000,7351,2450,4901,2450,0,1,2452,1150813
168,2450,4000,4700,18800000,2,19606,4903,1,320920000,320920000,7351,2450,4901,2450,0,1,2452,1151512
168,2450,4000,4700,18800000,2,19606,4903,1,320920000,320920000,7351,2450,4901,2450,0,1,2452,1181021
168,2450,4000,4700,18800000,2,19606,4903,1,320920000,320920000,7351,2450,4901,2450,0,1,2452,1186158
168,2850,4000,4700,18800000,2,22806,5703,1,348760000,348760000,8551,2850,5701,2850,0,1,2852,14226590
168,2850,4000,4700,18800000,2,22806,5703,1,348760000,348760000,8551,2850,5701,2850,0,1,2852,1298955
168,2850,4000,4700,18800000,2,22806,5703,1,348760000,348760000,8551,2850,5701,2850,0,1,2852,1297083
168,2850,4000,4700,18800000,2,22806,5703,1,348760000,348760000,8551,2850,5701,2850,0,1,2852,1297746
168,2850,4000,4700,18800000,2,22806,5703,1,348760000,348760000,8551,2850,5701,2850,0,1,2852,1298415
168,2850,4000,4700,18800000,2,22806,5703,1,348760000,348760000,8551,2850,5701,2850,0,1,2852,1314300
168,2850,4000,4700,18800000,2,22806,5703,1,348760000,348760000,8551,2850,5701,2850,0,1,2852,1320879
168,3250,4000,4700,18800000,2,26006,6503,1,376600000,376600000,9751,3250,6501,3250,0,1,3252,17118959
168,3250,4000,4700,18800000,2,26006,6503,1,376600000,376600000,9751,3250,6501,3250,0,1,3252,1466221
168,3250,4000,4700,18800000,2,26006,6503,1,376600000,376600000,9751,3250,6501,3250,0,1,3252,1458996
168,3250,4000,4700,18800000,2,26006,6503,1,376600000,376600000,9751,3250,6501,3250,0,1,3252,1458180
168,3250,4000,4700,18800000,2,26006,6503,1,376600000,376600000,9751,3250,6501,3250,0,1,3252,1456543
168,3250,4000,4700,18800000,2,26006,6503,1,376600000,376600000,9751,3250,6501,3250,0,1,3252,1473384
168,3250,4000,4700,18800000,2,26006,6503,1,376600000,376600000,9751,3250,6501,3250,0,1,3252,1480802
168,3650,4000,4700,18800000,2,29206,7303,1,404440000,404440000,10951,3650,7301,3650,0,1,3652,19243933
168,3650,4000,4700,18800000,2,29206,7303,1,404440000,404440000,10951,3650,7301,3650,0,1,3652,1604968
168,3650,4000,4700,18800000,2,29206,7303,1,404440000,404440000,10951,3650,7301,3650,0,1,3652,1632796
168,3650,4000,4700,18800000,2,29206,7303,1,404440000,404440000,10951,3650,7301,3650,0,1,3652,1636148
168,3650,4000,4700,18800000,2,29206,7303,1,404440000,404440000,10951,3650,7301,3650,0,1,3652,1635143
168,3650,4000,4700,18800000,2,29206,7303,1,404440000,404440000,10951,3650,7301,3650,0,1,3652,1643978
168,3650,4000,4700,18800000,2,29206,7303,1,404440000,404440000,10951,3650,7301,3650,0,1,3652,1652871
168,4050,4000,4700,18800000,2,32406,8103,1,432280000,432280000,12151,4050,8101,4050,0,1,4052,21553314
168,4050,4000,4700,18800000,2,32406,8103,1,432280000,432280000,12151,4050,8101,4050,0,1,4052,1785649
168,4050,4000,4700,18800000,2,32406,8103,1,432280000,432280000,12151,4050,8101,4050,0,1,4052,1779947
168,4050,4000,4700,18800000,2,32406,8103,1,432280000,432280000,12151,4050,8101,4050,0,1,4052,1778890
168,4050,4000,4700,18800000,2,32406,8103,1,432280000,432280000,12151,4050,8101,4050,0,1,4052,1780764
168,4050,4000,4700,18800000,2,32406,8103,1,432280000,432280000,12151,4050,8101,4050,0,1,4052,1771100
168,4050,4000,4700,18800000,2,32406,8103,1,432280000,432280000,12151,4050,8101,4050,0,1,4052,1786327
168,4450,4000,4700,18800000,2,35606,8903,1,460120000,460120000,13351,4450,8901,4450,0,1,4452,22993065
168,4450,4000,4700,18800000,2,35606,8903,1,460120000,460120000,13351,4450,8901,4450,0,1,4452,1948642
168,4450,4000,4700,18800000,2,35606,8903,1,460120000,460120000,13351,4450,8901,4450,0,1,4452,1962786
168,4450,4000,4700,18800000,2,35606,8903,1,460120000,460120000,13351,4450,8901,4450,0,1,4452,1966796
168,4450,4000,4700,18800000,2,35606,8903,1,460120000,460120000,13351,4450,8901,4450,0,1,4452,1970682
168,4450,4000,4700,18800000,2,35606,8903,1,460120000,460120000,13351,4450,8901,4450,0,1,4452,1951316
168,4450,4000,4700,18800000,2,35606,8903,1,460120000,460120000,13351,4450,8901,4450,0,1,4452,1969719
168,4850,4000,4700,18800000,2,38806,9703,1,487960000,487960000,14551,4850,9701,4850,0,1,4852,26071825
168,4850,4000,4700,18800000,2,38806,9703,1,487960000,487960000,14551,4850,9701,4850,0,1,4852,2135883
168,4850,4000,4700,18800000,2,38806,9703,1,487960000,487960000,14551,4850,9701,4850,0,1,4852,2128575
168,4850,4000,4700,18800000,2,38806,9703,1,487960000,487960000,14551,4850,9701,4850,0,1,4852,2132725
168,4850,4000,4700,18800000,2,38806,9703,1,487960000,487960000,14551,4850,9701,4850,0,1,4852,2134876
168,4850,4000,4700,18800000,2,38806,9703,1,487960000,487960000,14551,4850,9701,4850,0,1,4852,2103555
168,4850,4000,4700,18800000,2,38806,9703,1,487960000,487960000,14551,4850,9701,4850,0,1,4852,2111331
168,5250,4000,4700,18800000,2,42006,10503,1,515800000,515800000,15751,5250,10501,5250,0,1,5252,26850101
168,5250,4000,4700,18800000,2,42006,10503,1,515800000,515800000,15751,5250,10501,5250,0,1,5252,2267325
168,5250,4000,4700,18800000,2,42006,10503,1,515800000,515800000,15751,5250,10501,5250,0,1,5252,2266454
168,5250,4000,4700,18800000,2,42006,10503,1,515800000,515800000,15751,5250,10501,5250,0,1,5252,2264756
168,5250,4000,4700,18800000,2,42006,10503,1,515800000,515800000,15751,5250,10501,5250,0,1,5252,2268404
168,5250,4000,4700,18800000,2,42006,10503,1,515800000,515800000,15751,5250,10501,5250,0,1,5252,2220953
168,5250,4000,4700,18800000,2,42006,10503,1,515800000,515800000,15751,5250,10501,5250,0,1,5252,2240412
168,5650,4000,4700,18800000,2,45206,11303,1,543640000,543640000,16951,5650,11301,5650,0,1,5652,30281977
168,5650,4000,4700,18800000,2,45206,11303,1,543640000,543640000,16951,5650,11301,5650,0,1,5652,2448508
168,5650,4000,4700,18800000,2,45206,11303,1,543640000,543640000,16951,5650,11301,5650,0,1,5652,2452747
168,5650,4000,4700,18800000,2,45206,11303,1,543640000,543640000,16951,5650,11301,5650,0,1,5652,2429965
168,5650,4000,4700,18800000,2,45206,11303,1,543640000,543640000,16951,5650,11301,5650,0,1,5652,2444663
168,5650,4000,4700,18800000,2,45206,11303,1,543640000,543640000,16951,5650,11301,5650,0,1,5652,2392590
168,5650,4000,4700,18800000,2,45206,11303,1,543640000,543640000,16951,5650,11301,5650,0,1,5652,2414596
168,6050,4000,4700,18800000,2,48406,12103,1,571480000,571480000,18151,6050,12101,6050,0,1,6052,32711014
168,6050,4000,4700,18800000,2,48406,12103,1,571480000,571480000,18151,6050,12101,6050,0,1,6052,2619745
168,6050,4000,4700,18800000,2,48406,12103,1,571480000,571480000,18151,6050,12101,6050,0,1,6052,2623243
168,6050,4000,4700,18800000,2,48406,12103,1,571480000,571480000,18151,6050,12101,6050,0,1,6052,2627687
168,6050,4000,4700,18800000,2,48406,12103,1,571480000,571480000,18151,6050,12101,6050,0,1,6052,2628854
168,6050,4000,4700,18800000,2,48406,12103,1,571480000,571480000,18151,6050,12101,6050,0,1,6052,2538448
168,6050,4000,4700,18800000,2,48406,12103,1,571480000,571480000,18151,6050,12101,6050,0,1,6052,2561592
168,6450,4000,4700,18800000,2,51606,12903,1,599320000,599320000,19351,6450,12901,6450,0,1,6452,34344941
168,6450,4000,4700,18800000,2,51606,12903,1,599320000,599320000,19351,6450,12901,6450,0,1,6452,2798972
168,6450,4000,4700,18800000,2,51606,12903,1,599320000,599320000,19351,6450,12901,6450,0,1,6452,2774935
168,6450,4000,4700,18800000,2,51606,12903,1,599320000,599320000,19351,6450,12901,6450,0,1,6452,2791347
168,6450,4000,4700,18800000,2,51606,12903,1,599320000,599320000,19351,6450,12901,6450,0,1,6452,2797755
168,6450,4000,4700,18800000,2,51606,12903,1,599320000,599320000,19351,6450,12901,6450,0,1,6452,2686503
168,6450,4000,4700,18800000,2,51606,12903,1,599320000,599320000,19351,6450,12901,6450,0,1,6452,2705871
168,6850,4000,4700,18800000,2,54806,13703,1,627160000,627160000,20551,6850,13701,6850,0,1,6852,36923285
168,6850,4000,4700,18800000,2,54806,13703,1,627160000,627160000,20551,6850,13701,6850,0,1,6852,2926847
168,6850,4000,4700,18800000,2,54806,13703,1,627160000,627160000,20551,6850,13701,6850,0,1,6852,2934035
168,6850,4000,4700,18800000,2,54806,13703,1,627160000,627160000,20551,6850,13701,6850,0,1,6852,2918554
168,6850,4000,4700,18800000,2,54806,13703,1,627160000,627160000,20551,6850,13701,6850,0,1,6852,2923729
168,6850,4000,4700,18800000,2,54806,13703,1,627160000,627160000,20551,6850,13701,6850,0,1,6852,2843037
168,6850,4000,4700,18800000,2,54806,13703,1,627160000,627160000,20551,6850,13701,6850,0,1,6852,2864659
168,50,4000,4300,17200000,2,406,103,1,140920000,140920000,151,50,101,50,0,1,52,177478
168,50,4000,4300,17200000,2,406,103,1,140920000,140920000,151,50,101,50,0,1,52,151450
168,50,4000,4300,17200000,2,406,103,1,140920000,140920000,151,50,101,50,0,1,52,153959
168,50,4000,4300,17200000,2,406,103,1,140920000,140920000,151,50,101,50,0,1,52,140466
168,50,4000,4300,17200000,2,406,103,1,140920000,140920000,151,50,101,50,0,1,52,153601
168,50,4000,4300,17200000,2,406,103,1,140920000,140920000,151,50,101,50,0,1,52,197281
168,50,4000,4300,17200000,2,406,103,1,140920000,140920000,151,50,101,50,0,1,52,196771
168,450,4000,4300,17200000,2,3606,903,1,167480000,167480000,1351,450,901,450,0,1,452,1737825
168,450,4000,4300,17200000,2,3606,903,1,167480000,167480000,1351,450,901,450,0,1,452,306717
168,450,4000,4300,17200000,2,3606,903,1,167480000,167480000,1351,450,901,450,0,1,452,306331
168,450,4000,4300,17200000,2,3606,903,1,167480000,167480000,1351,450,901,450,0,1,452,305686
168,450,4000,4300,17200000,2,3606,903,1,167480000,167480000,1351,450,901,450,0,1,452,304776
168,450,4000,4300,17200000,2,3606,903,1,167480000,167480000,1351,450,901,450,0,1,452,307601
168,450,4000,4300,17200000,2,3606,903,1,167480000,167480000,1351,450,901,450,0,1,452,308432
168,850,4000,4300,17200000,2,6806,1703,1,194040000,194040000,2551,850,1701,850,0,1,852,3553103
168,850,4000,4300,17200000,2,6806,1703,1,194040000,194040000,2551,850,1701,850,0,1,852,429479
168,850,4000,4300,17200000,2,6806,1703,1,194040000,194040000,2551,850,1701,850,0,1,852,431661
168,850,4000,4300,17200000,2,6806,1703,1,194040000,194040000,2551,850,1701,850,0,1,852,451557
168,850,4000,4300,17200000,2,6806,1703,1,194040000,194040000,2551,850,1701,850,0,1,852,454759
168,850,4000,4300,17200000,2,6806,1703,1,194040000,194040000,2551,850,1701,850,0,1,852,452395
168,850,4000,4300,17200000,2,6806,1703,1,194040000,194040000,2551,850,1701,850,0,1,852,456883
168,1250,4000,4300,17200000,2,10006,2503,1,220600000,220600000,3751,1250,2501,1250,0,1,1252,5451778
168,1250,4000,4300,17200000,2,10006,2503,1,220600000,220600000,3751,1250,2501,1250,0,1,1252,587734
168,1250,4000,4300,17200000,2,10006,2503,1,220600000,220600000,3751,1250,2501,1250,0,1,1252,591292
168,1250,4000,4300,17200000,2,10006,2503,1,220600000,220600000,3751,1250,2501,1250,0,1,1252,587227
168,1250,4000,4300,17200000,2,10006,2503,1,220600000,220600000,3751,1250,2501,1250,0,1,1252,588067
168,1250,4000,4300,17200000,2,10006,2503,1,220600000,220600000,3751,1250,2501,1250,0,1,1252,638311
168,1250,4000,4300,17200000,2,10006,2503,1,220600000,220600000,3751,1250,2501,1250,0,1,1252,640689
168,1650,4000,4300,17200000,2,13206,3303,1,247160000,247160000,4951,1650,3301,1650,0,1,1652,7421973
168,1650,4000,4300,17200000,2,13206,3303,1,247160000,247160000,4951,1650,3301,1650,0,1,1652,735833
168,1650,4000,4300,17200000,2,13206,3303,1,247160000,247160000,4951,1650,3301,1650,0,1,1652,738223
168,1650,4000,4300,17200000,2,13206,3303,1,247160000,247160000,4951,1650,3301,1650,0,1,1652,737849
168,1650,4000,4300,17200000,2,13206,3303,1,247160000,247160000,4951,1650,3301,1650,0,1,1652,736988
168,1650,4000,4300,17200000,2,13206,3303,1,247160000,247160000,4951,1650,3301,1650,0,1,1652,798449
168,1650,4000,4300,17200000,2,13206,3303,1,247160000,247160000,4951,1650,3301,1650,0,1,1652,798893
168,2050,4000,4300,17200000,2,16406,4103,1,273720000,273720000,6151,2050,4101,2050,0,1,2052,9281253
168,2050,4000,4300,17200000,2,16406,4103,1,273720000,273720000,6151,2050,4101,2050,0,1,2052,892713
168,2050,4000,4300,17200000,2,16406,4103,1,273720000,273720000,6151,2050,4101,2050,0,1,2052,890832
168,2050,4000,4300,17200000,2,16406,4103,1,273720000,273720000,6151,2050,4101,2050,0,1,2052,891707
168,2050,4000,4300,17200000,2,16406,4103,1,273720000,273720000,6151,2050,4101,2050,0,1,2052,892278
168,2050,4000,4300,17200000,2,16406,4103,1,273720000,273720000,6151,2050,4101,2050,0,1,2052,939376
168,2050,4000,4300,17200000,2,16406,4103,1,273720000,273720000,6151,2050,4101,2050,0,1,2052,940501
168,2450,4000,4300,17200000,2,19606,4903,1,300280000,300280000,7351,2450,4901,2450,0,1,2452,11190180
168,2450,4000,4300,17200000,2,19606,4903,1,300280000,300280000,7351,2450,4901,2450,0,1,2452,1043693
168,2450,4000,4300,17200000,2,19606,4903,1,300280000,300280000,7351,2450,4901,2450,0,1,2452,1039683
168,2450,4000,4300,17200000,2,19606,4903,1,300280000,300280000,7351,2450,4901,2450,0,1,2452,1040343
168,2450,4000,4300,17200000,2,19606,4903,1,300280000,300280000,7351,2450,4901,2450,0,1,2452,1040826
168,2450,4000,4300,17200000,2,19606,4903,1,300280000,300280000,7351,2450,4901,2450,0,1,2452,1076142
168,2450,4000,4300,17200000,2,19606,4903,1,300280000,300280000,7351,2450,4901,2450,0,1,2452,1077332
168,2850,4000,4300,17200000,2,22806,5703,1,326840000,326840000,8551,2850,5701,2850,0,1,2852,13116538
168,2850,4000,4300,17200000,2,22806,5703,1,326840000,326840000,8551,2850,5701,2850,0,1,2852,1178536
168,2850,4000,4300,17200000,2,22806,5703,1,326840000,326840000,8551,2850,5701,2850,0,1,2852,1204035
168,2850,4000,4300,17200000,2,22806,5703,1,326840000,326840000,8551,2850,5701,2850,0,1,2852,1200204
168,2850,4000,4300,17200000,2,22806,5703,1,326840000,326840000,8551,2850,5701,2850,0,1,2852,1205739
168,2850,4000,4300,17200000,2,22806,5703,1,326840000,326840000,8551,2850,5701,2850,0,1,2852,1244103
168,2850,4000,4300,17200000,2,22806,5703,1,326840000,326840000,8551,2850,5701,2850,0,1,2852,1246383
168,3250,4000,4300,17200000,2,26006,6503,1,353400000,353400000,9751,3250,6501,3250,0,1,3252,15115075
168,3250,4000,4300,17200000,2,26006,6503,1,353400000,353400000,9751,3250,6501,3250,0,1,3252,1322508
168,3250,4000,4300,17200000,2,26006,6503,1,353400000,353400000,9751,3250,6501,3250,0,1,3252,1323200
168,3250,4000,4300,17200000,2,26006,6503,1,353400000,353400000,9751,3250,6501,3250,0,1,3252,1324500
168,3250,4000,4300,17200000,2,26006,6503,1,353400000,353400000,9751,3250,6501,3250,0,1,3252,1323913
168,3250,4000,4300,17200000,2,26006,6503,1,353400000,353400000,9751,3250,6501,3250,0,1,3252,1360873
168,3250,4000,4300,17200000,2,26006,6503,1,353400000,353400000,9751,3250,6501,3250,0,1,3252,1363236
168,3650,4000,4300,17200000,2,29206,7303,1,379960000,379960000,10951,3650,7301,3650,0,1,3652,17051702
168,3650,4000,4300,17200000,2,29206,7303,1,379960000,379960000,10951,3650,7301,3650,0,1,3652,1504610
168,3650,4000,4300,17200000,2,29206,7303,1,379960000,379960000,10951,3650,7301,3650,0,1,3652,1499248
168,3650,4000,4300,17200000,2,29206,7303,1,379960000,379960000,10951,3650,7301,3650,0,1,3652,1494204
168,3650,4000,4300,17200000,2,29206,7303,1,379960000,379960000,10951,3650,7301,3650,0,1,3652,1500712
168,3650,4000,4300,17200000,2,29206,7303,1,379960000,379960000,10951,3650,7301,3650,0,1,3652,1503735
168,3650,4000,4300,17200000,2,29206,7303,1,379960000,379960000,10951,3650,7301,3650,0,1,3652,1509332
168,4050,4000,4300,17200000,2,32406,8103,1,406520000,406520000,12151,4050,8101,4050,0,1,4052,19027145
168,4050,4000,4300,17200000,2,32406,8103,1,406520000,406520000,12151,4050,8101,4050,0,1,4052,1641766
168,4050,4000,4300,17200000,2,32406,8103,1,406520000,406520000,12151,4050,8101,4050,0,1,4052,1670929
168,4050,4000,4300,17200000,2,32406,8103,1,406520000,406520000,12151,4050,8101,4050,0,1,4052,1667018
168,4050,4000,4300,17200000,2,32406,8103,1,406520000,406520000,12151,4050,8101,4050,0,1,4052,1672023
168,4050,4000,4300,17200000,2,32406,8103,1,406520000,406520000,12151,4050,8101,4050,0,1,4052,1674020
168,4050,4000,4300,17200000,2,32406,8103,1,406520000,406520000,12151,4050,8101,4050,0,1,4052,1676465
168,4450,4000,4300,17200000,2,35606,8903,1,433080000,433080000,13351,4450,8901,4450,0,1,4452,21688972
168,4450,4000,4300,17200000,2,35606,8903,1,433080000,433080000,13351,4450,8901,4450,0,1,4452,1792128
168,4450,4000,4300,17200000,2,35606,8903,1,433080000,433080000,13351,4450,8901,4450,0,1,4452,1785245
168,4450,4000,4300,17200000,2,35606,8903,1,433080000,433080000,13351,4450,8901,4450,0,1,4452,1778925
168,4450,4000,4300,17200000,2,35606,8903,1,433080000,433080000,13351,4450,8901,4450,0,1,4452,1784102
168,4450,4000,4300,17200000,2,35606,8903,1,433080000,433080000,13351,4450,8901,4450,0,1,4452,1787646
168,4450,4000,4300,17200000,2,35606,8903,1,433080000,433080000,13351,4450,8901,4450,0,1,4452,1794666
168,4850,4000,4300,17200000,2,38806,9703,1,459640000,459640000,14551,4850,9701,4850,0,1,4852,23305488
168,4850,4000,4300,17200000,2,38806,9703,1,459640000,459640000,14551,4850,9701,4850,0,1,4852,1929868
168,4850,4000,4300,17200000,2,38806,9703,1,459640000,459640000,14551,4850,9701,4850,0,1,4852,1954281
168,4850,4000,4300,17200000,2,38806,9703,1,459640000,459640000,14551,4850,9701,4850,0,1,4852,1951133
168,4850,4000,4300,17200000,2,38806,9703,1,459640000,459640000,14551,4850,9701,4850,0,1,4852,1955337
168,4850,4000,4300,17200000,2,38806,9703,1,459640000,459640000,14551,4850,9701,4850,0,1,4852,1942130
168,4850,4000,4300,17200000,2,38806,9703,1,459640000,459640000,14551,4850,9701,4850,0,1,4852,1958290
168,5250,4000,4300,17200000,2,42006,10503,1,486200000,486200000,15751,5250,10501,5250,0,1,5252,25841949
168,5250,4000,4300,17200000,2,42006,10503,1,486200000,486200000,15751,5250,10501,5250,0,1,5252,2090273
168,5250,4000,4300,17200000,2,42006,10503,1,486200000,486200000,15751,5250,10501,5250,0,1,5252,2074221
168,5250,4000,4300,17200000,2,42006,10503,1,486200000,486200000,15751,5250,10501,5250,0,1,5252,2072376
168,5250,4000,4300,17200000,2,42006,10503,1,486200000,486200000,15751,5250,10501,5250,0,1,5252,2089201
168,5250,4000,4300,17200000,2,42006,10503,1,486200000,486200000,15751,5250,10501,5250,0,1,5252,2043956
168,5250,4000,4300,17200000,2,42006,10503,1,486200000,486200000,15751,5250,10501,5250,0,1,5252,2061835
168,5650,4000,4300,17200000,2,45206,11303,1,512760000,512760000,16951,5650,11301,5650,0,1,5652,27705695
168,5650,4000,4300,17200000,2,45206,11303,1,512760000,512760000,16951,5650,11301,5650,0,1,5652,2233382
168,5650,4000,4300,17200000,2,45206,11303,1,512760000,512760000,16951,5650,11301,5650,0,1,5652,2245847
168,5650,4000,4300,17200000,2,45206,11303,1,512760000,512760000,16951,5650,11301,5650,0,1,5652,2239157
168,5650,4000,4300,17200000,2,45206,11303,1,512760000,512760000,16951,5650,11301,5650,0,1,5652,2231392
168,5650,4000,4300,17200000,2,45206,11303,1,512760000,512760000,16951,5650,11301,5650,0,1,5652,2210760
168,5650,4000,4300,17200000,2,45206,11303,1,512760000,512760000,16951,5650,11301,5650,0,1,5652,2236511
168,6050,4000,4300,17200000,2,48406,12103,1,539320000,539320000,18151,6050,12101,6050,0,1,6052,29158501
168,6050,4000,4300,17200000,2,48406,12103,1,539320000,539320000,18151,6050,12101,6050,0,1,6052,2414198
168,6050,4000,4300,17200000,2,48406,12103,1,539320000,539320000,18151,6050,12101,6050,0,1,6052,2408555
168,6050,4000,4300,17200000,2,48406,12103,1,539320000,539320000,18151,6050,12101,6050,0,1,6052,2411151
168,6050,4000,4300,17200000,2,48406,12103,1,539320000,539320000,18151,6050,12101,6050,0,1,6052,2412886
168,6050,4000,4300,17200000,2,48406,12103,1,539320000,539320000,18151,6050,12101,6050,0,1,6052,2361806
168,6050,4000,4300,17200000,2,48406,12103,1,539320000,539320000,18151,6050,12101,6050,0,1,6052,2378108
168,6450,4000,4300,17200000,2,51606,12903,1,565880000,565880000,19351,6450,12901,6450,0,1,6452,30248168
168,6450,4000,4300,17200000,2,51606,12903,1,565880000,565880000,19351,6450,12901,6450,0,1,6452,2545538
168,6450,4000,4300,17200000,2,51606,12903,1,565880000,565880000,19351,6450,12901,6450,0,1,6452,2540895
168,6450,4000,4300,17200000,2,51606,12903,1,565880000,565880000,19351,6450,12901,6450,0,1,6452,2538512
168,6450,4000,4300,17200000,2,51606,12903,1,565880000,565880000,19351,6450,12901,6450,0,1,6452,2556613
168,6450,4000,4300,17200000,2,51606,12903,1,565880000,565880000,19351,6450,12901,6450,0,1,6452,2471082
168,6450,4000,4300,17200000,2,51606,12903,1,565880000,565880000,19351,6450,12901,6450,0,1,6452,2489972
168,6850,4000,4300,17200000,2,54806,13703,1,592440000,592440000,20551,6850,13701,6850,0,1,6852,33441319
168,6850,4000,4300,17200000,2,54806,13703,1,592440000,592440000,20551,6850,13701,6850,0,1,6852,2719061
168,6850,4000,4300,17200000,2,54806,13703,1,592440000,592440000,20551,6850,13701,6850,0,1,6852,2716275
168,6850,4000,4300,17200000,2,54806,13703,1,592440000,592440000,20551,6850,13701,6850,0,1,6852,2711245
168,6850,4000,4300,17200000,2,54806,13703,1,592440000,592440000,20551,6850,13701,6850,0,1,6852,2692672
168,6850,4000,4300,17200000,2,54806,13703,1,592440000,592440000,20551,6850,13701,6850,0,1,6852,2624396
168,6850,4000,4300,17200000,2,54806,13703,1,592440000,592440000,20551,6850,13701,6850,0,1,6852,2648273
168,50,4000,3900,15600000,2,406,103,1,127960000,127960000,151,50,101,50,0,1,52,155803
168,50,4000,3900,15600000,2,406,103,1,127960000,127960000,151,50,101,50,0,1,52,139362
168,50,4000,3900,15600000,2,406,103,1,127960000,127960000,151,50,101,50,0,1,52,136062
168,50,4000,3900,15600000,2,406,103,1,127960000,127960000,151,50,101,50,0,1,52,139005
168,50,4000,3900,15600000,2,406,103,1,127960000,127960000,151,50,101,50,0,1,52,127538
168,50,4000,3900,15600000,2,406,103,1,127960000,127960000,151,50,101,50,0,1,52,167613
168,50,4000,3900,15600000,2,406,103,1,127960000,127960000,151,50,101,50,0,1,52,168109
168,450,4000,3900,15600000,2,3606,903,1,153240000,153240000,1351,450,901,450,0,1,452,1532299
168,450,4000,3900,15600000,2,3606,903,1,153240000,153240000,1351,450,901,450,0,1,452,281356
168,450,4000,3900,15600000,2,3606,903,1,153240000,153240000,1351,450,901,450,0,1,452,282824
168,450,4000,3900,15600000,2,3606,903,1,153240000,153240000,1351,450,901,450,0,1,452,281792
168,450,4000,3900,15600000,2,3606,903,1,153240000,153240000,1351,450,901,450,0,1,452,284327
168,450,4000,3900,15600000,2,3606,903,1,153240000,153240000,1351,450,901,450,0,1,452,282979
168,450,4000,3900,15600000,2,3606,903,1,153240000,153240000,1351,450,901,450,0,1,452,284753
168,850,4000,3900,15600000,2,6806,1703,1,178520000,178520000,2551,850,1701,850,0,1,852,3146104
168,850,4000,3900,15600000,2,6806,1703,1,178520000,178520000,2551,850,1701,850,0,1,852,407362
168,850,4000,3900,15600000,2,6806,1703,1,178520000,178520000,2551,850,1701,850,0,1,852,408139
168,850,4000,3900,15600000,2,6806,1703,1,178520000,178520000,2551,850,1701,850,0,1,852,408812
168,850,4000,3900,15600000,2,6806,1703,1,178520000,178520000,2551,850,1701,850,0,1,852,409442
168,850,4000,3900,15600000,2,6806,1703,1,178520000,178520000,2551,850,1701,850,0,1,852,419938
168,850,4000,3900,15600000,2,6806,1703,1,178520000,178520000,2551,850,1701,850,0,1,852,422118
168,1250,4000,3900,15600000,2,10006,2503,1,203800000,203800000,3751,1250,2501,1250,0,1,1252,4886092
168,1250,4000,3900,15600000,2,10006,2503,1,203800000,203800000,3751,1250,2501,1250,0,1,1252,535341
168,1250,4000,3900,15600000,2,10006,2503,1,203800000,203800000,3751,1250,2501,1250,0,1,1252,531762
168,1250,4000,3900,15600000,2,10006,2503,1,203800000,203800000,3751,1250,2501,1250,0,1,1252,543306
168,1250,4000,3900,15600000,2,10006,2503,1,203800000,203800000,3751,1250,2501,1250,0,1,1252,535902
168,1250,4000,3900,15600000,2,10006,2503,1,203800000,203800000,3751,1250,2501,1250,0,1,1252,556334
168,1250,4000,3900,15600000,2,10006,2503,1,203800000,203800000,3751,1250,2501,1250,0,1,1252,558102
168,1650,4000,3900,15600000,2,13206,3303,1,229080000,229080000,4951,1650,3301,1650,0,1,1652,6654525
168,1650,4000,3900,15600000,2,13206,3303,1,229080000,229080000,4951,1650,3301,1650,0,1,1652,675376
168,1650,4000,3900,15600000,2,13206,3303,1,229080000,229080000,4951,1650,3301,1650,0,1,1652,677010
168,1650,4000,3900,15600000,2,13206,3303,1,229080000,229080000,4951,1650,3301,1650,0,1,1652,674534
168,1650,4000,3900,15600000,2,13206,3303,1,229080000,229080000,4951,1650,3301,1650,0,1,1652,675898
168,1650,4000,3900,15600000,2,13206,3303,1,229080000,229080000,4951,1650,3301,1650,0,1,1652,738758
168,1650,4000,3900,15600000,2,13206,3303,1,229080000,229080000,4951,1650,3301,1650,0,1,1652,740627
168,2050,4000,3900,15600000,2,16406,4103,1,254360000,254360000,6151,2050,4101,2050,0,1,2052,8458295
168,2050,4000,3900,15600000,2,16406,4103,1,254360000,254360000,6151,2050,4101,2050,0,1,2052,813033
168,2050,4000,3900,15600000,2,16406,4103,1,254360000,254360000,6151,2050,4101,2050,0,1,2052,813608
168,2050,4000,3900,15600000,2,16406,4103,1,254360000,254360000,6151,2050,4101,2050,0,1,2052,811429
168,2050,4000,3900,15600000,2,16406,4103,1,254360000,254360000,6151,2050,4101,2050,0,1,2052,814055
168,2050,4000,3900,15600000,2,16406,4103,1,254360000,254360000,6151,2050,4101,2050,0,1,2052,859441
168,2050,4000,3900,15600000,2,16406,4103,1,254360000,254360000,6151,2050,4101,2050,0,1,2052,860540
168,2450,4000,3900,15600000,2,19606,4903,1,279640000,279640000,7351,2450,4901,2450,0,1,2452,10198043
168,2450,4000,3900,15600000,2,19606,4903,1,279640000,279640000,7351,2450,4901,2450,0,1,2452,948896
168,2450,4000,3900,15600000,2,19606,4903,1,279640000,279640000,7351,2450,4901,2450,0,1,2452,944932
168,2450,4000,3900,15600000,2,19606,4903,1,279640000,279640000,7351,2450,4901,2450,0,1,2452,945877
168,2450,4000,3900,15600000,2,19606,4903,1,279640000,279640000,7351,2450,4901,2450,0,1,2452,946505
168,2450,4000,3900,15600000,2,19606,4903,1,279640000,279640000,7351,2450,4901,2450,0,1,2452,991448
168,2450,4000,3900,15600000,2,19606,4903,1,279640000,279640000,7351,2450,4901,2450,0,1,2452,993418
168,2850,4000,3900,15600000,2,22806,5703,1,304920000,304920000,8551,2850,5701,2850,0,1,2852,12206661
168,2850,4000,3900,15600000,2,22806,5703,1,304920000,304920000,8551,2850,5701,2850,0,1,2852,1073354
168,2850,4000,3900,15600000,2,22806,5703,1,304920000,304920000,8551,2850,5701,2850,0,1,2852,1072598
168,2850,4000,3900,15600000,2,22806,5703,1,304920000,304920000,8551,2850,5701,2850,0,1,2852,1071781
168,2850,4000,3900,15600000,2,22806,5703,1,304920000,304920000,8551,2850,5701,2850,0,1,2852,1083933
168,2850,4000,3900,15600000,2,22806,5703,1,304920000,304920000,8551,2850,5701,2850,0,1,2852,1122848
168,2850,4000,3900,15600000,2,22806,5703,1,304920000,304920000,8551,2850,5701,2850,0,1,2852,1124099
168,3250,4000,3900,15600000,2,26006,6503,1,330200000,330200000,9751,3250,6501,3250,0,1,3252,14072141
168,3250,4000,3900,15600000,2,26006,6503,1,330200000,330200000,9751,3250,6501,3250,0,1,3252,1221803
168,3250,4000,3900,15600000,2,26006,6503,1,330200000,330200000,9751,3250,6501,3250,0,1,3252,1230173
168,3250,4000,3900,15600000,2,26006,6503,1,330200000,330200000,9751,3250,6501,3250,0,1,3252,1230959
168,3250,4000,3900,15600000,2,26006,6503,1,330200000,330200000,9751,3250,6501,3250,0,1,3252,1220537
168,3250,4000,3900,15600000,2,26006,6503,1,330200000,330200000,9751,3250,6501,3250,0,1,3252,1269213
168,3250,4000,3900,15600000,2,26006,6503,1,330200000,330200000,9751,3250,6501,3250,0,1,3252,1270531
168,3650,4000,3900,15600000,2,29206,7303,1,355480000,355480000,10951,3650,7301,3650,0,1,3652,14957570
168,3650,4000,3900,15600000,2,29206,7303,1,355480000,355480000,10951,3650,7301,3650,0,1,3652,1364752
168,3650,4000,3900,15600000,2,29206,7303,1,355480000,355480000,10951,3650,7301,3650,0,1,3652,1355139
168,3650,4000,3900,15600000,2,29206,7303,1,355480000,355480000,10951,3650,7301,3650,0,1,3652,1351611
168,3650,4000,3900,15600000,2,29206,7303,1,355480000,355480000,10951,3650,7301,3650,0,1,3652,1356028
168,3650,4000,3900,15600000,2,29206,7303,1,355480000,355480000,10951,3650,7301,3650,0,1,3652,1377468
168,3650,4000,3900,15600000,2,29206,7303,1,355480000,355480000,10951,3650,7301,3650,0,1,3652,1383807
168,4050,4000,3900,15600000,2,32406,8103,1,380760000,380760000,12151,4050,8101,4050,0,1,4052,16977067
168,4050,4000,3900,15600000,2,32406,8103,1,380760000,380760000,12151,4050,8101,4050,0,1,4052,1494331
168,4050,4000,3900,15600000,2,32406,8103,1,380760000,380760000,12151,4050,8101,4050,0,1,4052,1492757
168,4050,4000,3900,15600000,2,32406,8103,1,380760000,380760000,12151,4050,8101,4050,0,1,4052,1511792
168,4050,4000,3900,15600000,2,32406,8103,1,380760000,380760000,12151,4050,8101,4050,0,1,4052,1498350
168,4050,4000,3900,15600000,2,32406,8103,1,380760000,380760000,12151,4050,8101,4050,0,1,4052,1512917
168,4050,4000,3900,15600000,2,32406,8103,1,380760000,380760000,12151,4050,8101,4050,0,1,4052,1520464
168,4450,4000,3900,15600000,2,35606,8903,1,406040000,406040000,13351,4450,8901,4450,0,1,4452,19463151
168,4450,4000,3900,15600000,2,35606,8903,1,406040000,406040000,13351,4450,8901,4450,0,1,4452,1637173
168,4450,4000,3900,15600000,2,35606,8903,1,406040000,406040000,13351,4450,8901,4450,0,1,4452,1640082
168,4450,4000,3900,15600000,2,35606,8903,1,406040000,406040000,13351,4450,8901,4450,0,1,4452,1635153
168,4450,4000,3900,15600000,2,35606,8903,1,406040000,406040000,13351,4450,8901,4450,0,1,4452,1636385
168,4450,4000,3900,15600000,2,35606,8903,1,406040000,406040000,13351,4450,8901,4450,0,1,4452,1662414
168,4450,4000,3900,15600000,2,35606,8903,1,406040000,406040000,13351,4450,8901,4450,0,1,4452,1668518
168,4850,4000,3900,15600000,2,38806,9703,1,431320000,431320000,14551,4850,9701,4850,0,1,4852,20650018
168,4850,4000,3900,15600000,2,38806,9703,1,431320000,431320000,14551,4850,9701,4850,0,1,4852,1780143
168,4850,4000,3900,15600000,2,38806,9703,1,431320000,431320000,14551,4850,9701,4850,0,1,4852,1765338
168,4850,4000,3900,15600000,2,38806,9703,1,431320000,431320000,14551,4850,9701,4850,0,1,4852,1763150
168,4850,4000,3900,15600000,2,38806,9703,1,431320000,431320000,14551,4850,9701,4850,0,1,4852,1777979
168,4850,4000,3900,15600000,2,38806,9703,1,431320000,431320000,14551,4850,9701,4850,0,1,4852,1767385
168,4850,4000,3900,15600000,2,38806,9703,1,431320000,431320000,14551,4850,9701,4850,0,1,4852,1773613
168,5250,4000,3900,15600000,2,42006,10503,1,456600000,456600000,15751,5250,10501,5250,0,1,5252,23636360
168,5250,4000,3900,15600000,2,42006,10503,1,456600000,456600000,15751,5250,10501,5250,0,1,5252,1899162
168,5250,4000,3900,15600000,2,42006,10503,1,456600000,456600000,15751,5250,10501,5250,0,1,5252,1918933
168,5250,4000,3900,15600000,2,42006,10503,1,456600000,456600000,15751,5250,10501,5250,0,1,5252,1914304
168,5250,4000,3900,15600000,2,42006,10503,1,456600000,456600000,15751,5250,10501,5250,0,1,5252,1901182
168,5250,4000,3900,15600000,2,42006,10503,1,456600000,456600000,15751,5250,10501,5250,0,1,5252,1920208
168,5250,4000,3900,15600000,2,42006,10503,1,456600000,456600000,15751,5250,10501,5250,0,1,5252,1927454
168,5650,4000,3900,15600000,2,45206,11303,1,481880000,481880000,16951,5650,11301,5650,0,1,5652,23815551
168,5650,4000,3900,15600000,2,45206,11303,1,481880000,481880000,16951,5650,11301,5650,0,1,5652,2080121
168,5650,4000,3900,15600000,2,45206,11303,1,481880000,481880000,16951,5650,11301,5650,0,1,5652,2081813
168,5650,4000,3900,15600000,2,45206,11303,1,481880000,481880000,16951,5650,11301,5650,0,1,5652,2080910
168,5650,4000,3900,15600000,2,45206,11303,1,481880000,481880000,16951,5650,11301,5650,0,1,5652,2078610
168,5650,4000,3900,15600000,2,45206,11303,1,481880000,481880000,16951,5650,11301,5650,0,1,5652,2027415
168,5650,4000,3900,15600000,2,45206,11303,1,481880000,481880000,16951,5650,11301,5650,0,1,5652,2079424
168,6050,4000,3900,15600000,2,48406,12103,1,507160000,507160000,18151,6050,12101,6050,0,1,6052,27496041
168,6050,4000,3900,15600000,2,48406,12103,1,507160000,507160000,18151,6050,12101,6050,0,1,6052,2204378
168,6050,4000,3900,15600000,2,48406,12103,1,507160000,507160000,18151,6050,12101,6050,0,1,6052,2201757
168,6050,4000,3900,15600000,2,48406,12103,1,507160000,507160000,18151,6050,12101,6050,0,1,6052,2202562
168,6050,4000,3900,15600000,2,48406,12103,1,507160000,507160000,18151,6050,12101,6050,0,1,6052,2203411
168,6050,4000,3900,15600000,2,48406,12103,1,507160000,507160000,18151,6050,12101,6050,0,1,6052,2131318
168,6050,4000,3900,15600000,2,48406,12103,1,507160000,507160000,18151,6050,12101,6050,0,1,6052,2149596
168,6450,4000,3900,15600000,2,51606,12903,1,532440000,532440000,19351,6450,12901,6450,0,1,6452,28572769
168,6450,4000,3900,15600000,2,51606,12903,1,532440000,532440000,19351,6450,12901,6450,0,1,6452,2324940
168,6450,4000,3900,15600000,2,51606,12903,1,532440000,532440000,19351,6450,12901,6450,0,1,6452,2343647
168,6450,4000,3900,15600000,2,51606,12903,1,532440000,532440000,19351,6450,12901,6450,0,1,6452,2341981
168,6450,4000,3900,15600000,2,51606,12903,1,532440000,532440000,19351,6450,12901,6450,0,1,6452,2346422
168,6450,4000,3900,15600000,2,51606,12903,1,532440000,532440000,19351,6450,12901,6450,0,1,6452,2292450
168,6450,4000,3900,15600000,2,51606,12903,1,532440000,532440000,19351,6450,12901,6450,0,1,6452,2312162
168,6850,4000,3900,15600000,2,54806,13703,1,557720000,557720000,20551,6850,13701,6850,0,1,6852,29926122
168,6850,4000,3900,15600000,2,54806,13703,1,557720000,557720000,20551,6850,13701,6850,0,1,6852,2487633
168,6850,4000,3900,15600000,2,54806,13703,1,557720000,557720000,20551,6850,13701,6850,0,1,6852,2482637
168,6850,4000,3900,15600000,2,54806,13703,1,557720000,557720000,20551,6850,13701,6850,0,1,6852,2479036
168,6850,4000,3900,15600000,2,54806,13703,1,557720000,557720000,20551,6850,13701,6850,0,1,6852,2486342
168,6850,4000,3900,15600000,2,54806,13703,1,557720000,557720000,20551,6850,13701,6850,0,1,6852,2394924
168,6850,4000,3900,15600000,2,54806,13703,1,557720000,557720000,20551,6850,13701,6850,0,1,6852,2416745
168,50,4000,3500,14000000,2,406,103,1,115000000,115000000,151,50,101,50,0,1,52,140590
168,50,4000,3500,14000000,2,406,103,1,115000000,115000000,151,50,101,50,0,1,52,134741
168,50,4000,3500,14000000,2,406,103,1,115000000,115000000,151,50,101,50,0,1,52,133307
168,50,4000,3500,14000000,2,406,103,1,115000000,115000000,151,50,101,50,0,1,52,134293
168,50,4000,3500,14000000,2,406,103,1,115000000,115000000,151,50,101,50,0,1,52,135109
168,50,4000,3500,14000000,2,406,103,1,115000000,115000000,151,50,101,50,0,1,52,165501
168,50,4000,3500,14000000,2,406,103,1,115000000,115000000,151,50,101,50,0,1,52,164998
168,450,4000,3500,14000000,2,3606,903,1,139000000,139000000,1351,450,901,450,0,1,452,1363392
168,450,4000,3500,14000000,2,3606,903,1,139000000,139000000,1351,450,901,450,0,1,452,250926
168,450,4000,3500,14000000,2,3606,903,1,139000000,139000000,1351,450,901,450,0,1,452,253411
168,450,4000,3500,14000000,2,3606,903,1,139000000,139000000,1351,450,901,450,0,1,452,252886
168,450,4000,3500,14000000,2,3606,903,1,139000000,139000000,1351,450,901,450,0,1,452,254707
168,450,4000,3500,14000000,2,3606,903,1,139000000,139000000,1351,450,901,450,0,1,452,256461
168,450,4000,3500,14000000,2,3606,903,1,139000000,139000000,1351,450,901,450,0,1,452,257163
168,850,4000,3500,14000000,2,6806,1703,1,163000000,163000000,2551,850,1701,850,0,1,852,2771216
168,850,4000,3500,14000000,2,6806,1703,1,163000000,163000000,2551,850,1701,850,0,1,852,366329
168,850,4000,3500,14000000,2,6806,1703,1,163000000,163000000,2551,850,1701,850,0,1,852,369278
168,850,4000,3500,14000000,2,6806,1703,1,163000000,163000000,2551,850,1701,850,0,1,852,367553
168,850,4000,3500,14000000,2,6806,1703,1,163000000,163000000,2551,850,1701,850,0,1,852,368663
168,850,4000,3500,14000000,2,6806,1703,1,163000000,163000000,2551,850,1701,850,0,1,852,375797
168,850,4000,3500,14000000,2,6806,1703,1,163000000,163000000,2551,850,1701,850,0,1,852,379576
168,1250,4000,3500,14000000,2,10006,2503,1,187000000,187000000,3751,1250,2501,1250,0,1,1252,4323395
168,1250,4000,3500,14000000,2,10006,2503,1,187000000,187000000,3751,1250,2501,1250,0,1,1252,489263
168,1250,4000,3500,14000000,2,10006,2503,1,187000000,187000000,3751,1250,2501,1250,0,1,1252,488267
168,1250,4000,3500,14000000,2,10006,2503,1,187000000,187000000,3751,1250,2501,1250,0,1,1252,488782
168,1250,4000,3500,14000000,2,10006,2503,1,187000000,187000000,3751,1250,2501,1250,0,1,1252,489589
168,1250,4000,3500,14000000,2,10006,2503,1,187000000,187000000,3751,1250,2501,1250,0,1,1252,517987
168,1250,4000,3500,14000000,2,10006,2503,1,187000000,187000000,3751,1250,2501,1250,0,1,1252,518396
168,1650,4000,3500,14000000,2,13206,3303,1,211000000,211000000,4951,1650,3301,1650,0,1,1652,6016016
168,1650,4000,3500,14000000,2,13206,3303,1,211000000,211000000,4951,1650,3301,1650,0,1,1652,608961
168,1650,4000,3500,14000000,2,13206,3303,1,211000000,211000000,4951,1650,3301,1650,0,1,1652,609675
168,1650,4000,3500,14000000,2,13206,3303,1,211000000,211000000,4951,1650,3301,1650,0,1,1652,608520
168,1650,4000,3500,14000000,2,13206,3303,1,211000000,211000000,4951,1650,3301,1650,0,1,1652,609302
168,1650,4000,3500,14000000,2,13206,3303,1,211000000,211000000,4951,1650,3301,1650,0,1,1652,654390
168,1650,4000,3500,14000000,2,13206,3303,1,211000000,211000000,4951,1650,3301,1650,0,1,1652,654832
168,2050,4000,3500,14000000,2,16406,4103,1,235000000,235000000,6151,2050,4101,2050,0,1,2052,7465996
168,2050,4000,3500,14000000,2,16406,4103,1,235000000,235000000,6151,2050,4101,2050,0,1,2052,741790
168,2050,4000,3500,14000000,2,16406,4103,1,235000000,235000000,6151,2050,4101,2050,0,1,2052,729566
168,2050,4000,3500,14000000,2,16406,4103,1,235000000,235000000,6151,2050,4101,2050,0,1,2052,728914
168,2050,4000,3500,14000000,2,16406,4103,1,235000000,235000000,6151,2050,4101,2050,0,1,2052,728389
168,2050,4000,3500,14000000,2,16406,4103,1,235000000,235000000,6151,2050,4101,2050,0,1,2052,784671
168,2050,4000,3500,14000000,2,16406,4103,1,235000000,235000000,6151,2050,4101,2050,0,1,2052,785151
168,2450,4000,3500,14000000,2,19606,4903,1,259000000,259000000,7351,2450,4901,2450,0,1,2452,9135760
168,2450,4000,3500,14000000,2,19606,4903,1,259000000,259000000,7351,2450,4901,2450,0,1,2452,857626
168,2450,4000,3500,14000000,2,19606,4903,1,259000000,259000000,7351,2450,4901,2450,0,1,2452,858690
168,2450,4000,3500,14000000,2,19606,4903,1,259000000,259000000,7351,2450,4901,2450,0,1,2452,858138
168,2450,4000,3500,14000000,2,19606,4903,1,259000000,259000000,7351,2450,4901,2450,0,1,2452,861256
168,2450,4000,3500,14000000,2,19606,4903,1,259000000,259000000,7351,2450,4901,2450,0,1,2452,912927
168,2450,4000,3500,14000000,2,19606,4903,1,259000000,259000000,7351,2450,4901,2450,0,1,2452,914178
168,2850,4000,3500,14000000,2,22806,5703,1,283000000,283000000,8551,2850,5701,2850,0,1,2852,10874432
168,2850,4000,3500,14000000,2,22806,5703,1,283000000,283000000,8551,2850,5701,2850,0,1,2852,987011
168,2850,4000,3500,14000000,2,22806,5703,1,283000000,283000000,8551,2850,5701,2850,0,1,2852,989958
168,2850,4000,3500,14000000,2,22806,5703,1,283000000,283000000,8551,2850,5701,2850,0,1,2852,990695
168,2850,4000,3500,14000000,2,22806,5703,1,283000000,283000000,8551,2850,5701,2850,0,1,2852,986030
168,2850,4000,3500,14000000,2,22806,5703,1,283000000,283000000,8551,2850,5701,2850,0,1,2852,1047995
168,2850,4000,3500,14000000,2,22806,5703,1,283000000,283000000,8551,2850,5701,2850,0,1,2852,1048546
168,3250,4000,3500,14000000,2,26006,6503,1,307000000,307000000,9751,3250,6501,3250,0,1,3252,12469799
168,3250,4000,3500,14000000,2,26006,6503,1,307000000,307000000,9751,3250,6501,3250,0,1,3252,1108484
168,3250,4000,3500,14000000,2,26006,6503,1,307000000,307000000,9751,3250,6501,3250,0,1,3252,1109073
168,3250,4000,3500,14000000,2,26006,6503,1,307000000,307000000,9751,3250,6501,3250,0,1,3252,1107764
168,3250,4000,3500,14000000,2,26006,6503,1,307000000,307000000,9751,3250,6501,3250,0,1,3252,1106301
168,3250,4000,3500,14000000,2,26006,6503,1,307000000,307000000,9751,3250,6501,3250,0,1,3252,1147263
168,3250,4000,3500,14000000,2,26006,6503,1,307000000,307000000,9751,3250,6501,3250,0,1,3252,1148529
168,3650,4000,3500,14000000,2,29206,7303,1,331000000,331000000,10951,3650,7301,3650,0,1,3652,14244624
168,3650,4000,3500,14000000,2,29206,7303,1,331000000,331000000,10951,3650,7301,3650,0,1,3652,1235271
168,3650,4000,3500,14000000,2,29206,7303,1,331000000,331000000,10951,3650,7301,3650,0,1,3652,1214330
168,3650,4000,3500,14000000,2,29206,7303,1,331000000,331000000,10951,3650,7301,3650,0,1,3652,1212761
168,3650,4000,3500,14000000,2,29206,7303,1,331000000,331000000,10951,3650,7301,3650,0,1,3652,1236122
168,3650,4000,3500,14000000,2,29206,7303,1,331000000,331000000,10951,3650,7301,3650,0,1,3652,1256785
168,3650,4000,3500,14000000,2,29206,7303,1,331000000,331000000,10951,3650,7301,3650,0,1,3652,1263820
168,4050,4000,3500,14000000,2,32406,8103,1,355000000,355000000,12151,4050,8101,4050,0,1,4052,15512114
168,4050,4000,3500,14000000,2,32406,8103,1,355000000,355000000,12151,4050,8101,4050,0,1,4052,1339667
168,4050,4000,3500,14000000,2,32406,8103,1,355000000,355000000,12151,4050,8101,4050,0,1,4052,1359217
168,4050,4000,3500,14000000,2,32406,8103,1,355000000,355000000,12151,4050,8101,4050,0,1,4052,1358250
168,4050,4000,3500,14000000,2,32406,8103,1,355000000,355000000,12151,4050,8101,4050,0,1,4052,1338539
168,4050,4000,3500,14000000,2,32406,8103,1,355000000,355000000,12151,4050,8101,4050,0,1,4052,1406495
168,4050,4000,3500,14000000,2,32406,8103,1,355000000,355000000,12151,4050,8101,4050,0,1,4052,1407886
168,4450,4000,3500,14000000,2,35606,8903,1,379000000,379000000,13351,4450,8901,4450,0,1,4452,16698036
168,4450,4000,3500,14000000,2,35606,8903,1,379000000,379000000,13351,4450,8901,4450,0,1,4452,1488011
168,4450,4000,3500,14000000,2,35606,8903,1,379000000,379000000,13351,4450,8901,4450,0,1,4452,1484542
168,4450,4000,3500,14000000,2,35606,8903,1,379000000,379000000,13351,4450,8901,4450,0,1,4452,1481890
168,4450,4000,3500,14000000,2,35606,8903,1,379000000,379000000,13351,4450,8901,4450,0,1,4452,1483417
168,4450,4000,3500,14000000,2,35606,8903,1,379000000,379000000,13351,4450,8901,4450,0,1,4452,1494683
168,4450,4000,3500,14000000,2,35606,8903,1,379000000,379000000,13351,4450,8901,4450,0,1,4452,1502036
168,4850,4000,3500,14000000,2,38806,9703,1,403000000,403000000,14551,4850,9701,4850,0,1,4852,18618274
168,4850,4000,3500,14000000,2,38806,9703,1,403000000,403000000,14551,4850,9701,4850,0,1,4852,1593263
168,4850,4000,3500,14000000,2,38806,9703,1,403000000,403000000,14551,4850,9701,4850,0,1,4852,1617384
168,4850,4000,3500,14000000,2,38806,9703,1,403000000,403000000,14551,4850,9701,4850,0,1,4852,1609722
168,4850,4000,3500,14000000,2,38806,9703,1,403000000,403000000,14551,4850,9701,4850,0,1,4852,1619763
168,4850,4000,3500,14000000,2,38806,9703,1,403000000,403000000,14551,4850,9701,4850,0,1,4852,1618769
168,4850,4000,3500,14000000,2,38806,9703,1,403000000,403000000,14551,4850,9701,4850,0,1,4852,1625887
168,5250,4000,3500,14000000,2,42006,10503,1,427000000,427000000,15751,5250,10501,5250,0,1,5252,21339275
168,5250,4000,3500,14000000,2,42006,10503,1,427000000,427000000,15751,5250,10501,5250,0,1,5252,1728129
168,5250,4000,3500,14000000,2,42006,10503,1,427000000,427000000,15751,5250,10501,5250,0,1,5252,1726999
168,5250,4000,3500,14000000,2,42006,10503,1,427000000,427000000,15751,5250,10501,5250,0,1,5252,1723706
168,5250,4000,3500,14000000,2,42006,10503,1,427000000,427000000,15751,5250,10501,5250,0,1,5252,1725938
168,5250,4000,3500,14000000,2,42006,10503,1,427000000,427000000,15751,5250,10501,5250,0,1,5252,1722529
168,5250,4000,3500,14000000,2,42006,10503,1,427000000,427000000,15751,5250,10501,5250,0,1,5252,1732377
168,5650,4000,3500,14000000,2,45206,11303,1,451000000,451000000,16951,5650,11301,5650,0,1,5652,23262095
168,5650,4000,3500,14000000,2,45206,11303,1,451000000,451000000,16951,5650,11301,5650,0,1,5652,1877080
168,5650,4000,3500,14000000,2,45206,11303,1,451000000,451000000,16951,5650,11301,5650,0,1,5652,1874556
168,5650,4000,3500,14000000,2,45206,11303,1,451000000,451000000,16951,5650,11301,5650,0,1,5652,1867676
168,5650,4000,3500,14000000,2,45206,11303,1,451000000,451000000,16951,5650,11301,5650,0,1,5652,1875981
168,5650,4000,3500,14000000,2,45206,11303,1,451000000,451000000,16951,5650,11301,5650,0,1,5652,1858840
168,5650,4000,3500,14000000,2,45206,11303,1,451000000,451000000,16951,5650,11301,5650,0,1,5652,1878625
168,6050,4000,3500,14000000,2,48406,12103,1,475000000,475000000,18151,6050,12101,6050,0,1,6052,24193340
168,6050,4000,3500,14000000,2,48406,12103,1,475000000,475000000,18151,6050,12101,6050,0,1,6052,1977534
168,6050,4000,3500,14000000,2,48406,12103,1,475000000,475000000,18151,6050,12101,6050,0,1,6052,1960517
168,6050,4000,3500,14000000,2,48406,12103,1,475000000,475000000,18151,6050,12101,6050,0,1,6052,1967519
168,6050,4000,3500,14000000,2,48406,12103,1,475000000,475000000,18151,6050,12101,6050,0,1,6052,1968454
168,6050,4000,3500,14000000,2,48406,12103,1,475000000,475000000,18151,6050,12101,6050,0,1,6052,1939037
168,6050,4000,3500,14000000,2,48406,12103,1,475000000,475000000,18151,6050,12101,6050,0,1,6052,1966384
168,6450,4000,3500,14000000,2,51606,12903,1,499000000,499000000,19351,6450,12901,6450,0,1,6452,25531193
168,6450,4000,3500,14000000,2,51606,12903,1,499000000,499000000,19351,6450,12901,6450,0,1,6452,2094800
168,6450,4000,3500,14000000,2,51606,12903,1,499000000,499000000,19351,6450,12901,6450,0,1,6452,2123267
168,6450,4000,3500,14000000,2,51606,12903,1,499000000,499000000,19351,6450,12901,6450,0,1,6452,2120098
168,6450,4000,3500,14000000,2,51606,12903,1,499000000,499000000,19351,6450,12901,6450,0,1,6452,2125818
168,6450,4000,3500,14000000,2,51606,12903,1,499000000,499000000,19351,6450,12901,6450,0,1,6452,2061626
168,6450,4000,3500,14000000,2,51606,12903,1,499000000,499000000,19351,6450,12901,6450,0,1,6452,2097474
168,6850,4000,3500,14000000,2,54806,13703,1,523000000,523000000,20551,6850,13701,6850,0,1,6852,27426206
168,6850,4000,3500,14000000,2,54806,13703,1,523000000,523000000,20551,6850,13701,6850,0,1,6852,2230878
168,6850,4000,3500,14000000,2,54806,13703,1,523000000,523000000,20551,6850,13701,6850,0,1,6852,2213700
168,6850,4000,3500,14000000,2,54806,13703,1,523000000,523000000,20551,6850,13701,6850,0,1,6852,2209582
168,6850,4000,3500,14000000,2,54806,13703,1,523000000,523000000,20551,6850,13701,6850,0,1,6852,2229598
168,6850,4000,3500,14000000,2,54806,13703,1,523000000,523000000,20551,6850,13701,6850,0,1,6852,2162379
168,6850,4000,3500,14000000,2,54806,13703,1,523000000,523000000,20551,6850,13701,6850,0,1,6852,2182564
168,50,4000,3100,12400000,2,406,103,1,102040000,102040000,151,50,101,50,0,1,52,126357
168,50,4000,3100,12400000,2,406,103,1,102040000,102040000,151,50,101,50,0,1,52,113642
168,50,4000,3100,12400000,2,406,103,1,102040000,102040000,151,50,101,50,0,1,52,114992
168,50,4000,3100,12400000,2,406,103,1,102040000,102040000,151,50,101,50,0,1,52,114083
168,50,4000,3100,12400000,2,406,103,1,102040000,102040000,151,50,101,50,0,1,52,106271
168,50,4000,3100,12400000,2,406,103,1,102040000,102040000,151,50,101,50,0,1,52,140272
168,50,4000,3100,12400000,2,406,103,1,102040000,102040000,151,50,101,50,0,1,52,140772
168,450,4000,3100,12400000,2,3606,903,1,124760000,124760000,1351,450,901,450,0,1,452,1175815
168,450,4000,3100,12400000,2,3606,903,1,124760000,124760000,1351,450,901,450,0,1,452,210918
168,450,4000,3100,12400000,2,3606,903,1,124760000,124760000,1351,450,901,450,0,1,452,211446
168,450,4000,3100,12400000,2,3606,903,1,124760000,124760000,1351,450,901,450,0,1,452,214620
168,450,4000,3100,12400000,2,3606,903,1,124760000,124760000,1351,450,901,450,0,1,452,215048
168,450,4000,3100,12400000,2,3606,903,1,124760000,124760000,1351,450,901,450,0,1,452,219261
168,450,4000,3100,12400000,2,3606,903,1,124760000,124760000,1351,450,901,450,0,1,452,221821
168,850,4000,3100,12400000,2,6806,1703,1,147480000,147480000,2551,850,1701,850,0,1,852,2505063
168,850,4000,3100,12400000,2,6806,1703,1,147480000,147480000,2551,850,1701,850,0,1,852,328984
168,850,4000,3100,12400000,2,6806,1703,1,147480000,147480000,2551,850,1701,850,0,1,852,330327
168,850,4000,3100,12400000,2,6806,1703,1,147480000,147480000,2551,850,1701,850,0,1,852,338250
168,850,4000,3100,12400000,2,6806,1703,1,147480000,147480000,2551,850,1701,850,0,1,852,329684
168,850,4000,3100,12400000,2,6806,1703,1,147480000,147480000,2551,850,1701,850,0,1,852,353932
168,850,4000,3100,12400000,2,6806,1703,1,147480000,147480000,2551,850,1701,850,0,1,852,353557
168,1250,4000,3100,12400000,2,10006,2503,1,170200000,170200000,3751,1250,2501,1250,0,1,1252,3858028
168,1250,4000,3100,12400000,2,10006,2503,1,170200000,170200000,3751,1250,2501,1250,0,1,1252,442290
168,1250,4000,3100,12400000,2,10006,2503,1,170200000,170200000,3751,1250,2501,1250,0,1,1252,443227
168,1250,4000,3100,12400000,2,10006,2503,1,170200000,170200000,3751,1250,2501,1250,0,1,1252,442702
168,1250,4000,3100,12400000,2,10006,2503,1,170200000,170200000,3751,1250,2501,1250,0,1,1252,441374
168,1250,4000,3100,12400000,2,10006,2503,1,170200000,170200000,3751,1250,2501,1250,0,1,1252,452717
168,1250,4000,3100,12400000,2,10006,2503,1,170200000,170200000,3751,1250,2501,1250,0,1,1252,454396
168,1650,4000,3100,12400000,2,13206,3303,1,192920000,192920000,4951,1650,3301,1650,0,1,1652,5202328
168,1650,4000,3100,12400000,2,13206,3303,1,192920000,192920000,4951,1650,3301,1650,0,1,1652,542960
168,1650,4000,3100,12400000,2,13206,3303,1,192920000,192920000,4951,1650,3301,1650,0,1,1652,541497
168,1650,4000,3100,12400000,2,13206,3303,1,192920000,192920000,4951,1650,3301,1650,0,1,1652,542569
168,1650,4000,3100,12400000,2,13206,3303,1,192920000,192920000,4951,1650,3301,1650,0,1,1652,542047
168,1650,4000,3100,12400000,2,13206,3303,1,192920000,192920000,4951,1650,3301,1650,0,1,1652,571570
168,1650,4000,3100,12400000,2,13206,3303,1,192920000,192920000,4951,1650,3301,1650,0,1,1652,572583
168,2050,4000,3100,12400000,2,16406,4103,1,215640000,215640000,6151,2050,4101,2050,0,1,2052,6593815
168,2050,4000,3100,12400000,2,16406,4103,1,215640000,215640000,6151,2050,4101,2050,0,1,2052,661797
168,2050,4000,3100,12400000,2,16406,4103,1,215640000,215640000,6151,2050,4101,2050,0,1,2052,661141
168,2050,4000,3100,12400000,2,16406,4103,1,215640000,215640000,6151,2050,4101,2050,0,1,2052,659035
168,2050,4000,3100,12400000,2,16406,4103,1,215640000,215640000,6151,2050,4101,2050,0,1,2052,660455
168,2050,4000,3100,12400000,2,16406,4103,1,215640000,215640000,6151,2050,4101,2050,0,1,2052,699043
168,2050,4000,3100,12400000,2,16406,4103,1,215640000,215640000,6151,2050,4101,2050,0,1,2052,699528
168,2450,4000,3100,12400000,2,19606,4903,1,238360000,238360000,7351,2450,4901,2450,0,1,2452,7886970
168,2450,4000,3100,12400000,2,19606,4903,1,238360000,238360000,7351,2450,4901,2450,0,1,2452,772924
168,2450,4000,3100,12400000,2,19606,4903,1,238360000,238360000,7351,2450,4901,2450,0,1,2452,768732
168,2450,4000,3100,12400000,2,19606,4903,1,238360000,238360000,7351,2450,4901,2450,0,1,2452,767430
168,2450,4000,3100,12400000,2,19606,4903,1,238360000,238360000,7351,2450,4901,2450,0,1,2452,769446
168,2450,4000,3100,12400000,2,19606,4903,1,238360000,238360000,7351,2450,4901,2450,0,1,2452,822484
168,2450,4000,3100,12400000,2,19606,4903,1,238360000,238360000,7351,2450,4901,2450,0,1,2452,823005
168,2850,4000,3100,12400000,2,22806,5703,1,261080000,261080000,8551,2850,5701,2850,0,1,2852,9469174
168,2850,4000,3100,12400000,2,22806,5703,1,261080000,261080000,8551,2850,5701,2850,0,1,2852,876882
168,2850,4000,3100,12400000,2,22806,5703,1,261080000,261080000,8551,2850,5701,2850,0,1,2852,874749
168,2850,4000,3100,12400000,2,22806,5703,1,261080000,261080000,8551,2850,5701,2850,0,1,2852,876114
168,2850,4000,3100,12400000,2,22806,5703,1,261080000,261080000,8551,2850,5701,2850,0,1,2852,886010
168,2850,4000,3100,12400000,2,22806,5703,1,261080000,261080000,8551,2850,5701,2850,0,1,2852,932918
168,2850,4000,3100,12400000,2,22806,5703,1,261080000,261080000,8551,2850,5701,2850,0,1,2852,934175
168,3250,4000,3100,12400000,2,26006,6503,1,283800000,283800000,9751,3250,6501,3250,0,1,3252,10750556
168,3250,4000,3100,12400000,2,26006,6503,1,283800000,283800000,9751,3250,6501,3250,0,1,3252,975679
168,3250,4000,3100,12400000,2,26006,6503,1,283800000,283800000,9751,3250,6501,3250,0,1,3252,993796
168,3250,4000,3100,12400000,2,26006,6503,1,283800000,283800000,9751,3250,6501,3250,0,1,3252,994576
168,3250,4000,3100,12400000,2,26006,6503,1,283800000,283800000,9751,3250,6501,3250,0,1,3252,974730
168,3250,4000,3100,12400000,2,26006,6503,1,283800000,283800000,9751,3250,6501,3250,0,1,3252,1059629
168,3250,4000,3100,12400000,2,26006,6503,1,283800000,283800000,9751,3250,6501,3250,0,1,3252,1060862
168,3650,4000,3100,12400000,2,29206,7303,1,306520000,306520000,10951,3650,7301,3650,0,1,3652,12510047
168,3650,4000,3100,12400000,2,29206,7303,1,306520000,306520000,10951,3650,7301,3650,0,1,3652,1083655
168,3650,4000,3100,12400000,2,29206,7303,1,306520000,306520000,10951,3650,7301,3650,0,1,3652,1084263
168,3650,4000,3100,12400000,2,29206,7303,1,306520000,306520000,10951,3650,7301,3650,0,1,3652,1084828
168,3650,4000,3100,12400000,2,29206,7303,1,306520000,306520000,10951,3650,7301,3650,0,1,3652,1085463
168,3650,4000,3100,12400000,2,29206,7303,1,306520000,306520000,10951,3650,7301,3650,0,1,3652,1142626
168,3650,4000,3100,12400000,2,29206,7303,1,306520000,306520000,10951,3650,7301,3650,0,1,3652,1143943
168,4050,4000,3100,12400000,2,32406,8103,1,329240000,329240000,12151,4050,8101,4050,0,1,4052,13631835
168,4050,4000,3100,12400000,2,32406,8103,1,329240000,329240000,12151,4050,8101,4050,0,1,4052,1219469
168,4050,4000,3100,12400000,2,32406,8103,1,329240000,329240000,12151,4050,8101,4050,0,1,4052,1202927
168,4050,4000,3100,12400000,2,32406,8103,1,329240000,329240000,12151,4050,8101,4050,0,1,4052,1206577
168,4050,4000,3100,12400000,2,32406,8103,1,329240000,329240000,12151,4050,8101,4050,0,1,4052,1205648
168,4050,4000,3100,12400000,2,32406,8103,1,329240000,329240000,12151,4050,8101,4050,0,1,4052,1244864
168,4050,4000,3100,12400000,2,32406,8103,1,329240000,329240000,12151,4050,8101,4050,0,1,4052,1246239
168,4450,4000,3100,12400000,2,35606,8903,1,351960000,351960000,13351,4450,8901,4450,0,1,4452,15175919
168,4450,4000,3100,12400000,2,35606,8903,1,351960000,351960000,13351,4450,8901,4450,0,1,4452,1312697
168,4450,4000,3100,12400000,2,35606,8903,1,351960000,351960000,13351,4450,8901,4450,0,1,4452,1317443
168,4450,4000,3100,12400000,2,35606,8903,1,351960000,351960000,13351,4450,8901,4450,0,1,4452,1329332
168,4450,4000,3100,12400000,2,35606,8903,1,351960000,351960000,13351,4450,8901,4450,0,1,4452,1330252
168,4450,4000,3100,12400000,2,35606,8903,1,351960000,351960000,13351,4450,8901,4450,0,1,4452,1373623
168,4450,4000,3100,12400000,2,35606,8903,1,351960000,351960000,13351,4450,8901,4450,0,1,4452,1375038
168,4850,4000,3100,12400000,2,38806,9703,1,374680000,374680000,14551,4850,9701,4850,0,1,4852,16626428
168,4850,4000,3100,12400000,2,38806,9703,1,374680000,374680000,14551,4850,9701,4850,0,1,4852,1426750
168,4850,4000,3100,12400000,2,38806,9703,1,374680000,374680000,14551,4850,9701,4850,0,1,4852,1425931
168,4850,4000,3100,12400000,2,38806,9703,1,374680000,374680000,14551,4850,9701,4850,0,1,4852,1425026
168,4850,4000,3100,12400000,2,38806,9703,1,374680000,374680000,14551,4850,9701,4850,0,1,4852,1424290
168,4850,4000,3100,12400000,2,38806,9703,1,374680000,374680000,14551,4850,9701,4850,0,1,4852,1447126
168,4850,4000,3100,12400000,2,38806,9703,1,374680000,374680000,14551,4850,9701,4850,0,1,4852,1453846
168,5250,4000,3100,12400000,2,42006,10503,1,397400000,397400000,15751,5250,10501,5250,0,1,5252,18315434
168,5250,4000,3100,12400000,2,42006,10503,1,397400000,397400000,15751,5250,10501,5250,0,1,5252,1552860
168,5250,4000,3100,12400000,2,42006,10503,1,397400000,397400000,15751,5250,10501,5250,0,1,5252,1547282
168,5250,4000,3100,12400000,2,42006,10503,1,397400000,397400000,15751,5250,10501,5250,0,1,5252,1545665
168,5250,4000,3100,12400000,2,42006,10503,1,397400000,397400000,15751,5250,10501,5250,0,1,5252,1557133
168,5250,4000,3100,12400000,2,42006,10503,1,397400000,397400000,15751,5250,10501,5250,0,1,5252,1554695
168,5250,4000,3100,12400000,2,42006,10503,1,397400000,397400000,15751,5250,10501,5250,0,1,5252,1563731
168,5650,4000,3100,12400000,2,45206,11303,1,420120000,420120000,16951,5650,11301,5650,0,1,5652,19078857
168,5650,4000,3100,12400000,2,45206,11303,1,420120000,420120000,16951,5650,11301,5650,0,1,5652,1651828
168,5650,4000,3100,12400000,2,45206,11303,1,420120000,420120000,16951,5650,11301,5650,0,1,5652,1662668
168,5650,4000,3100,12400000,2,45206,11303,1,420120000,420120000,16951,5650,11301,5650,0,1,5652,1659160
168,5650,4000,3100,12400000,2,45206,11303,1,420120000,420120000,16951,5650,11301,5650,0,1,5652,1653857
168,5650,4000,3100,12400000,2,45206,11303,1,420120000,420120000,16951,5650,11301,5650,0,1,5652,1674701
168,5650,4000,3100,12400000,2,45206,11303,1,420120000,420120000,16951,5650,11301,5650,0,1,5652,1682536
168,6050,4000,3100,12400000,2,48406,12103,1,442840000,442840000,18151,6050,12101,6050,0,1,6052,20931334
168,6050,4000,3100,12400000,2,48406,12103,1,442840000,442840000,18151,6050,12101,6050,0,1,6052,1768837
168,6050,4000,3100,12400000,2,48406,12103,1,442840000,442840000,18151,6050,12101,6050,0,1,6052,1748218
168,6050,4000,3100,12400000,2,48406,12103,1,442840000,442840000,18151,6050,12101,6050,0,1,6052,1745908
168,6050,4000,3100,12400000,2,48406,12103,1,442840000,442840000,18151,6050,12101,6050,0,1,6052,1771001
168,6050,4000,3100,12400000,2,48406,12103,1,442840000,442840000,18151,6050,12101,6050,0,1,6052,1750913
168,6050,4000,3100,12400000,2,48406,12103,1,442840000,442840000,18151,6050,12101,6050,0,1,6052,1769805
168,6450,4000,3100,12400000,2,51606,12903,1,465560000,465560000,19351,6450,12901,6450,0,1,6452,22083282
168,6450,4000,3100,12400000,2,51606,12903,1,465560000,465560000,19351,6450,12901,6450,0,1,6452,1871968
168,6450,4000,3100,12400000,2,51606,12903,1,465560000,465560000,19351,6450,12901,6450,0,1,6452,1887780
168,6450,4000,3100,12400000,2,51606,12903,1,465560000,465560000,19351,6450,12901,6450,0,1,6452,1886509
168,6450,4000,3100,12400000,2,51606,12903,1,465560000,465560000,19351,6450,12901,6450,0,1,6452,1869798
168,6450,4000,3100,12400000,2,51606,12903,1,465560000,465560000,19351,6450,12901,6450,0,1,6452,1881541
168,6450,4000,3100,12400000,2,51606,12903,1,465560000,465560000,19351,6450,12901,6450,0,1,6452,1892627
168,6850,4000,3100,12400000,2,54806,13703,1,488280000,488280000,20551,6850,13701,6850,0,1,6852,23044063
168,6850,4000,3100,12400000,2,54806,13703,1,488280000,488280000,20551,6850,13701,6850,0,1,6852,2020117
168,6850,4000,3100,12400000,2,54806,13703,1,488280000,488280000,20551,6850,13701,6850,0,1,6852,2001912
168,6850,4000,3100,12400000,2,54806,13703,1,488280000,488280000,20551,6850,13701,6850,0,1,6852,1998278
168,6850,4000,3100,12400000,2,54806,13703,1,488280000,488280000,20551,6850,13701,6850,0,1,6852,2005714
168,6850,4000,3100,12400000,2,54806,13703,1,488280000,488280000,20551,6850,13701,6850,0,1,6852,1954694
168,6850,4000,3100,12400000,2,54806,13703,1,488280000,488280000,20551,6850,13701,6850,0,1,6852,1973039
168,50,4000,2700,10800000,2,406,103,1,89080000,89080000,151,50,101,50,0,1,52,111079
168,50,4000,2700,10800000,2,406,103,1,89080000,89080000,151,50,101,50,0,1,52,97749
168,50,4000,2700,10800000,2,406,103,1,89080000,89080000,151,50,101,50,0,1,52,100772
168,50,4000,2700,10800000,2,406,103,1,89080000,89080000,151,50,101,50,0,1,52,90178
168,50,4000,2700,10800000,2,406,103,1,89080000,89080000,151,50,101,50,0,1,52,101146
168,50,4000,2700,10800000,2,406,103,1,89080000,89080000,151,50,101,50,0,1,52,130717
168,50,4000,2700,10800000,2,406,103,1,89080000,89080000,151,50,101,50,0,1,52,131219
168,450,4000,2700,10800000,2,3606,903,1,110520000,110520000,1351,450,901,450,0,1,452,1041263
168,450,4000,2700,10800000,2,3606,903,1,110520000,110520000,1351,450,901,450,0,1,452,189212
168,450,4000,2700,10800000,2,3606,903,1,110520000,110520000,1351,450,901,450,0,1,452,188618
168,450,4000,2700,10800000,2,3606,903,1,110520000,110520000,1351,450,901,450,0,1,452,188992
168,450,4000,2700,10800000,2,3606,903,1,110520000,110520000,1351,450,901,450,0,1,452,187891
168,450,4000,2700,10800000,2,3606,903,1,110520000,110520000,1351,450,901,450,0,1,452,211014
168,450,4000,2700,10800000,2,3606,903,1,110520000,110520000,1351,450,901,450,0,1,452,211354
168,850,4000,2700,10800000,2,6806,1703,1,131960000,131960000,2551,850,1701,850,0,1,852,2051358
168,850,4000,2700,10800000,2,6806,1703,1,131960000,131960000,2551,850,1701,850,0,1,852,291285
168,850,4000,2700,10800000,2,6806,1703,1,131960000,131960000,2551,850,1701,850,0,1,852,289210
168,850,4000,2700,10800000,2,6806,1703,1,131960000,131960000,2551,850,1701,850,0,1,852,292147
168,850,4000,2700,10800000,2,6806,1703,1,131960000,131960000,2551,850,1701,850,0,1,852,290850
168,850,4000,2700,10800000,2,6806,1703,1,131960000,131960000,2551,850,1701,850,0,1,852,293784
168,850,4000,2700,10800000,2,6806,1703,1,131960000,131960000,2551,850,1701,850,0,1,852,294661
168,1250,4000,2700,10800000,2,10006,2503,1,153400000,153400000,3751,1250,2501,1250,0,1,1252,3286913
168,1250,4000,2700,10800000,2,10006,2503,1,153400000,153400000,3751,1250,2501,1250,0,1,1252,374704
168,1250,4000,2700,10800000,2,10006,2503,1,153400000,153400000,3751,1250,2501,1250,0,1,1252,390911
168,1250,4000,2700,10800000,2,10006,2503,1,153400000,153400000,3751,1250,2501,1250,0,1,1252,390389
168,1250,4000,2700,10800000,2,10006,2503,1,153400000,153400000,3751,1250,2501,1250,0,1,1252,374048
168,1250,4000,2700,10800000,2,10006,2503,1,153400000,153400000,3751,1250,2501,1250,0,1,1252,423825
168,1250,4000,2700,10800000,2,10006,2503,1,153400000,153400000,3751,1250,2501,1250,0,1,1252,422894
168,1650,4000,2700,10800000,2,13206,3303,1,174840000,174840000,4951,1650,3301,1650,0,1,1652,4336660
168,1650,4000,2700,10800000,2,13206,3303,1,174840000,174840000,4951,1650,3301,1650,0,1,1652,485481
168,1650,4000,2700,10800000,2,13206,3303,1,174840000,174840000,4951,1650,3301,1650,0,1,1652,486841
168,1650,4000,2700,10800000,2,13206,3303,1,174840000,174840000,4951,1650,3301,1650,0,1,1652,487214
168,1650,4000,2700,10800000,2,13206,3303,1,174840000,174840000,4951,1650,3301,1650,0,1,1652,486322
168,1650,4000,2700,10800000,2,13206,3303,1,174840000,174840000,4951,1650,3301,1650,0,1,1652,520564
168,1650,4000,2700,10800000,2,13206,3303,1,174840000,174840000,4951,1650,3301,1650,0,1,1652,521569
168,2050,4000,2700,10800000,2,16406,4103,1,196280000,196280000,6151,2050,4101,2050,0,1,2052,5562931
168,2050,4000,2700,10800000,2,16406,4103,1,196280000,196280000,6151,2050,4101,2050,0,1,2052,575965
168,2050,4000,2700,10800000,2,16406,4103,1,196280000,196280000,6151,2050,4101,2050,0,1,2052,577147
168,2050,4000,2700,10800000,2,16406,4103,1,196280000,196280000,6151,2050,4101,2050,0,1,2052,577572
168,2050,4000,2700,10800000,2,16406,4103,1,196280000,196280000,6151,2050,4101,2050,0,1,2052,576577
168,2050,4000,2700,10800000,2,16406,4103,1,196280000,196280000,6151,2050,4101,2050,0,1,2052,612634
168,2050,4000,2700,10800000,2,16406,4103,1,196280000,196280000,6151,2050,4101,2050,0,1,2052,613114
168,2450,4000,2700,10800000,2,19606,4903,1,217720000,217720000,7351,2450,4901,2450,0,1,2452,6791673
168,2450,4000,2700,10800000,2,19606,4903,1,217720000,217720000,7351,2450,4901,2450,0,1,2452,680400
168,2450,4000,2700,10800000,2,19606,4903,1,217720000,217720000,7351,2450,4901,2450,0,1,2452,677712
168,2450,4000,2700,10800000,2,19606,4903,1,217720000,217720000,7351,2450,4901,2450,0,1,2452,676796
168,2450,4000,2700,10800000,2,19606,4903,1,217720000,217720000,7351,2450,4901,2450,0,1,2452,678808
168,2450,4000,2700,10800000,2,19606,4903,1,217720000,217720000,7351,2450,4901,2450,0,1,2452,720153
168,2450,4000,2700,10800000,2,19606,4903,1,217720000,217720000,7351,2450,4901,2450,0,1,2452,720675
168,2850,4000,2700,10800000,2,22806,5703,1,239160000,239160000,8551,2850,5701,2850,0,1,2852,8145376
168,2850,4000,2700,10800000,2,22806,5703,1,239160000,239160000,8551,2850,5701,2850,0,1,2852,778157
168,2850,4000,2700,10800000,2,22806,5703,1,239160000,239160000,8551,2850,5701,2850,0,1,2852,778765
168,2850,4000,2700,10800000,2,22806,5703,1,239160000,239160000,8551,2850,5701,2850,0,1,2852,777043
168,2850,4000,2700,10800000,2,22806,5703,1,239160000,239160000,8551,2850,5701,2850,0,1,2852,779510
168,2850,4000,2700,10800000,2,22806,5703,1,239160000,239160000,8551,2850,5701,2850,0,1,2852,838985
168,2850,4000,2700,10800000,2,22806,5703,1,239160000,239160000,8551,2850,5701,2850,0,1,2852,840242
168,3250,4000,2700,10800000,2,26006,6503,1,260600000,260600000,9751,3250,6501,3250,0,1,3252,9354086
168,3250,4000,2700,10800000,2,26006,6503,1,260600000,260600000,9751,3250,6501,3250,0,1,3252,863922
168,3250,4000,2700,10800000,2,26006,6503,1,260600000,260600000,9751,3250,6501,3250,0,1,3252,863088
168,3250,4000,2700,10800000,2,26006,6503,1,260600000,260600000,9751,3250,6501,3250,0,1,3252,861881
168,3250,4000,2700,10800000,2,26006,6503,1,260600000,260600000,9751,3250,6501,3250,0,1,3252,867289
168,3250,4000,2700,10800000,2,26006,6503,1,260600000,260600000,9751,3250,6501,3250,0,1,3252,924958
168,3250,4000,2700,10800000,2,26006,6503,1,260600000,260600000,9751,3250,6501,3250,0,1,3252,925531
168,3650,4000,2700,10800000,2,29206,7303,1,282040000,282040000,10951,3650,7301,3650,0,1,3652,10479480
168,3650,4000,2700,10800000,2,29206,7303,1,282040000,282040000,10951,3650,7301,3650,0,1,3652,968904
168,3650,4000,2700,10800000,2,29206,7303,1,282040000,282040000,10951,3650,7301,3650,0,1,3652,977801
168,3650,4000,2700,10800000,2,29206,7303,1,282040000,282040000,10951,3650,7301,3650,0,1,3652,986379
168,3650,4000,2700,10800000,2,29206,7303,1,282040000,282040000,10951,3650,7301,3650,0,1,3652,970582
168,3650,4000,2700,10800000,2,29206,7303,1,282040000,282040000,10951,3650,7301,3650,0,1,3652,1039089
168,3650,4000,2700,10800000,2,29206,7303,1,282040000,282040000,10951,3650,7301,3650,0,1,3652,1043364
168,4050,4000,2700,10800000,2,32406,8103,1,303480000,303480000,12151,4050,8101,4050,0,1,4052,11843776
168,4050,4000,2700,10800000,2,32406,8103,1,303480000,303480000,12151,4050,8101,4050,0,1,4052,1046517
168,4050,4000,2700,10800000,2,32406,8103,1,303480000,303480000,12151,4050,8101,4050,0,1,4052,1062831
168,4050,4000,2700,10800000,2,32406,8103,1,303480000,303480000,12151,4050,8101,4050,0,1,4052,1060675
168,4050,4000,2700,10800000,2,32406,8103,1,303480000,303480000,12151,4050,8101,4050,0,1,4052,1064666
168,4050,4000,2700,10800000,2,32406,8103,1,303480000,303480000,12151,4050,8101,4050,0,1,4052,1108992
168,4050,4000,2700,10800000,2,32406,8103,1,303480000,303480000,12151,4050,8101,4050,0,1,4052,1111000
168,4450,4000,2700,10800000,2,35606,8903,1,324920000,324920000,13351,4450,8901,4450,0,1,4452,13290649
168,4450,4000,2700,10800000,2,35606,8903,1,324920000,324920000,13351,4450,8901,4450,0,1,4452,1167152
168,4450,4000,2700,10800000,2,35606,8903,1,324920000,324920000,13351,4450,8901,4450,0,1,4452,1163912
168,4450,4000,2700,10800000,2,35606,8903,1,324920000,324920000,13351,4450,8901,4450,0,1,4452,1162170
168,4450,4000,2700,10800000,2,35606,8903,1,324920000,324920000,13351,4450,8901,4450,0,1,4452,1170772
168,4450,4000,2700,10800000,2,35606,8903,1,324920000,324920000,13351,4450,8901,4450,0,1,4452,1198062
168,4450,4000,2700,10800000,2,35606,8903,1,324920000,324920000,13351,4450,8901,4450,0,1,4452,1204604
168,4850,4000,2700,10800000,2,38806,9703,1,346360000,346360000,14551,4850,9701,4850,0,1,4852,14171780
168,4850,4000,2700,10800000,2,38806,9703,1,346360000,346360000,14551,4850,9701,4850,0,1,4852,1246458
168,4850,4000,2700,10800000,2,38806,9703,1,346360000,346360000,14551,4850,9701,4850,0,1,4852,1268337
168,4850,4000,2700,10800000,2,38806,9703,1,346360000,346360000,14551,4850,9701,4850,0,1,4852,1267331
168,4850,4000,2700,10800000,2,38806,9703,1,346360000,346360000,14551,4850,9701,4850,0,1,4852,1244853
168,4850,4000,2700,10800000,2,38806,9703,1,346360000,346360000,14551,4850,9701,4850,0,1,4852,1280846
168,4850,4000,2700,10800000,2,38806,9703,1,346360000,346360000,14551,4850,9701,4850,0,1,4852,1304563
168,5250,4000,2700,10800000,2,42006,10503,1,367800000,367800000,15751,5250,10501,5250,0,1,5252,15596146
168,5250,4000,2700,10800000,2,42006,10503,1,367800000,367800000,15751,5250,10501,5250,0,1,5252,1367909
168,5250,4000,2700,10800000,2,42006,10503,1,367800000,367800000,15751,5250,10501,5250,0,1,5252,1366440
168,5250,4000,2700,10800000,2,42006,10503,1,367800000,367800000,15751,5250,10501,5250,0,1,5252,1368851
168,5250,4000,2700,10800000,2,42006,10503,1,367800000,367800000,15751,5250,10501,5250,0,1,5252,1369944
168,5250,4000,2700,10800000,2,42006,10503,1,367800000,367800000,15751,5250,10501,5250,0,1,5252,1374698
168,5250,4000,2700,10800000,2,42006,10503,1,367800000,367800000,15751,5250,10501,5250,0,1,5252,1385312
168,5650,4000,2700,10800000,2,45206,11303,1,389240000,389240000,16951,5650,11301,5650,0,1,5652,16765227
168,5650,4000,2700,10800000,2,45206,11303,1,389240000,389240000,16951,5650,11301,5650,0,1,5652,1465391
168,5650,4000,2700,10800000,2,45206,11303,1,389240000,389240000,16951,5650,11301,5650,0,1,5652,1456255
168,5650,4000,2700,10800000,2,45206,11303,1,389240000,389240000,16951,5650,11301,5650,0,1,5652,1449120
168,5650,4000,2700,10800000,2,45206,11303,1,389240000,389240000,16951,5650,11301,5650,0,1,5652,1469652
168,5650,4000,2700,10800000,2,45206,11303,1,389240000,389240000,16951,5650,11301,5650,0,1,5652,1470873
168,5650,4000,2700,10800000,2,45206,11303,1,389240000,389240000,16951,5650,11301,5650,0,1,5652,1479871
168,6050,4000,2700,10800000,2,48406,12103,1,410680000,410680000,18151,6050,12101,6050,0,1,6052,17507415
168,6050,4000,2700,10800000,2,48406,12103,1,410680000,410680000,18151,6050,12101,6050,0,1,6052,1591156
168,6050,4000,2700,10800000,2,48406,12103,1,410680000,410680000,18151,6050,12101,6050,0,1,6052,1596821
168,6050,4000,2700,10800000,2,48406,12103,1,410680000,410680000,18151,6050,12101,6050,0,1,6052,1601351
168,6050,4000,2700,10800000,2,48406,12103,1,410680000,410680000,18151,6050,12101,6050,0,1,6052,1593004
168,6050,4000,2700,10800000,2,48406,12103,1,410680000,410680000,18151,6050,12101,6050,0,1,6052,1593711
168,6050,4000,2700,10800000,2,48406,12103,1,410680000,410680000,18151,6050,12101,6050,0,1,6052,1599077
168,6450,4000,2700,10800000,2,51606,12903,1,432120000,432120000,19351,6450,12901,6450,0,1,6452,19740873
168,6450,4000,2700,10800000,2,51606,12903,1,432120000,432120000,19351,6450,12901,6450,0,1,6452,1653114
168,6450,4000,2700,10800000,2,51606,12903,1,432120000,432120000,19351,6450,12901,6450,0,1,6452,1609717
168,6450,4000,2700,10800000,2,51606,12903,1,432120000,432120000,19351,6450,12901,6450,0,1,6452,1638114
168,6450,4000,2700,10800000,2,51606,12903,1,432120000,432120000,19351,6450,12901,6450,0,1,6452,1661465
168,6450,4000,2700,10800000,2,51606,12903,1,432120000,432120000,19351,6450,12901,6450,0,1,6452,1642248
168,6450,4000,2700,10800000,2,51606,12903,1,432120000,432120000,19351,6450,12901,6450,0,1,6452,1660241
168,6850,4000,2700,10800000,2,54806,13703,1,453560000,453560000,20551,6850,13701,6850,0,1,6852,21341471
168,6850,4000,2700,10800000,2,54806,13703,1,453560000,453560000,20551,6850,13701,6850,0,1,6852,1748010
168,6850,4000,2700,10800000,2,54806,13703,1,453560000,453560000,20551,6850,13701,6850,0,1,6852,1767204
168,6850,4000,2700,10800000,2,54806,13703,1,453560000,453560000,20551,6850,13701,6850,0,1,6852,1763173
168,6850,4000,2700,10800000,2,54806,13703,1,453560000,453560000,20551,6850,13701,6850,0,1,6852,1750293
168,6850,4000,2700,10800000,2,54806,13703,1,453560000,453560000,20551,6850,13701,6850,0,1,6852,1740127
168,6850,4000,2700,10800000,2,54806,13703,1,453560000,453560000,20551,6850,13701,6850,0,1,6852,1764601
168,50,4000,2300,9200000,2,406,103,1,76120000,76120000,151,50,101,50,0,1,52,91734
168,50,4000,2300,9200000,2,406,103,1,76120000,76120000,151,50,101,50,0,1,52,78905
168,50,4000,2300,9200000,2,406,103,1,76120000,76120000,151,50,101,50,0,1,52,85821
168,50,4000,2300,9200000,2,406,103,1,76120000,76120000,151,50,101,50,0,1,52,87551
168,50,4000,2300,9200000,2,406,103,1,76120000,76120000,151,50,101,50,0,1,52,87194
168,50,4000,2300,9200000,2,406,103,1,76120000,76120000,151,50,101,50,0,1,52,111585
168,50,4000,2300,9200000,2,406,103,1,76120000,76120000,151,50,101,50,0,1,52,111081
168,450,4000,2300,9200000,2,3606,903,1,96280000,96280000,1351,450,901,450,0,1,452,885682
168,450,4000,2300,9200000,2,3606,903,1,96280000,96280000,1351,450,901,450,0,1,452,163791
168,450,4000,2300,9200000,2,3606,903,1,96280000,96280000,1351,450,901,450,0,1,452,164007
168,450,4000,2300,9200000,2,3606,903,1,96280000,96280000,1351,450,901,450,0,1,452,162401
168,450,4000,2300,9200000,2,3606,903,1,96280000,96280000,1351,450,901,450,0,1,452,163415
168,450,4000,2300,9200000,2,3606,903,1,96280000,96280000,1351,450,901,450,0,1,452,198140
168,450,4000,2300,9200000,2,3606,903,1,96280000,96280000,1351,450,901,450,0,1,452,198719
168,850,4000,2300,9200000,2,6806,1703,1,116440000,116440000,2551,850,1701,850,0,1,852,1825683
168,850,4000,2300,9200000,2,6806,1703,1,116440000,116440000,2551,850,1701,850,0,1,852,245544
168,850,4000,2300,9200000,2,6806,1703,1,116440000,116440000,2551,850,1701,850,0,1,852,242473
168,850,4000,2300,9200000,2,6806,1703,1,116440000,116440000,2551,850,1701,850,0,1,852,246009
168,850,4000,2300,9200000,2,6806,1703,1,116440000,116440000,2551,850,1701,850,0,1,852,233327
168,850,4000,2300,9200000,2,6806,1703,1,116440000,116440000,2551,850,1701,850,0,1,852,259897
168,850,4000,2300,9200000,2,6806,1703,1,116440000,116440000,2551,850,1701,850,0,1,852,254285
168,1250,4000,2300,9200000,2,10006,2503,1,136600000,136600000,3751,1250,2501,1250,0,1,1252,2789142
168,1250,4000,2300,9200000,2,10006,2503,1,136600000,136600000,3751,1250,2501,1250,0,1,1252,348007
168,1250,4000,2300,9200000,2,10006,2503,1,136600000,136600000,3751,1250,2501,1250,0,1,1252,346659
168,1250,4000,2300,9200000,2,10006,2503,1,136600000,136600000,3751,1250,2501,1250,0,1,1252,344865
168,1250,4000,2300,9200000,2,10006,2503,1,136600000,136600000,3751,1250,2501,1250,0,1,1252,348556
168,1250,4000,2300,9200000,2,10006,2503,1,136600000,136600000,3751,1250,2501,1250,0,1,1252,350250
168,1250,4000,2300,9200000,2,10006,2503,1,136600000,136600000,3751,1250,2501,1250,0,1,1252,351173
168,1650,4000,2300,9200000,2,13206,3303,1,156760000,156760000,4951,1650,3301,1650,0,1,1652,3774319
168,1650,4000,2300,9200000,2,13206,3303,1,156760000,156760000,4951,1650,3301,1650,0,1,1652,416285
168,1650,4000,2300,9200000,2,13206,3303,1,156760000,156760000,4951,1650,3301,1650,0,1,1652,414894
168,1650,4000,2300,9200000,2,13206,3303,1,156760000,156760000,4951,1650,3301,1650,0,1,1652,416659
168,1650,4000,2300,9200000,2,13206,3303,1,156760000,156760000,4951,1650,3301,1650,0,1,1652,415747
168,1650,4000,2300,9200000,2,13206,3303,1,156760000,156760000,4951,1650,3301,1650,0,1,1652,436572
168,1650,4000,2300,9200000,2,13206,3303,1,156760000,156760000,4951,1650,3301,1650,0,1,1652,437542
168,2050,4000,2300,9200000,2,16406,4103,1,176920000,176920000,6151,2050,4101,2050,0,1,2052,4689406
168,2050,4000,2300,9200000,2,16406,4103,1,176920000,176920000,6151,2050,4101,2050,0,1,2052,509098
168,2050,4000,2300,9200000,2,16406,4103,1,176920000,176920000,6151,2050,4101,2050,0,1,2052,497747
168,2050,4000,2300,9200000,2,16406,4103,1,176920000,176920000,6151,2050,4101,2050,0,1,2052,499150
168,2050,4000,2300,9200000,2,16406,4103,1,176920000,176920000,6151,2050,4101,2050,0,1,2052,498485
168,2050,4000,2300,9200000,2,16406,4103,1,176920000,176920000,6151,2050,4101,2050,0,1,2052,525126
168,2050,4000,2300,9200000,2,16406,4103,1,176920000,176920000,6151,2050,4101,2050,0,1,2052,526164
168,2450,4000,2300,9200000,2,19606,4903,1,197080000,197080000,7351,2450,4901,2450,0,1,2452,5829905
168,2450,4000,2300,9200000,2,19606,4903,1,197080000,197080000,7351,2450,4901,2450,0,1,2452,584433
168,2450,4000,2300,9200000,2,19606,4903,1,197080000,197080000,7351,2450,4901,2450,0,1,2452,585133
168,2450,4000,2300,9200000,2,19606,4903,1,197080000,197080000,7351,2450,4901,2450,0,1,2452,583195
168,2450,4000,2300,9200000,2,19606,4903,1,197080000,197080000,7351,2450,4901,2450,0,1,2452,587723
168,2450,4000,2300,9200000,2,19606,4903,1,197080000,197080000,7351,2450,4901,2450,0,1,2452,635288
168,2450,4000,2300,9200000,2,19606,4903,1,197080000,197080000,7351,2450,4901,2450,0,1,2452,635807
168,2850,4000,2300,9200000,2,22806,5703,1,217240000,217240000,8551,2850,5701,2850,0,1,2852,6809135
168,2850,4000,2300,9200000,2,22806,5703,1,217240000,217240000,8551,2850,5701,2850,0,1,2852,672279
168,2850,4000,2300,9200000,2,22806,5703,1,217240000,217240000,8551,2850,5701,2850,0,1,2852,670953
168,2850,4000,2300,9200000,2,22806,5703,1,217240000,217240000,8551,2850,5701,2850,0,1,2852,671602
168,2850,4000,2300,9200000,2,22806,5703,1,217240000,217240000,8551,2850,5701,2850,0,1,2852,672813
168,2850,4000,2300,9200000,2,22806,5703,1,217240000,217240000,8551,2850,5701,2850,0,1,2852,721010
168,2850,4000,2300,9200000,2,22806,5703,1,217240000,217240000,8551,2850,5701,2850,0,1,2852,721564
168,3250,4000,2300,9200000,2,26006,6503,1,237400000,237400000,9751,3250,6501,3250,0,1,3252,7897824
168,3250,4000,2300,9200000,2,26006,6503,1,237400000,237400000,9751,3250,6501,3250,0,1,3252,760472
168,3250,4000,2300,9200000,2,26006,6503,1,237400000,237400000,9751,3250,6501,3250,0,1,3252,762233
168,3250,4000,2300,9200000,2,26006,6503,1,237400000,237400000,9751,3250,6501,3250,0,1,3252,772142
168,3250,4000,2300,9200000,2,26006,6503,1,237400000,237400000,9751,3250,6501,3250,0,1,3252,759298
168,3250,4000,2300,9200000,2,26006,6503,1,237400000,237400000,9751,3250,6501,3250,0,1,3252,826149
168,3250,4000,2300,9200000,2,26006,6503,1,237400000,237400000,9751,3250,6501,3250,0,1,3252,840491
168,3650,4000,2300,9200000,2,29206,7303,1,257560000,257560000,10951,3650,7301,3650,0,1,3652,8992516
168,3650,4000,2300,9200000,2,29206,7303,1,257560000,257560000,10951,3650,7301,3650,0,1,3652,818874
168,3650,4000,2300,9200000,2,29206,7303,1,257560000,257560000,10951,3650,7301,3650,0,1,3652,828575
168,3650,4000,2300,9200000,2,29206,7303,1,257560000,257560000,10951,3650,7301,3650,0,1,3652,832476
168,3650,4000,2300,9200000,2,29206,7303,1,257560000,257560000,10951,3650,7301,3650,0,1,3652,833326
168,3650,4000,2300,9200000,2,29206,7303,1,257560000,257560000,10951,3650,7301,3650,0,1,3652,898892
168,3650,4000,2300,9200000,2,29206,7303,1,257560000,257560000,10951,3650,7301,3650,0,1,3652,899657
168,4050,4000,2300,9200000,2,32406,8103,1,277720000,277720000,12151,4050,8101,4050,0,1,4052,9862705
168,4050,4000,2300,9200000,2,32406,8103,1,277720000,277720000,12151,4050,8101,4050,0,1,4052,925775
168,4050,4000,2300,9200000,2,32406,8103,1,277720000,277720000,12151,4050,8101,4050,0,1,4052,924520
168,4050,4000,2300,9200000,2,32406,8103,1,277720000,277720000,12151,4050,8101,4050,0,1,4052,926503
168,4050,4000,2300,9200000,2,32406,8103,1,277720000,277720000,12151,4050,8101,4050,0,1,4052,927404
168,4050,4000,2300,9200000,2,32406,8103,1,277720000,277720000,12151,4050,8101,4050,0,1,4052,978128
168,4050,4000,2300,9200000,2,32406,8103,1,277720000,277720000,12151,4050,8101,4050,0,1,4052,979647
168,4450,4000,2300,9200000,2,35606,8903,1,297880000,297880000,13351,4450,8901,4450,0,1,4452,10640909
168,4450,4000,2300,9200000,2,35606,8903,1,297880000,297880000,13351,4450,8901,4450,0,1,4452,1011755
168,4450,4000,2300,9200000,2,35606,8903,1,297880000,297880000,13351,4450,8901,4450,0,1,4452,999625
168,4450,4000,2300,9200000,2,35606,8903,1,297880000,297880000,13351,4450,8901,4450,0,1,4452,998052
168,4450,4000,2300,9200000,2,35606,8903,1,297880000,297880000,13351,4450,8901,4450,0,1,4452,1015749
168,4450,4000,2300,9200000,2,35606,8903,1,297880000,297880000,13351,4450,8901,4450,0,1,4452,1055794
168,4450,4000,2300,9200000,2,35606,8903,1,297880000,297880000,13351,4450,8901,4450,0,1,4452,1056512
168,4850,4000,2300,9200000,2,38806,9703,1,318040000,318040000,14551,4850,9701,4850,0,1,4852,11987143
168,4850,4000,2300,9200000,2,38806,9703,1,318040000,318040000,14551,4850,9701,4850,0,1,4852,1087050
168,4850,4000,2300,9200000,2,38806,9703,1,318040000,318040000,14551,4850,9701,4850,0,1,4852,1099487
168,4850,4000,2300,9200000,2,38806,9703,1,318040000,318040000,14551,4850,9701,4850,0,1,4852,1094892
168,4850,4000,2300,9200000,2,38806,9703,1,318040000,318040000,14551,4850,9701,4850,0,1,4852,1085246
168,4850,4000,2300,9200000,2,38806,9703,1,318040000,318040000,14551,4850,9701,4850,0,1,4852,1155921
168,4850,4000,2300,9200000,2,38806,9703,1,318040000,318040000,14551,4850,9701,4850,0,1,4852,1157327
168,5250,4000,2300,9200000,2,42006,10503,1,338200000,338200000,15751,5250,10501,5250,0,1,5252,12955140
168,5250,4000,2300,9200000,2,42006,10503,1,338200000,338200000,15751,5250,10501,5250,0,1,5252,1171646
168,5250,4000,2300,9200000,2,42006,10503,1,338200000,338200000,15751,5250,10501,5250,0,1,5252,1168683
168,5250,4000,2300,9200000,2,42006,10503,1,338200000,338200000,15751,5250,10501,5250,0,1,5252,1169828
168,5250,4000,2300,9200000,2,42006,10503,1,338200000,338200000,15751,5250,10501,5250,0,1,5252,1170763
168,5250,4000,2300,9200000,2,42006,10503,1,338200000,338200000,15751,5250,10501,5250,0,1,5252,1207581
168,5250,4000,2300,9200000,2,42006,10503,1,338200000,338200000,15751,5250,10501,5250,0,1,5252,1209814
168,5650,4000,2300,9200000,2,45206,11303,1,358360000,358360000,16951,5650,11301,5650,0,1,5652,14373752
168,5650,4000,2300,9200000,2,45206,11303,1,358360000,358360000,16951,5650,11301,5650,0,1,5652,1268577
168,5650,4000,2300,9200000,2,45206,11303,1,358360000,358360000,16951,5650,11301,5650,0,1,5652,1260648
168,5650,4000,2300,9200000,2,45206,11303,1,358360000,358360000,16951,5650,11301,5650,0,1,5652,1258322
168,5650,4000,2300,9200000,2,45206,11303,1,358360000,358360000,16951,5650,11301,5650,0,1,5652,1273179
168,5650,4000,2300,9200000,2,45206,11303,1,358360000,358360000,16951,5650,11301,5650,0,1,5652,1280952
168,5650,4000,2300,9200000,2,45206,11303,1,358360000,358360000,16951,5650,11301,5650,0,1,5652,1293086
168,6050,4000,2300,9200000,2,48406,12103,1,378520000,378520000,18151,6050,12101,6050,0,1,6052,15362845
168,6050,4000,2300,9200000,2,48406,12103,1,378520000,378520000,18151,6050,12101,6050,0,1,6052,1341057
168,6050,4000,2300,9200000,2,48406,12103,1,378520000,378520000,18151,6050,12101,6050,0,1,6052,1361275
168,6050,4000,2300,9200000,2,48406,12103,1,378520000,378520000,18151,6050,12101,6050,0,1,6052,1356085
168,6050,4000,2300,9200000,2,48406,12103,1,378520000,378520000,18151,6050,12101,6050,0,1,6052,1343602
168,6050,4000,2300,9200000,2,48406,12103,1,378520000,378520000,18151,6050,12101,6050,0,1,6052,1389121
168,6050,4000,2300,9200000,2,48406,12103,1,378520000,378520000,18151,6050,12101,6050,0,1,6052,1390684
168,6450,4000,2300,9200000,2,51606,12903,1,398680000,398680000,19351,6450,12901,6450,0,1,6452,15993662
168,6450,4000,2300,9200000,2,51606,12903,1,398680000,398680000,19351,6450,12901,6450,0,1,6452,1435174
168,6450,4000,2300,9200000,2,51606,12903,1,398680000,398680000,19351,6450,12901,6450,0,1,6452,1433724
168,6450,4000,2300,9200000,2,51606,12903,1,398680000,398680000,19351,6450,12901,6450,0,1,6452,1431929
168,6450,4000,2300,9200000,2,51606,12903,1,398680000,398680000,19351,6450,12901,6450,0,1,6452,1437067
168,6450,4000,2300,9200000,2,51606,12903,1,398680000,398680000,19351,6450,12901,6450,0,1,6452,1438696
168,6450,4000,2300,9200000,2,51606,12903,1,398680000,398680000,19351,6450,12901,6450,0,1,6452,1443173
168,6850,4000,2300,9200000,2,54806,13703,1,418840000,418840000,20551,6850,13701,6850,0,1,6852,17033508
168,6850,4000,2300,9200000,2,54806,13703,1,418840000,418840000,20551,6850,13701,6850,0,1,6852,1530488
168,6850,4000,2300,9200000,2,54806,13703,1,418840000,418840000,20551,6850,13701,6850,0,1,6852,1519054
168,6850,4000,2300,9200000,2,54806,13703,1,418840000,418840000,20551,6850,13701,6850,0,1,6852,1513673
168,6850,4000,2300,9200000,2,54806,13703,1,418840000,418840000,20551,6850,13701,6850,0,1,6852,1533687
168,6850,4000,2300,9200000,2,54806,13703,1,418840000,418840000,20551,6850,13701,6850,0,1,6852,1520468
168,6850,4000,2300,9200000,2,54806,13703,1,418840000,418840000,20551,6850,13701,6850,0,1,6852,1529180
168,50,4000,1900,7600000,2,406,103,1,63160000,63160000,151,50,101,50,0,1,52,74965
168,50,4000,1900,7600000,2,406,103,1,63160000,63160000,151,50,101,50,0,1,52,76498
168,50,4000,1900,7600000,2,406,103,1,63160000,63160000,151,50,101,50,0,1,52,67911
168,50,4000,1900,7600000,2,406,103,1,63160000,63160000,151,50,101,50,0,1,52,74755
168,50,4000,1900,7600000,2,406,103,1,63160000,63160000,151,50,101,50,0,1,52,76866
168,50,4000,1900,7600000,2,406,103,1,63160000,63160000,151,50,101,50,0,1,52,97625
168,50,4000,1900,7600000,2,406,103,1,63160000,63160000,151,50,101,50,0,1,52,97120
168,450,4000,1900,7600000,2,3606,903,1,82040000,82040000,1351,450,901,450,0,1,452,736518
168,450,4000,1900,7600000,2,3606,903,1,82040000,82040000,1351,450,901,450,0,1,452,133900
168,450,4000,1900,7600000,2,3606,903,1,82040000,82040000,1351,450,901,450,0,1,452,135402
168,450,4000,1900,7600000,2,3606,903,1,82040000,82040000,1351,450,901,450,0,1,452,134994
168,450,4000,1900,7600000,2,3606,903,1,82040000,82040000,1351,450,901,450,0,1,452,134686
168,450,4000,1900,7600000,2,3606,903,1,82040000,82040000,1351,450,901,450,0,1,452,168384
168,450,4000,1900,7600000,2,3606,903,1,82040000,82040000,1351,450,901,450,0,1,452,167802
168,850,4000,1900,7600000,2,6806,1703,1,100920000,100920000,2551,850,1701,850,0,1,852,1542346
168,850,4000,1900,7600000,2,6806,1703,1,100920000,100920000,2551,850,1701,850,0,1,852,203858
168,850,4000,1900,7600000,2,6806,1703,1,100920000,100920000,2551,850,1701,850,0,1,852,200301
168,850,4000,1900,7600000,2,6806,1703,1,100920000,100920000,2551,850,1701,850,0,1,852,204325
168,850,4000,1900,7600000,2,6806,1703,1,100920000,100920000,2551,850,1701,850,0,1,852,200901
168,850,4000,1900,7600000,2,6806,1703,1,100920000,100920000,2551,850,1701,850,0,1,852,214299
168,850,4000,1900,7600000,2,6806,1703,1,100920000,100920000,2551,850,1701,850,0,1,852,224103
168,1250,4000,1900,7600000,2,10006,2503,1,119800000,119800000,3751,1250,2501,1250,0,1,1252,2245191
168,1250,4000,1900,7600000,2,10006,2503,1,119800000,119800000,3751,1250,2501,1250,0,1,1252,280207
168,1250,4000,1900,7600000,2,10006,2503,1,119800000,119800000,3751,1250,2501,1250,0,1,1252,282363
168,1250,4000,1900,7600000,2,10006,2503,1,119800000,119800000,3751,1250,2501,1250,0,1,1252,283463
168,1250,4000,1900,7600000,2,10006,2503,1,119800000,119800000,3751,1250,2501,1250,0,1,1252,282991
168,1250,4000,1900,7600000,2,10006,2503,1,119800000,119800000,3751,1250,2501,1250,0,1,1252,302156
168,1250,4000,1900,7600000,2,10006,2503,1,119800000,119800000,3751,1250,2501,1250,0,1,1252,299578
168,1650,4000,1900,7600000,2,13206,3303,1,138680000,138680000,4951,1650,3301,1650,0,1,1652,3060308
168,1650,4000,1900,7600000,2,13206,3303,1,138680000,138680000,4951,1650,3301,1650,0,1,1652,341799
168,1650,4000,1900,7600000,2,13206,3303,1,138680000,138680000,4951,1650,3301,1650,0,1,1652,351800
168,1650,4000,1900,7600000,2,13206,3303,1,138680000,138680000,4951,1650,3301,1650,0,1,1652,363546
168,1650,4000,1900,7600000,2,13206,3303,1,138680000,138680000,4951,1650,3301,1650,0,1,1652,342735
168,1650,4000,1900,7600000,2,13206,3303,1,138680000,138680000,4951,1650,3301,1650,0,1,1652,382473
168,1650,4000,1900,7600000,2,13206,3303,1,138680000,138680000,4951,1650,3301,1650,0,1,1652,362957
168,2050,4000,1900,7600000,2,16406,4103,1,157560000,157560000,6151,2050,4101,2050,0,1,2052,3861140
168,2050,4000,1900,7600000,2,16406,4103,1,157560000,157560000,6151,2050,4101,2050,0,1,2052,422453
168,2050,4000,1900,7600000,2,16406,4103,1,157560000,157560000,6151,2050,4101,2050,0,1,2052,423269
168,2050,4000,1900,7600000,2,16406,4103,1,157560000,157560000,6151,2050,4101,2050,0,1,2052,421973
168,2050,4000,1900,7600000,2,16406,4103,1,157560000,157560000,6151,2050,4101,2050,0,1,2052,422839
168,2050,4000,1900,7600000,2,16406,4103,1,157560000,157560000,6151,2050,4101,2050,0,1,2052,450166
168,2050,4000,1900,7600000,2,16406,4103,1,157560000,157560000,6151,2050,4101,2050,0,1,2052,450645
168,2450,4000,1900,7600000,2,19606,4903,1,176440000,176440000,7351,2450,4901,2450,0,1,2452,4534478
168,2450,4000,1900,7600000,2,19606,4903,1,176440000,176440000,7351,2450,4901,2450,0,1,2452,492525
168,2450,4000,1900,7600000,2,19606,4903,1,176440000,176440000,7351,2450,4901,2450,0,1,2452,491277
168,2450,4000,1900,7600000,2,19606,4903,1,176440000,176440000,7351,2450,4901,2450,0,1,2452,493142
168,2450,4000,1900,7600000,2,19606,4903,1,176440000,176440000,7351,2450,4901,2450,0,1,2452,493626
168,2450,4000,1900,7600000,2,19606,4903,1,176440000,176440000,7351,2450,4901,2450,0,1,2452,522411
168,2450,4000,1900,7600000,2,19606,4903,1,176440000,176440000,7351,2450,4901,2450,0,1,2452,522923
168,2850,4000,1900,7600000,2,22806,5703,1,195320000,195320000,8551,2850,5701,2850,0,1,2852,5510832
168,2850,4000,1900,7600000,2,22806,5703,1,195320000,195320000,8551,2850,5701,2850,0,1,2852,567926
168,2850,4000,1900,7600000,2,22806,5703,1,195320000,195320000,8551,2850,5701,2850,0,1,2852,566250
168,2850,4000,1900,7600000,2,22806,5703,1,195320000,195320000,8551,2850,5701,2850,0,1,2852,567321
168,2850,4000,1900,7600000,2,22806,5703,1,195320000,195320000,8551,2850,5701,2850,0,1,2852,568667
168,2850,4000,1900,7600000,2,22806,5703,1,195320000,195320000,8551,2850,5701,2850,0,1,2852,613593
168,2850,4000,1900,7600000,2,22806,5703,1,195320000,195320000,8551,2850,5701,2850,0,1,2852,614128
168,3250,4000,1900,7600000,2,26006,6503,1,214200000,214200000,9751,3250,6501,3250,0,1,3252,6237225
168,3250,4000,1900,7600000,2,26006,6503,1,214200000,214200000,9751,3250,6501,3250,0,1,3252,651194
168,3250,4000,1900,7600000,2,26006,6503,1,214200000,214200000,9751,3250,6501,3250,0,1,3252,635219
168,3250,4000,1900,7600000,2,26006,6503,1,214200000,214200000,9751,3250,6501,3250,0,1,3252,630609
168,3250,4000,1900,7600000,2,26006,6503,1,214200000,214200000,9751,3250,6501,3250,0,1,3252,634411
168,3250,4000,1900,7600000,2,26006,6503,1,214200000,214200000,9751,3250,6501,3250,0,1,3252,694382
168,3250,4000,1900,7600000,2,26006,6503,1,214200000,214200000,9751,3250,6501,3250,0,1,3252,694950
168,3650,4000,1900,7600000,2,29206,7303,1,233080000,233080000,10951,3650,7301,3650,0,1,3652,7155473
168,3650,4000,1900,7600000,2,29206,7303,1,233080000,233080000,10951,3650,7301,3650,0,1,3652,706668
168,3650,4000,1900,7600000,2,29206,7303,1,233080000,233080000,10951,3650,7301,3650,0,1,3652,702947
168,3650,4000,1900,7600000,2,29206,7303,1,233080000,233080000,10951,3650,7301,3650,0,1,3652,705796
168,3650,4000,1900,7600000,2,29206,7303,1,233080000,233080000,10951,3650,7301,3650,0,1,3652,719898
168,3650,4000,1900,7600000,2,29206,7303,1,233080000,233080000,10951,3650,7301,3650,0,1,3652,768165
168,3650,4000,1900,7600000,2,29206,7303,1,233080000,233080000,10951,3650,7301,3650,0,1,3652,768771
168,4050,4000,1900,7600000,2,32406,8103,1,251960000,251960000,12151,4050,8101,4050,0,1,4052,7923864
168,4050,4000,1900,7600000,2,32406,8103,1,251960000,251960000,12151,4050,8101,4050,0,1,4052,772255
168,4050,4000,1900,7600000,2,32406,8103,1,251960000,251960000,12151,4050,8101,4050,0,1,4052,773729
168,4050,4000,1900,7600000,2,32406,8103,1,251960000,251960000,12151,4050,8101,4050,0,1,4052,773042
168,4050,4000,1900,7600000,2,32406,8103,1,251960000,251960000,12151,4050,8101,4050,0,1,4052,771507
168,4050,4000,1900,7600000,2,32406,8103,1,251960000,251960000,12151,4050,8101,4050,0,1,4052,827364
168,4050,4000,1900,7600000,2,32406,8103,1,251960000,251960000,12151,4050,8101,4050,0,1,4052,857813
168,4450,4000,1900,7600000,2,35606,8903,1,270840000,270840000,13351,4450,8901,4450,0,1,4452,8578991
168,4450,4000,1900,7600000,2,35606,8903,1,270840000,270840000,13351,4450,8901,4450,0,1,4452,837809
168,4450,4000,1900,7600000,2,35606,8903,1,270840000,270840000,13351,4450,8901,4450,0,1,4452,851099
168,4450,4000,1900,7600000,2,35606,8903,1,270840000,270840000,13351,4450,8901,4450,0,1,4452,858084
168,4450,4000,1900,7600000,2,35606,8903,1,270840000,270840000,13351,4450,8901,4450,0,1,4452,836028
168,4450,4000,1900,7600000,2,35606,8903,1,270840000,270840000,13351,4450,8901,4450,0,1,4452,912898
168,4450,4000,1900,7600000,2,35606,8903,1,270840000,270840000,13351,4450,8901,4450,0,1,4452,898166
168,4850,4000,1900,7600000,2,38806,9703,1,289720000,289720000,14551,4850,9701,4850,0,1,4852,8995047
168,4850,4000,1900,7600000,2,38806,9703,1,289720000,289720000,14551,4850,9701,4850,0,1,4852,912715
168,4850,4000,1900,7600000,2,38806,9703,1,289720000,289720000,14551,4850,9701,4850,0,1,4852,910544
168,4850,4000,1900,7600000,2,38806,9703,1,289720000,289720000,14551,4850,9701,4850,0,1,4852,911897
168,4850,4000,1900,7600000,2,38806,9703,1,289720000,289720000,14551,4850,9701,4850,0,1,4852,913735
168,4850,4000,1900,7600000,2,38806,9703,1,289720000,289720000,14551,4850,9701,4850,0,1,4852,968074
168,4850,4000,1900,7600000,2,38806,9703,1,289720000,289720000,14551,4850,9701,4850,0,1,4852,969479
168,5250,4000,1900,7600000,2,42006,10503,1,308600000,308600000,15751,5250,10501,5250,0,1,5252,10546016
168,5250,4000,1900,7600000,2,42006,10503,1,308600000,308600000,15751,5250,10501,5250,0,1,5252,1003890
168,5250,4000,1900,7600000,2,42006,10503,1,308600000,308600000,15751,5250,10501,5250,0,1,5252,991857
168,5250,4000,1900,7600000,2,42006,10503,1,308600000,308600000,15751,5250,10501,5250,0,1,5252,987659
168,5250,4000,1900,7600000,2,42006,10503,1,308600000,308600000,15751,5250,10501,5250,0,1,5252,992957
168,5250,4000,1900,7600000,2,42006,10503,1,308600000,308600000,15751,5250,10501,5250,0,1,5252,1033749
168,5250,4000,1900,7600000,2,42006,10503,1,308600000,308600000,15751,5250,10501,5250,0,1,5252,1034475
168,5650,4000,1900,7600000,2,45206,11303,1,327480000,327480000,16951,5650,11301,5650,0,1,5652,11140288
168,5650,4000,1900,7600000,2,45206,11303,1,327480000,327480000,16951,5650,11301,5650,0,1,5652,1062926
168,5650,4000,1900,7600000,2,45206,11303,1,327480000,327480000,16951,5650,11301,5650,0,1,5652,1061478
168,5650,4000,1900,7600000,2,45206,11303,1,327480000,327480000,16951,5650,11301,5650,0,1,5652,1059965
168,5650,4000,1900,7600000,2,45206,11303,1,327480000,327480000,16951,5650,11301,5650,0,1,5652,1072352
168,5650,4000,1900,7600000,2,45206,11303,1,327480000,327480000,16951,5650,11301,5650,0,1,5652,1098644
168,5650,4000,1900,7600000,2,45206,11303,1,327480000,327480000,16951,5650,11301,5650,0,1,5652,1105044
168,6050,4000,1900,7600000,2,48406,12103,1,346360000,346360000,18151,6050,12101,6050,0,1,6052,12144692
168,6050,4000,1900,7600000,2,48406,12103,1,346360000,346360000,18151,6050,12101,6050,0,1,6052,1131345
168,6050,4000,1900,7600000,2,48406,12103,1,346360000,346360000,18151,6050,12101,6050,0,1,6052,1145856
168,6050,4000,1900,7600000,2,48406,12103,1,346360000,346360000,18151,6050,12101,6050,0,1,6052,1142569
168,6050,4000,1900,7600000,2,48406,12103,1,346360000,346360000,18151,6050,12101,6050,0,1,6052,1133537
168,6050,4000,1900,7600000,2,48406,12103,1,346360000,346360000,18151,6050,12101,6050,0,1,6052,1180731
168,6050,4000,1900,7600000,2,48406,12103,1,346360000,346360000,18151,6050,12101,6050,0,1,6052,1179215
168,6450,4000,1900,7600000,2,51606,12903,1,365240000,365240000,19351,6450,12901,6450,0,1,6452,13242918
168,6450,4000,1900,7600000,2,51606,12903,1,365240000,365240000,19351,6450,12901,6450,0,1,6452,1209118
168,6450,4000,1900,7600000,2,51606,12903,1,365240000,365240000,19351,6450,12901,6450,0,1,6452,1210140
168,6450,4000,1900,7600000,2,51606,12903,1,365240000,365240000,19351,6450,12901,6450,0,1,6452,1205599
168,6450,4000,1900,7600000,2,51606,12903,1,365240000,365240000,19351,6450,12901,6450,0,1,6452,1211386
168,6450,4000,1900,7600000,2,51606,12903,1,365240000,365240000,19351,6450,12901,6450,0,1,6452,1220485
168,6450,4000,1900,7600000,2,51606,12903,1,365240000,365240000,19351,6450,12901,6450,0,1,6452,1230220
168,6850,4000,1900,7600000,2,54806,13703,1,384120000,384120000,20551,6850,13701,6850,0,1,6852,13879681
168,6850,4000,1900,7600000,2,54806,13703,1,384120000,384120000,20551,6850,13701,6850,0,1,6852,1283033
168,6850,4000,1900,7600000,2,54806,13703,1,384120000,384120000,20551,6850,13701,6850,0,1,6852,1270626
168,6850,4000,1900,7600000,2,54806,13703,1,384120000,384120000,20551,6850,13701,6850,0,1,6852,1273034
168,6850,4000,1900,7600000,2,54806,13703,1,384120000,384120000,20551,6850,13701,6850,0,1,6852,1289247
168,6850,4000,1900,7600000,2,54806,13703,1,384120000,384120000,20551,6850,13701,6850,0,1,6852,1290675
168,6850,4000,1900,7600000,2,54806,13703,1,384120000,384120000,20551,6850,13701,6850,0,1,6852,1301537
168,50,4000,1500,6000000,2,406,103,1,50200000,50200000,151,50,101,50,0,1,52,58098
168,50,4000,1500,6000000,2,406,103,1,50200000,50200000,151,50,101,50,0,1,52,61395
168,50,4000,1500,6000000,2,406,103,1,50200000,50200000,151,50,101,50,0,1,52,52980
168,50,4000,1500,6000000,2,406,103,1,50200000,50200000,151,50,101,50,0,1,52,61036
168,50,4000,1500,6000000,2,406,103,1,50200000,50200000,151,50,101,50,0,1,52,59202
168,50,4000,1500,6000000,2,406,103,1,50200000,50200000,151,50,101,50,0,1,52,74504
168,50,4000,1500,6000000,2,406,103,1,50200000,50200000,151,50,101,50,0,1,52,75752
168,450,4000,1500,6000000,2,3606,903,1,67800000,67800000,1351,450,901,450,0,1,452,624082
168,450,4000,1500,6000000,2,3606,903,1,67800000,67800000,1351,450,901,450,0,1,452,112136
168,450,4000,1500,6000000,2,3606,903,1,67800000,67800000,1351,450,901,450,0,1,452,110481
168,450,4000,1500,6000000,2,3606,903,1,67800000,67800000,1351,450,901,450,0,1,452,111471
168,450,4000,1500,6000000,2,3606,903,1,67800000,67800000,1351,450,901,450,0,1,452,112346
168,450,4000,1500,6000000,2,3606,903,1,67800000,67800000,1351,450,901,450,0,1,452,135078
168,450,4000,1500,6000000,2,3606,903,1,67800000,67800000,1351,450,901,450,0,1,452,133756
168,850,4000,1500,6000000,2,6806,1703,1,85400000,85400000,2551,850,1701,850,0,1,852,1220014
168,850,4000,1500,6000000,2,6806,1703,1,85400000,85400000,2551,850,1701,850,0,1,852,169229
168,850,4000,1500,6000000,2,6806,1703,1,85400000,85400000,2551,850,1701,850,0,1,852,168061
168,850,4000,1500,6000000,2,6806,1703,1,85400000,85400000,2551,850,1701,850,0,1,852,168966
168,850,4000,1500,6000000,2,6806,1703,1,85400000,85400000,2551,850,1701,850,0,1,852,168543
168,850,4000,1500,6000000,2,6806,1703,1,85400000,85400000,2551,850,1701,850,0,1,852,200020
168,850,4000,1500,6000000,2,6806,1703,1,85400000,85400000,2551,850,1701,850,0,1,852,201450
168,1250,4000,1500,6000000,2,10006,2503,1,103000000,103000000,3751,1250,2501,1250,0,1,1252,1815842
168,1250,4000,1500,6000000,2,10006,2503,1,103000000,103000000,3751,1250,2501,1250,0,1,1252,223923
168,1250,4000,1500,6000000,2,10006,2503,1,103000000,103000000,3751,1250,2501,1250,0,1,1252,224728
168,1250,4000,1500,6000000,2,10006,2503,1,103000000,103000000,3751,1250,2501,1250,0,1,1252,225529
168,1250,4000,1500,6000000,2,10006,2503,1,103000000,103000000,3751,1250,2501,1250,0,1,1252,225206
168,1250,4000,1500,6000000,2,10006,2503,1,103000000,103000000,3751,1250,2501,1250,0,1,1252,241714
168,1250,4000,1500,6000000,2,10006,2503,1,103000000,103000000,3751,1250,2501,1250,0,1,1252,242124
168,1650,4000,1500,6000000,2,13206,3303,1,120600000,120600000,4951,1650,3301,1650,0,1,1652,2420440
168,1650,4000,1500,6000000,2,13206,3303,1,120600000,120600000,4951,1650,3301,1650,0,1,1652,285715
168,1650,4000,1500,6000000,2,13206,3303,1,120600000,120600000,4951,1650,3301,1650,0,1,1652,286090
168,1650,4000,1500,6000000,2,13206,3303,1,120600000,120600000,4951,1650,3301,1650,0,1,1652,285371
168,1650,4000,1500,6000000,2,13206,3303,1,120600000,120600000,4951,1650,3301,1650,0,1,1652,284933
168,1650,4000,1500,6000000,2,13206,3303,1,120600000,120600000,4951,1650,3301,1650,0,1,1652,310194
168,1650,4000,1500,6000000,2,13206,3303,1,120600000,120600000,4951,1650,3301,1650,0,1,1652,309743
168,2050,4000,1500,6000000,2,16406,4103,1,138200000,138200000,6151,2050,4101,2050,0,1,2052,2990081
168,2050,4000,1500,6000000,2,16406,4103,1,138200000,138200000,6151,2050,4101,2050,0,1,2052,337447
168,2050,4000,1500,6000000,2,16406,4103,1,138200000,138200000,6151,2050,4101,2050,0,1,2052,353615
168,2050,4000,1500,6000000,2,16406,4103,1,138200000,138200000,6151,2050,4101,2050,0,1,2052,349795
168,2050,4000,1500,6000000,2,16406,4103,1,138200000,138200000,6151,2050,4101,2050,0,1,2052,335475
168,2050,4000,1500,6000000,2,16406,4103,1,138200000,138200000,6151,2050,4101,2050,0,1,2052,382519
168,2050,4000,1500,6000000,2,16406,4103,1,138200000,138200000,6151,2050,4101,2050,0,1,2052,383023
168,2450,4000,1500,6000000,2,19606,4903,1,155800000,155800000,7351,2450,4901,2450,0,1,2452,3631301
168,2450,4000,1500,6000000,2,19606,4903,1,155800000,155800000,7351,2450,4901,2450,0,1,2452,396248
168,2450,4000,1500,6000000,2,19606,4903,1,155800000,155800000,7351,2450,4901,2450,0,1,2452,397183
168,2450,4000,1500,6000000,2,19606,4903,1,155800000,155800000,7351,2450,4901,2450,0,1,2452,396757
168,2450,4000,1500,6000000,2,19606,4903,1,155800000,155800000,7351,2450,4901,2450,0,1,2452,397666
168,2450,4000,1500,6000000,2,19606,4903,1,155800000,155800000,7351,2450,4901,2450,0,1,2452,443700
168,2450,4000,1500,6000000,2,19606,4903,1,155800000,155800000,7351,2450,4901,2450,0,1,2452,445358
168,2850,4000,1500,6000000,2,22806,5703,1,173400000,173400000,8551,2850,5701,2850,0,1,2852,4298769
168,2850,4000,1500,6000000,2,22806,5703,1,173400000,173400000,8551,2850,5701,2850,0,1,2852,458928
168,2850,4000,1500,6000000,2,22806,5703,1,173400000,173400000,8551,2850,5701,2850,0,1,2852,459581
168,2850,4000,1500,6000000,2,22806,5703,1,173400000,173400000,8551,2850,5701,2850,0,1,2852,460261
168,2850,4000,1500,6000000,2,22806,5703,1,173400000,173400000,8551,2850,5701,2850,0,1,2852,460792
168,2850,4000,1500,6000000,2,22806,5703,1,173400000,173400000,8551,2850,5701,2850,0,1,2852,508076
168,2850,4000,1500,6000000,2,22806,5703,1,173400000,173400000,8551,2850,5701,2850,0,1,2852,508608
168,3250,4000,1500,6000000,2,26006,6503,1,191000000,191000000,9751,3250,6501,3250,0,1,3252,4903003
168,3250,4000,1500,6000000,2,26006,6503,1,191000000,191000000,9751,3250,6501,3250,0,1,3252,518406
168,3250,4000,1500,6000000,2,26006,6503,1,191000000,191000000,9751,3250,6501,3250,0,1,3252,515696
168,3250,4000,1500,6000000,2,26006,6503,1,191000000,191000000,9751,3250,6501,3250,0,1,3252,516660
168,3250,4000,1500,6000000,2,26006,6503,1,191000000,191000000,9751,3250,6501,3250,0,1,3252,519198
168,3250,4000,1500,6000000,2,26006,6503,1,191000000,191000000,9751,3250,6501,3250,0,1,3252,574370
168,3250,4000,1500,6000000,2,26006,6503,1,191000000,191000000,9751,3250,6501,3250,0,1,3252,574937
168,3650,4000,1500,6000000,2,29206,7303,1,208600000,208600000,10951,3650,7301,3650,0,1,3652,5425639
168,3650,4000,1500,6000000,2,29206,7303,1,208600000,208600000,10951,3650,7301,3650,0,1,3652,594694
168,3650,4000,1500,6000000,2,29206,7303,1,208600000,208600000,10951,3650,7301,3650,0,1,3652,597443
168,3650,4000,1500,6000000,2,29206,7303,1,208600000,208600000,10951,3650,7301,3650,0,1,3652,596802
168,3650,4000,1500,6000000,2,29206,7303,1,208600000,208600000,10951,3650,7301,3650,0,1,3652,596061
168,3650,4000,1500,6000000,2,29206,7303,1,208600000,208600000,10951,3650,7301,3650,0,1,3652,648328
168,3650,4000,1500,6000000,2,29206,7303,1,208600000,208600000,10951,3650,7301,3650,0,1,3652,648945
168,4050,4000,1500,6000000,2,32406,8103,1,226200000,226200000,12151,4050,8101,4050,0,1,4052,6254278
168,4050,4000,1500,6000000,2,32406,8103,1,226200000,226200000,12151,4050,8101,4050,0,1,4052,668136
168,4050,4000,1500,6000000,2,32406,8103,1,226200000,226200000,12151,4050,8101,4050,0,1,4052,663865
168,4050,4000,1500,6000000,2,32406,8103,1,226200000,226200000,12151,4050,8101,4050,0,1,4052,661520
168,4050,4000,1500,6000000,2,32406,8103,1,226200000,226200000,12151,4050,8101,4050,0,1,4052,662954
168,4050,4000,1500,6000000,2,32406,8103,1,226200000,226200000,12151,4050,8101,4050,0,1,4052,709350
168,4050,4000,1500,6000000,2,32406,8103,1,226200000,226200000,12151,4050,8101,4050,0,1,4052,709982
168,4450,4000,1500,6000000,2,35606,8903,1,243800000,243800000,13351,4450,8901,4450,0,1,4452,6780562
168,4450,4000,1500,6000000,2,35606,8903,1,243800000,243800000,13351,4450,8901,4450,0,1,4452,690881
168,4450,4000,1500,6000000,2,35606,8903,1,243800000,243800000,13351,4450,8901,4450,0,1,4452,691856
168,4450,4000,1500,6000000,2,35606,8903,1,243800000,243800000,13351,4450,8901,4450,0,1,4452,687986
168,4450,4000,1500,6000000,2,35606,8903,1,243800000,243800000,13351,4450,8901,4450,0,1,4452,699796
168,4450,4000,1500,6000000,2,35606,8903,1,243800000,243800000,13351,4450,8901,4450,0,1,4452,756752
168,4450,4000,1500,6000000,2,35606,8903,1,243800000,243800000,13351,4450,8901,4450,0,1,4452,757997
168,4850,4000,1500,6000000,2,38806,9703,1,261400000,261400000,14551,4850,9701,4850,0,1,4852,7596062
168,4850,4000,1500,6000000,2,38806,9703,1,261400000,261400000,14551,4850,9701,4850,0,1,4852,741957
168,4850,4000,1500,6000000,2,38806,9703,1,261400000,261400000,14551,4850,9701,4850,0,1,4852,739692
168,4850,4000,1500,6000000,2,38806,9703,1,261400000,261400000,14551,4850,9701,4850,0,1,4852,742849
168,4850,4000,1500,6000000,2,38806,9703,1,261400000,261400000,14551,4850,9701,4850,0,1,4852,743690
168,4850,4000,1500,6000000,2,38806,9703,1,261400000,261400000,14551,4850,9701,4850,0,1,4852,811096
168,4850,4000,1500,6000000,2,38806,9703,1,261400000,261400000,14551,4850,9701,4850,0,1,4852,812443
168,5250,4000,1500,6000000,2,42006,10503,1,279000000,279000000,15751,5250,10501,5250,0,1,5252,7905451
168,5250,4000,1500,6000000,2,42006,10503,1,279000000,279000000,15751,5250,10501,5250,0,1,5252,810549
168,5250,4000,1500,6000000,2,42006,10503,1,279000000,279000000,15751,5250,10501,5250,0,1,5252,818564
168,5250,4000,1500,6000000,2,42006,10503,1,279000000,279000000,15751,5250,10501,5250,0,1,5252,812609
168,5250,4000,1500,6000000,2,42006,10503,1,279000000,279000000,15751,5250,10501,5250,0,1,5252,809232
168,5250,4000,1500,6000000,2,42006,10503,1,279000000,279000000,15751,5250,10501,5250,0,1,5252,874927
168,5250,4000,1500,6000000,2,42006,10503,1,279000000,279000000,15751,5250,10501,5250,0,1,5252,868147
168,5650,4000,1500,6000000,2,45206,11303,1,296600000,296600000,16951,5650,11301,5650,0,1,5652,8885891
168,5650,4000,1500,6000000,2,45206,11303,1,296600000,296600000,16951,5650,11301,5650,0,1,5652,860063
168,5650,4000,1500,6000000,2,45206,11303,1,296600000,296600000,16951,5650,11301,5650,0,1,5652,859282
168,5650,4000,1500,6000000,2,45206,11303,1,296600000,296600000,16951,5650,11301,5650,0,1,5652,862126
168,5650,4000,1500,6000000,2,45206,11303,1,296600000,296600000,16951,5650,11301,5650,0,1,5652,863210
168,5650,4000,1500,6000000,2,45206,11303,1,296600000,296600000,16951,5650,11301,5650,0,1,5652,914829
168,5650,4000,1500,6000000,2,45206,11303,1,296600000,296600000,16951,5650,11301,5650,0,1,5652,914043
168,6050,4000,1500,6000000,2,48406,12103,1,314200000,314200000,18151,6050,12101,6050,0,1,6052,9364407
168,6050,4000,1500,6000000,2,48406,12103,1,314200000,314200000,18151,6050,12101,6050,0,1,6052,931261
168,6050,4000,1500,6000000,2,48406,12103,1,314200000,314200000,18151,6050,12101,6050,0,1,6052,923552
168,6050,4000,1500,6000000,2,48406,12103,1,314200000,314200000,18151,6050,12101,6050,0,1,6052,925062
168,6050,4000,1500,6000000,2,48406,12103,1,314200000,314200000,18151,6050,12101,6050,0,1,6052,926439
168,6050,4000,1500,6000000,2,48406,12103,1,314200000,314200000,18151,6050,12101,6050,0,1,6052,963053
168,6050,4000,1500,6000000,2,48406,12103,1,314200000,314200000,18151,6050,12101,6050,0,1,6052,965092
168,6450,4000,1500,6000000,2,51606,12903,1,331800000,331800000,19351,6450,12901,6450,0,1,6452,9687025
168,6450,4000,1500,6000000,2,51606,12903,1,331800000,331800000,19351,6450,12901,6450,0,1,6452,977306
168,6450,4000,1500,6000000,2,51606,12903,1,331800000,331800000,19351,6450,12901,6450,0,1,6452,979824
168,6450,4000,1500,6000000,2,51606,12903,1,331800000,331800000,19351,6450,12901,6450,0,1,6452,978547
168,6450,4000,1500,6000000,2,51606,12903,1,331800000,331800000,19351,6450,12901,6450,0,1,6452,990460
168,6450,4000,1500,6000000,2,51606,12903,1,331800000,331800000,19351,6450,12901,6450,0,1,6452,1012070
168,6450,4000,1500,6000000,2,51606,12903,1,331800000,331800000,19351,6450,12901,6450,0,1,6452,1020142
168,6850,4000,1500,6000000,2,54806,13703,1,349400000,349400000,20551,6850,13701,6850,0,1,6852,10960795
168,6850,4000,1500,6000000,2,54806,13703,1,349400000,349400000,20551,6850,13701,6850,0,1,6852,1034971
168,6850,4000,1500,6000000,2,54806,13703,1,349400000,349400000,20551,6850,13701,6850,0,1,6852,1049999
168,6850,4000,1500,6000000,2,54806,13703,1,349400000,349400000,20551,6850,13701,6850,0,1,6852,1057157
168,6850,4000,1500,6000000,2,54806,13703,1,349400000,349400000,20551,6850,13701,6850,0,1,6852,1041050
168,6850,4000,1500,6000000,2,54806,13703,1,349400000,349400000,20551,6850,13701,6850,0,1,6852,1077707
168,6850,4000,1500,6000000,2,54806,13703,1,349400000,349400000,20551,6850,13701,6850,0,1,6852,1091667
168,50,4000,1100,4400000,2,406,103,1,37240000,37240000,151,50,101,50,0,1,52,42546
168,50,4000,1100,4400000,2,406,103,1,37240000,37240000,151,50,101,50,0,1,52,43220
168,50,4000,1100,4400000,2,406,103,1,37240000,37240000,151,50,101,50,0,1,52,37955
168,50,4000,1100,4400000,2,406,103,1,37240000,37240000,151,50,101,50,0,1,52,41521
168,50,4000,1100,4400000,2,406,103,1,37240000,37240000,151,50,101,50,0,1,52,42861
168,50,4000,1100,4400000,2,406,103,1,37240000,37240000,151,50,101,50,0,1,52,55716
168,50,4000,1100,4400000,2,406,103,1,37240000,37240000,151,50,101,50,0,1,52,55215
168,450,4000,1100,4400000,2,3606,903,1,53560000,53560000,1351,450,901,450,0,1,452,414121
168,450,4000,1100,4400000,2,3606,903,1,53560000,53560000,1351,450,901,450,0,1,452,81527
168,450,4000,1100,4400000,2,3606,903,1,53560000,53560000,1351,450,901,450,0,1,452,79386
168,450,4000,1100,4400000,2,3606,903,1,53560000,53560000,1351,450,901,450,0,1,452,75247
168,450,4000,1100,4400000,2,3606,903,1,53560000,53560000,1351,450,901,450,0,1,452,79888
168,450,4000,1100,4400000,2,3606,903,1,53560000,53560000,1351,450,901,450,0,1,452,101761
168,450,4000,1100,4400000,2,3606,903,1,53560000,53560000,1351,450,901,450,0,1,452,101185
168,850,4000,1100,4400000,2,6806,1703,1,69880000,69880000,2551,850,1701,850,0,1,852,884973
168,850,4000,1100,4400000,2,6806,1703,1,69880000,69880000,2551,850,1701,850,0,1,852,130915
168,850,4000,1100,4400000,2,6806,1703,1,69880000,69880000,2551,850,1701,850,0,1,852,131392
168,850,4000,1100,4400000,2,6806,1703,1,69880000,69880000,2551,850,1701,850,0,1,852,131821
168,850,4000,1100,4400000,2,6806,1703,1,69880000,69880000,2551,850,1701,850,0,1,852,132087
168,850,4000,1100,4400000,2,6806,1703,1,69880000,69880000,2551,850,1701,850,0,1,852,154093
168,850,4000,1100,4400000,2,6806,1703,1,69880000,69880000,2551,850,1701,850,0,1,852,150311
168,1250,4000,1100,4400000,2,10006,2503,1,86200000,86200000,3751,1250,2501,1250,0,1,1252,1320447
168,1250,4000,1100,4400000,2,10006,2503,1,86200000,86200000,3751,1250,2501,1250,0,1,1252,176894
168,1250,4000,1100,4400000,2,10006,2503,1,86200000,86200000,3751,1250,2501,1250,0,1,1252,177416
168,1250,4000,1100,4400000,2,10006,2503,1,86200000,86200000,3751,1250,2501,1250,0,1,1252,178215
168,1250,4000,1100,4400000,2,10006,2503,1,86200000,86200000,3751,1250,2501,1250,0,1,1252,177891
168,1250,4000,1100,4400000,2,10006,2503,1,86200000,86200000,3751,1250,2501,1250,0,1,1252,206077
168,1250,4000,1100,4400000,2,10006,2503,1,86200000,86200000,3751,1250,2501,1250,0,1,1252,206489
168,1650,4000,1100,4400000,2,13206,3303,1,102520000,102520000,4951,1650,3301,1650,0,1,1652,1764575
168,1650,4000,1100,4400000,2,13206,3303,1,102520000,102520000,4951,1650,3301,1650,0,1,1652,219249
168,1650,4000,1100,4400000,2,13206,3303,1,102520000,102520000,4951,1650,3301,1650,0,1,1652,220542
168,1650,4000,1100,4400000,2,13206,3303,1,102520000,102520000,4951,1650,3301,1650,0,1,1652,221439
168,1650,4000,1100,4400000,2,13206,3303,1,102520000,102520000,4951,1650,3301,1650,0,1,1652,221065
168,1650,4000,1100,4400000,2,13206,3303,1,102520000,102520000,4951,1650,3301,1650,0,1,1652,238101
168,1650,4000,1100,4400000,2,13206,3303,1,102520000,102520000,4951,1650,3301,1650,0,1,1652,238545
168,2050,4000,1100,4400000,2,16406,4103,1,118840000,118840000,6151,2050,4101,2050,0,1,2052,2192899
168,2050,4000,1100,4400000,2,16406,4103,1,118840000,118840000,6151,2050,4101,2050,0,1,2052,264921
168,2050,4000,1100,4400000,2,16406,4103,1,118840000,118840000,6151,2050,4101,2050,0,1,2052,264333
168,2050,4000,1100,4400000,2,16406,4103,1,118840000,118840000,6151,2050,4101,2050,0,1,2052,265491
168,2050,4000,1100,4400000,2,16406,4103,1,118840000,118840000,6151,2050,4101,2050,0,1,2052,265923
168,2050,4000,1100,4400000,2,16406,4103,1,118840000,118840000,6151,2050,4101,2050,0,1,2052,288925
168,2050,4000,1100,4400000,2,16406,4103,1,118840000,118840000,6151,2050,4101,2050,0,1,2052,289935
168,2450,4000,1100,4400000,2,19606,4903,1,135160000,135160000,7351,2450,4901,2450,0,1,2452,2588801
168,2450,4000,1100,4400000,2,19606,4903,1,135160000,135160000,7351,2450,4901,2450,0,1,2452,312826
168,2450,4000,1100,4400000,2,19606,4903,1,135160000,135160000,7351,2450,4901,2450,0,1,2452,311493
168,2450,4000,1100,4400000,2,19606,4903,1,135160000,135160000,7351,2450,4901,2450,0,1,2452,314267
168,2450,4000,1100,4400000,2,19606,4903,1,135160000,135160000,7351,2450,4901,2450,0,1,2452,313572
168,2450,4000,1100,4400000,2,19606,4903,1,135160000,135160000,7351,2450,4901,2450,0,1,2452,331936
168,2450,4000,1100,4400000,2,19606,4903,1,135160000,135160000,7351,2450,4901,2450,0,1,2452,332484
168,2850,4000,1100,4400000,2,22806,5703,1,151480000,151480000,8551,2850,5701,2850,0,1,2852,2927238
168,2850,4000,1100,4400000,2,22806,5703,1,151480000,151480000,8551,2850,5701,2850,0,1,2852,388788
168,2850,4000,1100,4400000,2,22806,5703,1,151480000,151480000,8551,2850,5701,2850,0,1,2852,388118
168,2850,4000,1100,4400000,2,22806,5703,1,151480000,151480000,8551,2850,5701,2850,0,1,2852,386668
168,2850,4000,1100,4400000,2,22806,5703,1,151480000,151480000,8551,2850,5701,2850,0,1,2852,389328
168,2850,4000,1100,4400000,2,22806,5703,1,151480000,151480000,8551,2850,5701,2850,0,1,2852,421721
168,2850,4000,1100,4400000,2,22806,5703,1,151480000,151480000,8551,2850,5701,2850,0,1,2852,422291
168,3250,4000,1100,4400000,2,26006,6503,1,167800000,167800000,9751,3250,6501,3250,0,1,3252,3507406
168,3250,4000,1100,4400000,2,26006,6503,1,167800000,167800000,9751,3250,6501,3250,0,1,3252,387667
168,3250,4000,1100,4400000,2,26006,6503,1,167800000,167800000,9751,3250,6501,3250,0,1,3252,386578
168,3250,4000,1100,4400000,2,26006,6503,1,167800000,167800000,9751,3250,6501,3250,0,1,3252,388252
168,3250,4000,1100,4400000,2,26006,6503,1,167800000,167800000,9751,3250,6501,3250,0,1,3252,387150
168,3250,4000,1100,4400000,2,26006,6503,1,167800000,167800000,9751,3250,6501,3250,0,1,3252,436951
168,3250,4000,1100,4400000,2,26006,6503,1,167800000,167800000,9751,3250,6501,3250,0,1,3252,437558
168,3650,4000,1100,4400000,2,29206,7303,1,184120000,184120000,10951,3650,7301,3650,0,1,3652,3966719
168,3650,4000,1100,4400000,2,29206,7303,1,184120000,184120000,10951,3650,7301,3650,0,1,3652,451525
168,3650,4000,1100,4400000,2,29206,7303,1,184120000,184120000,10951,3650,7301,3650,0,1,3652,443210
168,3650,4000,1100,4400000,2,29206,7303,1,184120000,184120000,10951,3650,7301,3650,0,1,3652,434379
168,3650,4000,1100,4400000,2,29206,7303,1,184120000,184120000,10951,3650,7301,3650,0,1,3652,444087
168,3650,4000,1100,4400000,2,29206,7303,1,184120000,184120000,10951,3650,7301,3650,0,1,3652,492935
168,3650,4000,1100,4400000,2,29206,7303,1,184120000,184120000,10951,3650,7301,3650,0,1,3652,494092
168,4050,4000,1100,4400000,2,32406,8103,1,200440000,200440000,12151,4050,8101,4050,0,1,4052,4500161
168,4050,4000,1100,4400000,2,32406,8103,1,200440000,200440000,12151,4050,8101,4050,0,1,4052,487740
168,4050,4000,1100,4400000,2,32406,8103,1,200440000,200440000,12151,4050,8101,4050,0,1,4052,485562
168,4050,4000,1100,4400000,2,32406,8103,1,200440000,200440000,12151,4050,8101,4050,0,1,4052,486671
168,4050,4000,1100,4400000,2,32406,8103,1,200440000,200440000,12151,4050,8101,4050,0,1,4052,490145
168,4050,4000,1100,4400000,2,32406,8103,1,200440000,200440000,12151,4050,8101,4050,0,1,4052,541823
168,4050,4000,1100,4400000,2,32406,8103,1,200440000,200440000,12151,4050,8101,4050,0,1,4052,543049
168,4450,4000,1100,4400000,2,35606,8903,1,216760000,216760000,13351,4450,8901,4450,0,1,4452,4633222
168,4450,4000,1100,4400000,2,35606,8903,1,216760000,216760000,13351,4450,8901,4450,0,1,4452,536891
168,4450,4000,1100,4400000,2,35606,8903,1,216760000,216760000,13351,4450,8901,4450,0,1,4452,534253
168,4450,4000,1100,4400000,2,35606,8903,1,216760000,216760000,13351,4450,8901,4450,0,1,4452,535027
168,4450,4000,1100,4400000,2,35606,8903,1,216760000,216760000,13351,4450,8901,4450,0,1,4452,537838
168,4450,4000,1100,4400000,2,35606,8903,1,216760000,216760000,13351,4450,8901,4450,0,1,4452,603429
168,4450,4000,1100,4400000,2,35606,8903,1,216760000,216760000,13351,4450,8901,4450,0,1,4452,602222
168,4850,4000,1100,4400000,2,38806,9703,1,233080000,233080000,14551,4850,9701,4850,0,1,4852,5413764
168,4850,4000,1100,4400000,2,38806,9703,1,233080000,233080000,14551,4850,9701,4850,0,1,4852,577594
168,4850,4000,1100,4400000,2,38806,9703,1,233080000,233080000,14551,4850,9701,4850,0,1,4852,576687
168,4850,4000,1100,4400000,2,38806,9703,1,233080000,233080000,14551,4850,9701,4850,0,1,4852,575224
168,4850,4000,1100,4400000,2,38806,9703,1,233080000,233080000,14551,4850,9701,4850,0,1,4852,578391
168,4850,4000,1100,4400000,2,38806,9703,1,233080000,233080000,14551,4850,9701,4850,0,1,4852,645615
168,4850,4000,1100,4400000,2,38806,9703,1,233080000,233080000,14551,4850,9701,4850,0,1,4852,646317
168,5250,4000,1100,4400000,2,42006,10503,1,249400000,249400000,15751,5250,10501,5250,0,1,5252,5526140
168,5250,4000,1100,4400000,2,42006,10503,1,249400000,249400000,15751,5250,10501,5250,0,1,5252,619864
168,5250,4000,1100,4400000,2,42006,10503,1,249400000,249400000,15751,5250,10501,5250,0,1,5252,629816
168,5250,4000,1100,4400000,2,42006,10503,1,249400000,249400000,15751,5250,10501,5250,0,1,5252,638061
168,5250,4000,1100,4400000,2,42006,10503,1,249400000,249400000,15751,5250,10501,5250,0,1,5252,614860
168,5250,4000,1100,4400000,2,42006,10503,1,249400000,249400000,15751,5250,10501,5250,0,1,5252,700263
168,5250,4000,1100,4400000,2,42006,10503,1,249400000,249400000,15751,5250,10501,5250,0,1,5252,710722
168,5650,4000,1100,4400000,2,45206,11303,1,265720000,265720000,16951,5650,11301,5650,0,1,5652,6002925
168,5650,4000,1100,4400000,2,45206,11303,1,265720000,265720000,16951,5650,11301,5650,0,1,5652,674998
168,5650,4000,1100,4400000,2,45206,11303,1,265720000,265720000,16951,5650,11301,5650,0,1,5652,672915
168,5650,4000,1100,4400000,2,45206,11303,1,265720000,265720000,16951,5650,11301,5650,0,1,5652,671586
168,5650,4000,1100,4400000,2,45206,11303,1,265720000,265720000,16951,5650,11301,5650,0,1,5652,673835
168,5650,4000,1100,4400000,2,45206,11303,1,265720000,265720000,16951,5650,11301,5650,0,1,5652,725895
168,5650,4000,1100,4400000,2,45206,11303,1,265720000,265720000,16951,5650,11301,5650,0,1,5652,727422
168,6050,4000,1100,4400000,2,48406,12103,1,282040000,282040000,18151,6050,12101,6050,0,1,6052,6715171
168,6050,4000,1100,4400000,2,48406,12103,1,282040000,282040000,18151,6050,12101,6050,0,1,6052,708955
168,6050,4000,1100,4400000,2,48406,12103,1,282040000,282040000,18151,6050,12101,6050,0,1,6052,706906
168,6050,4000,1100,4400000,2,48406,12103,1,282040000,282040000,18151,6050,12101,6050,0,1,6052,709872
168,6050,4000,1100,4400000,2,48406,12103,1,282040000,282040000,18151,6050,12101,6050,0,1,6052,707823
168,6050,4000,1100,4400000,2,48406,12103,1,282040000,282040000,18151,6050,12101,6050,0,1,6052,762655
168,6050,4000,1100,4400000,2,48406,12103,1,282040000,282040000,18151,6050,12101,6050,0,1,6052,763473
168,6450,4000,1100,4400000,2,51606,12903,1,298360000,298360000,19351,6450,12901,6450,0,1,6452,7395165
168,6450,4000,1100,4400000,2,51606,12903,1,298360000,298360000,19351,6450,12901,6450,0,1,6452,754947
168,6450,4000,1100,4400000,2,51606,12903,1,298360000,298360000,19351,6450,12901,6450,0,1,6452,758253
168,6450,4000,1100,4400000,2,51606,12903,1,298360000,298360000,19351,6450,12901,6450,0,1,6452,759329
168,6450,4000,1100,4400000,2,51606,12903,1,298360000,298360000,19351,6450,12901,6450,0,1,6452,760386
168,6450,4000,1100,4400000,2,51606,12903,1,298360000,298360000,19351,6450,12901,6450,0,1,6452,802577
168,6450,4000,1100,4400000,2,51606,12903,1,298360000,298360000,19351,6450,12901,6450,0,1,6452,800996
168,6850,4000,1100,4400000,2,54806,13703,1,314680000,314680000,20551,6850,13701,6850,0,1,6852,7577749
168,6850,4000,1100,4400000,2,54806,13703,1,314680000,314680000,20551,6850,13701,6850,0,1,6852,810546
168,6850,4000,1100,4400000,2,54806,13703,1,314680000,314680000,20551,6850,13701,6850,0,1,6852,802532
168,6850,4000,1100,4400000,2,54806,13703,1,314680000,314680000,20551,6850,13701,6850,0,1,6852,800310
168,6850,4000,1100,4400000,2,54806,13703,1,314680000,314680000,20551,6850,13701,6850,0,1,6852,815241
168,6850,4000,1100,4400000,2,54806,13703,1,314680000,314680000,20551,6850,13701,6850,0,1,6852,843213
168,6850,4000,1100,4400000,2,54806,13703,1,314680000,314680000,20551,6850,13701,6850,0,1,6852,846761
168,50,4000,700,2800000,2,406,103,1,24280000,24280000,151,50,101,50,0,1,52,27036
168,50,4000,700,2800000,2,406,103,1,24280000,24280000,151,50,101,50,0,1,52,29520
168,50,4000,700,2800000,2,406,103,1,24280000,24280000,151,50,101,50,0,1,52,30700
168,50,4000,700,2800000,2,406,103,1,24280000,24280000,151,50,101,50,0,1,52,26833
168,50,4000,700,2800000,2,406,103,1,24280000,24280000,151,50,101,50,0,1,52,30334
168,50,4000,700,2800000,2,406,103,1,24280000,24280000,151,50,101,50,0,1,52,38039
168,50,4000,700,2800000,2,406,103,1,24280000,24280000,151,50,101,50,0,1,52,38541
168,450,4000,700,2800000,2,3606,903,1,39320000,39320000,1351,450,901,450,0,1,452,267923
168,450,4000,700,2800000,2,3606,903,1,39320000,39320000,1351,450,901,450,0,1,452,56461
168,450,4000,700,2800000,2,3606,903,1,39320000,39320000,1351,450,901,450,0,1,452,59021
168,450,4000,700,2800000,2,3606,903,1,39320000,39320000,1351,450,901,450,0,1,452,59432
168,450,4000,700,2800000,2,3606,903,1,39320000,39320000,1351,450,901,450,0,1,452,57605
168,450,4000,700,2800000,2,3606,903,1,39320000,39320000,1351,450,901,450,0,1,452,72261
168,450,4000,700,2800000,2,3606,903,1,39320000,39320000,1351,450,901,450,0,1,452,72830
168,850,4000,700,2800000,2,6806,1703,1,54360000,54360000,2551,850,1701,850,0,1,852,561534
168,850,4000,700,2800000,2,6806,1703,1,54360000,54360000,2551,850,1701,850,0,1,852,89786
168,850,4000,700,2800000,2,6806,1703,1,54360000,54360000,2551,850,1701,850,0,1,852,88607
168,850,4000,700,2800000,2,6806,1703,1,54360000,54360000,2551,850,1701,850,0,1,852,90384
168,850,4000,700,2800000,2,6806,1703,1,54360000,54360000,2551,850,1701,850,0,1,852,89415
168,850,4000,700,2800000,2,6806,1703,1,54360000,54360000,2551,850,1701,850,0,1,852,110733
168,850,4000,700,2800000,2,6806,1703,1,54360000,54360000,2551,850,1701,850,0,1,852,110087
168,1250,4000,700,2800000,2,10006,2503,1,69400000,69400000,3751,1250,2501,1250,0,1,1252,829734
168,1250,4000,700,2800000,2,10006,2503,1,69400000,69400000,3751,1250,2501,1250,0,1,1252,123437
168,1250,4000,700,2800000,2,10006,2503,1,69400000,69400000,3751,1250,2501,1250,0,1,1252,121564
168,1250,4000,700,2800000,2,10006,2503,1,69400000,69400000,3751,1250,2501,1250,0,1,1252,122637
168,1250,4000,700,2800000,2,10006,2503,1,69400000,69400000,3751,1250,2501,1250,0,1,1252,123113
168,1250,4000,700,2800000,2,10006,2503,1,69400000,69400000,3751,1250,2501,1250,0,1,1252,154583
168,1250,4000,700,2800000,2,10006,2503,1,69400000,69400000,3751,1250,2501,1250,0,1,1252,153865
168,1650,4000,700,2800000,2,13206,3303,1,84440000,84440000,4951,1650,3301,1650,0,1,1652,1008164
168,1650,4000,700,2800000,2,13206,3303,1,84440000,84440000,4951,1650,3301,1650,0,1,1652,148287
168,1650,4000,700,2800000,2,13206,3303,1,84440000,84440000,4951,1650,3301,1650,0,1,1652,152025
168,1650,4000,700,2800000,2,13206,3303,1,84440000,84440000,4951,1650,3301,1650,0,1,1652,153355
168,1650,4000,700,2800000,2,13206,3303,1,84440000,84440000,4951,1650,3301,1650,0,1,1652,153942
168,1650,4000,700,2800000,2,13206,3303,1,84440000,84440000,4951,1650,3301,1650,0,1,1652,183684
168,1650,4000,700,2800000,2,13206,3303,1,84440000,84440000,4951,1650,3301,1650,0,1,1652,182895
168,2050,4000,700,2800000,2,16406,4103,1,99480000,99480000,6151,2050,4101,2050,0,1,2052,1377721
168,2050,4000,700,2800000,2,16406,4103,1,99480000,99480000,6151,2050,4101,2050,0,1,2052,183397
168,2050,4000,700,2800000,2,16406,4103,1,99480000,99480000,6151,2050,4101,2050,0,1,2052,184324
168,2050,4000,700,2800000,2,16406,4103,1,99480000,99480000,6151,2050,4101,2050,0,1,2052,184828
168,2050,4000,700,2800000,2,16406,4103,1,99480000,99480000,6151,2050,4101,2050,0,1,2052,185467
168,2050,4000,700,2800000,2,16406,4103,1,99480000,99480000,6151,2050,4101,2050,0,1,2052,210293
168,2050,4000,700,2800000,2,16406,4103,1,99480000,99480000,6151,2050,4101,2050,0,1,2052,210768
168,2450,4000,700,2800000,2,19606,4903,1,114520000,114520000,7351,2450,4901,2450,0,1,2452,1646709
168,2450,4000,700,2800000,2,19606,4903,1,114520000,114520000,7351,2450,4901,2450,0,1,2452,217451
168,2450,4000,700,2800000,2,19606,4903,1,114520000,114520000,7351,2450,4901,2450,0,1,2452,218950
168,2450,4000,700,2800000,2,19606,4903,1,114520000,114520000,7351,2450,4901,2450,0,1,2452,218405
168,2450,4000,700,2800000,2,19606,4903,1,114520000,114520000,7351,2450,4901,2450,0,1,2452,219649
168,2450,4000,700,2800000,2,19606,4903,1,114520000,114520000,7351,2450,4901,2450,0,1,2452,237381
168,2450,4000,700,2800000,2,19606,4903,1,114520000,114520000,7351,2450,4901,2450,0,1,2452,237891
168,2850,4000,700,2800000,2,22806,5703,1,129560000,129560000,8551,2850,5701,2850,0,1,2852,1922426
168,2850,4000,700,2800000,2,22806,5703,1,129560000,129560000,8551,2850,5701,2850,0,1,2852,244670
168,2850,4000,700,2800000,2,22806,5703,1,129560000,129560000,8551,2850,5701,2850,0,1,2852,247279
168,2850,4000,700,2800000,2,22806,5703,1,129560000,129560000,8551,2850,5701,2850,0,1,2852,246081
168,2850,4000,700,2800000,2,22806,5703,1,129560000,129560000,8551,2850,5701,2850,0,1,2852,246744
168,2850,4000,700,2800000,2,22806,5703,1,129560000,129560000,8551,2850,5701,2850,0,1,2852,267110
168,2850,4000,700,2800000,2,22806,5703,1,129560000,129560000,8551,2850,5701,2850,0,1,2852,267635
168,3250,4000,700,2800000,2,26006,6503,1,144600000,144600000,9751,3250,6501,3250,0,1,3252,2202100
168,3250,4000,700,2800000,2,26006,6503,1,144600000,144600000,9751,3250,6501,3250,0,1,3252,277780
168,3250,4000,700,2800000,2,26006,6503,1,144600000,144600000,9751,3250,6501,3250,0,1,3252,277101
168,3250,4000,700,2800000,2,26006,6503,1,144600000,144600000,9751,3250,6501,3250,0,1,3252,278496
168,3250,4000,700,2800000,2,26006,6503,1,144600000,144600000,9751,3250,6501,3250,0,1,3252,279080
168,3250,4000,700,2800000,2,26006,6503,1,144600000,144600000,9751,3250,6501,3250,0,1,3252,309886
168,3250,4000,700,2800000,2,26006,6503,1,144600000,144600000,9751,3250,6501,3250,0,1,3252,310495
168,3650,4000,700,2800000,2,29206,7303,1,159640000,159640000,10951,3650,7301,3650,0,1,3652,2478024
168,3650,4000,700,2800000,2,29206,7303,1,159640000,159640000,10951,3650,7301,3650,0,1,3652,310115
168,3650,4000,700,2800000,2,29206,7303,1,159640000,159640000,10951,3650,7301,3650,0,1,3652,310863
168,3650,4000,700,2800000,2,29206,7303,1,159640000,159640000,10951,3650,7301,3650,0,1,3652,311503
168,3650,4000,700,2800000,2,29206,7303,1,159640000,159640000,10951,3650,7301,3650,0,1,3652,308821
168,3650,4000,700,2800000,2,29206,7303,1,159640000,159640000,10951,3650,7301,3650,0,1,3652,365160
168,3650,4000,700,2800000,2,29206,7303,1,159640000,159640000,10951,3650,7301,3650,0,1,3652,343703
168,4050,4000,700,2800000,2,32406,8103,1,174680000,174680000,12151,4050,8101,4050,0,1,4052,2773420
168,4050,4000,700,2800000,2,32406,8103,1,174680000,174680000,12151,4050,8101,4050,0,1,4052,339000
168,4050,4000,700,2800000,2,32406,8103,1,174680000,174680000,12151,4050,8101,4050,0,1,4052,349556
168,4050,4000,700,2800000,2,32406,8103,1,174680000,174680000,12151,4050,8101,4050,0,1,4052,347258
168,4050,4000,700,2800000,2,32406,8103,1,174680000,174680000,12151,4050,8101,4050,0,1,4052,333593
168,4050,4000,700,2800000,2,32406,8103,1,174680000,174680000,12151,4050,8101,4050,0,1,4052,382823
168,4050,4000,700,2800000,2,32406,8103,1,174680000,174680000,12151,4050,8101,4050,0,1,4052,403828
168,4450,4000,700,2800000,2,35606,8903,1,189720000,189720000,13351,4450,8901,4450,0,1,4452,3006083
168,4450,4000,700,2800000,2,35606,8903,1,189720000,189720000,13351,4450,8901,4450,0,1,4452,364175
168,4450,4000,700,2800000,2,35606,8903,1,189720000,189720000,13351,4450,8901,4450,0,1,4452,365797
168,4450,4000,700,2800000,2,35606,8903,1,189720000,189720000,13351,4450,8901,4450,0,1,4452,366537
168,4450,4000,700,2800000,2,35606,8903,1,189720000,189720000,13351,4450,8901,4450,0,1,4452,364955
168,4450,4000,700,2800000,2,35606,8903,1,189720000,189720000,13351,4450,8901,4450,0,1,4452,422804
168,4450,4000,700,2800000,2,35606,8903,1,189720000,189720000,13351,4450,8901,4450,0,1,4452,423487
168,4850,4000,700,2800000,2,38806,9703,1,204760000,204760000,14551,4850,9701,4850,0,1,4852,3311965
168,4850,4000,700,2800000,2,38806,9703,1,204760000,204760000,14551,4850,9701,4850,0,1,4852,398091
168,4850,4000,700,2800000,2,38806,9703,1,204760000,204760000,14551,4850,9701,4850,0,1,4852,398924
168,4850,4000,700,2800000,2,38806,9703,1,204760000,204760000,14551,4850,9701,4850,0,1,4852,399832
168,4850,4000,700,2800000,2,38806,9703,1,204760000,204760000,14551,4850,9701,4850,0,1,4852,400646
168,4850,4000,700,2800000,2,38806,9703,1,204760000,204760000,14551,4850,9701,4850,0,1,4852,462401
168,4850,4000,700,2800000,2,38806,9703,1,204760000,204760000,14551,4850,9701,4850,0,1,4852,463248
168,5250,4000,700,2800000,2,42006,10503,1,219800000,219800000,15751,5250,10501,5250,0,1,5252,3524936
168,5250,4000,700,2800000,2,42006,10503,1,219800000,219800000,15751,5250,10501,5250,0,1,5252,433487
168,5250,4000,700,2800000,2,42006,10503,1,219800000,219800000,15751,5250,10501,5250,0,1,5252,434630
168,5250,4000,700,2800000,2,42006,10503,1,219800000,219800000,15751,5250,10501,5250,0,1,5252,436420
168,5250,4000,700,2800000,2,42006,10503,1,219800000,219800000,15751,5250,10501,5250,0,1,5252,435559
168,5250,4000,700,2800000,2,42006,10503,1,219800000,219800000,15751,5250,10501,5250,0,1,5252,497601
168,5250,4000,700,2800000,2,42006,10503,1,219800000,219800000,15751,5250,10501,5250,0,1,5252,498326
168,5650,4000,700,2800000,2,45206,11303,1,234840000,234840000,16951,5650,11301,5650,0,1,5652,3838052
168,5650,4000,700,2800000,2,45206,11303,1,234840000,234840000,16951,5650,11301,5650,0,1,5652,475663
168,5650,4000,700,2800000,2,45206,11303,1,234840000,234840000,16951,5650,11301,5650,0,1,5652,476792
168,5650,4000,700,2800000,2,45206,11303,1,234840000,234840000,16951,5650,11301,5650,0,1,5652,474743
168,5650,4000,700,2800000,2,45206,11303,1,234840000,234840000,16951,5650,11301,5650,0,1,5652,473473
168,5650,4000,700,2800000,2,45206,11303,1,234840000,234840000,16951,5650,11301,5650,0,1,5652,536971
168,5650,4000,700,2800000,2,45206,11303,1,234840000,234840000,16951,5650,11301,5650,0,1,5652,537756
168,6050,4000,700,2800000,2,48406,12103,1,249880000,249880000,18151,6050,12101,6050,0,1,6052,4123401
168,6050,4000,700,2800000,2,48406,12103,1,249880000,249880000,18151,6050,12101,6050,0,1,6052,501240
168,6050,4000,700,2800000,2,48406,12103,1,249880000,249880000,18151,6050,12101,6050,0,1,6052,502792
168,6050,4000,700,2800000,2,48406,12103,1,249880000,249880000,18151,6050,12101,6050,0,1,6052,503855
168,6050,4000,700,2800000,2,48406,12103,1,249880000,249880000,18151,6050,12101,6050,0,1,6052,504832
168,6050,4000,700,2800000,2,48406,12103,1,249880000,249880000,18151,6050,12101,6050,0,1,6052,562742
168,6050,4000,700,2800000,2,48406,12103,1,249880000,249880000,18151,6050,12101,6050,0,1,6052,564110
168,6450,4000,700,2800000,2,51606,12903,1,264920000,264920000,19351,6450,12901,6450,0,1,6452,4482961
168,6450,4000,700,2800000,2,51606,12903,1,264920000,264920000,19351,6450,12901,6450,0,1,6452,543458
168,6450,4000,700,2800000,2,51606,12903,1,264920000,264920000,19351,6450,12901,6450,0,1,6452,522264
168,6450,4000,700,2800000,2,51606,12903,1,264920000,264920000,19351,6450,12901,6450,0,1,6452,524420
168,6450,4000,700,2800000,2,51606,12903,1,264920000,264920000,19351,6450,12901,6450,0,1,6452,547994
168,6450,4000,700,2800000,2,51606,12903,1,264920000,264920000,19351,6450,12901,6450,0,1,6452,586886
168,6450,4000,700,2800000,2,51606,12903,1,264920000,264920000,19351,6450,12901,6450,0,1,6452,587772
168,6850,4000,700,2800000,2,54806,13703,1,279960000,279960000,20551,6850,13701,6850,0,1,6852,4791331
168,6850,4000,700,2800000,2,54806,13703,1,279960000,279960000,20551,6850,13701,6850,0,1,6852,563143
168,6850,4000,700,2800000,2,54806,13703,1,279960000,279960000,20551,6850,13701,6850,0,1,6852,564537
168,6850,4000,700,2800000,2,54806,13703,1,279960000,279960000,20551,6850,13701,6850,0,1,6852,566892
168,6850,4000,700,2800000,2,54806,13703,1,279960000,279960000,20551,6850,13701,6850,0,1,6852,565591
168,6850,4000,700,2800000,2,54806,13703,1,279960000,279960000,20551,6850,13701,6850,0,1,6852,612351
168,6850,4000,700,2800000,2,54806,13703,1,279960000,279960000,20551,6850,13701,6850,0,1,6852,613756
168,50,4000,300,1200000,2,406,103,1,11320000,11320000,151,50,101,50,0,1,52,11096
168,50,4000,300,1200000,2,406,103,1,11320000,11320000,151,50,101,50,0,1,52,16744
168,50,4000,300,1200000,2,406,103,1,11320000,11320000,151,50,101,50,0,1,52,19083
168,50,4000,300,1200000,2,406,103,1,11320000,11320000,151,50,101,50,0,1,52,18723
168,50,4000,300,1200000,2,406,103,1,11320000,11320000,151,50,101,50,0,1,52,16251
168,50,4000,300,1200000,2,406,103,1,11320000,11320000,151,50,101,50,0,1,52,22852
168,50,4000,300,1200000,2,406,103,1,11320000,11320000,151,50,101,50,0,1,52,23356
168,450,4000,300,1200000,2,3606,903,1,25080000,25080000,1351,450,901,450,0,1,452,111000
168,450,4000,300,1200000,2,3606,903,1,25080000,25080000,1351,450,901,450,0,1,452,38455
168,450,4000,300,1200000,2,3606,903,1,25080000,25080000,1351,450,901,450,0,1,452,37273
168,450,4000,300,1200000,2,3606,903,1,25080000,25080000,1351,450,901,450,0,1,452,38042
168,450,4000,300,1200000,2,3606,903,1,25080000,25080000,1351,450,901,450,0,1,452,35189
168,450,4000,300,1200000,2,3606,903,1,25080000,25080000,1351,450,901,450,0,1,452,46661
168,450,4000,300,1200000,2,3606,903,1,25080000,25080000,1351,450,901,450,0,1,452,47394
168,850,4000,300,1200000,2,6806,1703,1,38840000,38840000,2551,850,1701,850,0,1,852,236598
168,850,4000,300,1200000,2,6806,1703,1,38840000,38840000,2551,850,1701,850,0,1,852,53793
168,850,4000,300,1200000,2,6806,1703,1,38840000,38840000,2551,850,1701,850,0,1,852,55252
168,850,4000,300,1200000,2,6806,1703,1,38840000,38840000,2551,850,1701,850,0,1,852,55719
168,850,4000,300,1200000,2,6806,1703,1,38840000,38840000,2551,850,1701,850,0,1,852,52693
168,850,4000,300,1200000,2,6806,1703,1,38840000,38840000,2551,850,1701,850,0,1,852,67684
168,850,4000,300,1200000,2,6806,1703,1,38840000,38840000,2551,850,1701,850,0,1,852,67033
168,1250,4000,300,1200000,2,10006,2503,1,52600000,52600000,3751,1250,2501,1250,0,1,1252,353088
168,1250,4000,300,1200000,2,10006,2503,1,52600000,52600000,3751,1250,2501,1250,0,1,1252,73025
168,1250,4000,300,1200000,2,10006,2503,1,52600000,52600000,3751,1250,2501,1250,0,1,1252,73354
168,1250,4000,300,1200000,2,10006,2503,1,52600000,52600000,3751,1250,2501,1250,0,1,1252,72027
168,1250,4000,300,1200000,2,10006,2503,1,52600000,52600000,3751,1250,2501,1250,0,1,1252,72548
168,1250,4000,300,1200000,2,10006,2503,1,52600000,52600000,3751,1250,2501,1250,0,1,1252,94576
168,1250,4000,300,1200000,2,10006,2503,1,52600000,52600000,3751,1250,2501,1250,0,1,1252,93844
168,1650,4000,300,1200000,2,13206,3303,1,66360000,66360000,4951,1650,3301,1650,0,1,1652,469598
168,1650,4000,300,1200000,2,13206,3303,1,66360000,66360000,4951,1650,3301,1650,0,1,1652,95059
168,1650,4000,300,1200000,2,13206,3303,1,66360000,66360000,4951,1650,3301,1650,0,1,1652,93045
168,1650,4000,300,1200000,2,13206,3303,1,66360000,66360000,4951,1650,3301,1650,0,1,1652,94158
168,1650,4000,300,1200000,2,13206,3303,1,66360000,66360000,4951,1650,3301,1650,0,1,1652,94679
168,1650,4000,300,1200000,2,13206,3303,1,66360000,66360000,4951,1650,3301,1650,0,1,1652,114282
168,1650,4000,300,1200000,2,13206,3303,1,66360000,66360000,4951,1650,3301,1650,0,1,1652,113476
168,2050,4000,300,1200000,2,16406,4103,1,80120000,80120000,6151,2050,4101,2050,0,1,2052,582790
168,2050,4000,300,1200000,2,16406,4103,1,80120000,80120000,6151,2050,4101,2050,0,1,2052,111623
168,2050,4000,300,1200000,2,16406,4103,1,80120000,80120000,6151,2050,4101,2050,0,1,2052,109489
168,2050,4000,300,1200000,2,16406,4103,1,80120000,80120000,6151,2050,4101,2050,0,1,2052,111192
168,2050,4000,300,1200000,2,16406,4103,1,80120000,80120000,6151,2050,4101,2050,0,1,2052,110623
168,2050,4000,300,1200000,2,16406,4103,1,80120000,80120000,6151,2050,4101,2050,0,1,2052,146603
168,2050,4000,300,1200000,2,16406,4103,1,80120000,80120000,6151,2050,4101,2050,0,1,2052,145727
168,2450,4000,300,1200000,2,19606,4903,1,93880000,93880000,7351,2450,4901,2450,0,1,2452,705381
168,2450,4000,300,1200000,2,19606,4903,1,93880000,93880000,7351,2450,4901,2450,0,1,2452,128990
168,2450,4000,300,1200000,2,19606,4903,1,93880000,93880000,7351,2450,4901,2450,0,1,2452,130149
168,2450,4000,300,1200000,2,19606,4903,1,93880000,93880000,7351,2450,4901,2450,0,1,2452,131246
168,2450,4000,300,1200000,2,19606,4903,1,93880000,93880000,7351,2450,4901,2450,0,1,2452,130765
168,2450,4000,300,1200000,2,19606,4903,1,93880000,93880000,7351,2450,4901,2450,0,1,2452,178941
168,2450,4000,300,1200000,2,19606,4903,1,93880000,93880000,7351,2450,4901,2450,0,1,2452,177985
168,2850,4000,300,1200000,2,22806,5703,1,107640000,107640000,8551,2850,5701,2850,0,1,2852,824085
168,2850,4000,300,1200000,2,22806,5703,1,107640000,107640000,8551,2850,5701,2850,0,1,2852,148373
168,2850,4000,300,1200000,2,22806,5703,1,107640000,107640000,8551,2850,5701,2850,0,1,2852,146805
168,2850,4000,300,1200000,2,22806,5703,1,107640000,107640000,8551,2850,5701,2850,0,1,2852,147777
168,2850,4000,300,1200000,2,22806,5703,1,107640000,107640000,8551,2850,5701,2850,0,1,2852,149123
168,2850,4000,300,1200000,2,22806,5703,1,107640000,107640000,8551,2850,5701,2850,0,1,2852,198234
168,2850,4000,300,1200000,2,22806,5703,1,107640000,107640000,8551,2850,5701,2850,0,1,2852,197177
168,3250,4000,300,1200000,2,26006,6503,1,121400000,121400000,9751,3250,6501,3250,0,1,3252,932503
168,3250,4000,300,1200000,2,26006,6503,1,121400000,121400000,9751,3250,6501,3250,0,1,3252,165860
168,3250,4000,300,1200000,2,26006,6503,1,121400000,121400000,9751,3250,6501,3250,0,1,3252,166442
168,3250,4000,300,1200000,2,26006,6503,1,121400000,121400000,9751,3250,6501,3250,0,1,3252,163901
168,3250,4000,300,1200000,2,26006,6503,1,121400000,121400000,9751,3250,6501,3250,0,1,3252,165137
168,3250,4000,300,1200000,2,26006,6503,1,121400000,121400000,9751,3250,6501,3250,0,1,3252,210664
168,3250,4000,300,1200000,2,26006,6503,1,121400000,121400000,9751,3250,6501,3250,0,1,3252,211211
168,3650,4000,300,1200000,2,29206,7303,1,135160000,135160000,10951,3650,7301,3650,0,1,3652,944747
168,3650,4000,300,1200000,2,29206,7303,1,135160000,135160000,10951,3650,7301,3650,0,1,3652,184591
168,3650,4000,300,1200000,2,29206,7303,1,135160000,135160000,10951,3650,7301,3650,0,1,3652,182565
168,3650,4000,300,1200000,2,29206,7303,1,135160000,135160000,10951,3650,7301,3650,0,1,3652,185235
168,3650,4000,300,1200000,2,29206,7303,1,135160000,135160000,10951,3650,7301,3650,0,1,3652,183842
168,3650,4000,300,1200000,2,29206,7303,1,135160000,135160000,10951,3650,7301,3650,0,1,3652,215542
168,3650,4000,300,1200000,2,29206,7303,1,135160000,135160000,10951,3650,7301,3650,0,1,3652,216179
168,4050,4000,300,1200000,2,32406,8103,1,148920000,148920000,12151,4050,8101,4050,0,1,4052,1152382
168,4050,4000,300,1200000,2,32406,8103,1,148920000,148920000,12151,4050,8101,4050,0,1,4052,205955
168,4050,4000,300,1200000,2,32406,8103,1,148920000,148920000,12151,4050,8101,4050,0,1,4052,204143
168,4050,4000,300,1200000,2,32406,8103,1,148920000,148920000,12151,4050,8101,4050,0,1,4052,202791
168,4050,4000,300,1200000,2,32406,8103,1,148920000,148920000,12151,4050,8101,4050,0,1,4052,205056
168,4050,4000,300,1200000,2,32406,8103,1,148920000,148920000,12151,4050,8101,4050,0,1,4052,234462
168,4050,4000,300,1200000,2,32406,8103,1,148920000,148920000,12151,4050,8101,4050,0,1,4052,235137
168,4450,4000,300,1200000,2,35606,8903,1,162680000,162680000,13351,4450,8901,4450,0,1,4452,1271579
168,4450,4000,300,1200000,2,35606,8903,1,162680000,162680000,13351,4450,8901,4450,0,1,4452,218762
168,4450,4000,300,1200000,2,35606,8903,1,162680000,162680000,13351,4450,8901,4450,0,1,4452,220347
168,4450,4000,300,1200000,2,35606,8903,1,162680000,162680000,13351,4450,8901,4450,0,1,4452,217408
168,4450,4000,300,1200000,2,35606,8903,1,162680000,162680000,13351,4450,8901,4450,0,1,4452,219605
168,4450,4000,300,1200000,2,35606,8903,1,162680000,162680000,13351,4450,8901,4450,0,1,4452,264005
168,4450,4000,300,1200000,2,35606,8903,1,162680000,162680000,13351,4450,8901,4450,0,1,4452,264668
168,4850,4000,300,1200000,2,38806,9703,1,176440000,176440000,14551,4850,9701,4850,0,1,4852,1387723
168,4850,4000,300,1200000,2,38806,9703,1,176440000,176440000,14551,4850,9701,4850,0,1,4852,230546
168,4850,4000,300,1200000,2,38806,9703,1,176440000,176440000,14551,4850,9701,4850,0,1,4852,231582
168,4850,4000,300,1200000,2,38806,9703,1,176440000,176440000,14551,4850,9701,4850,0,1,4852,233724
168,4850,4000,300,1200000,2,38806,9703,1,176440000,176440000,14551,4850,9701,4850,0,1,4852,232718
168,4850,4000,300,1200000,2,38806,9703,1,176440000,176440000,14551,4850,9701,4850,0,1,4852,282503
168,4850,4000,300,1200000,2,38806,9703,1,176440000,176440000,14551,4850,9701,4850,0,1,4852,283223
168,5250,4000,300,1200000,2,42006,10503,1,190200000,190200000,15751,5250,10501,5250,0,1,5252,1499768
168,5250,4000,300,1200000,2,42006,10503,1,190200000,190200000,15751,5250,10501,5250,0,1,5252,254201
168,5250,4000,300,1200000,2,42006,10503,1,190200000,190200000,15751,5250,10501,5250,0,1,5252,255991
168,5250,4000,300,1200000,2,42006,10503,1,190200000,190200000,15751,5250,10501,5250,0,1,5252,256844
168,5250,4000,300,1200000,2,42006,10503,1,190200000,190200000,15751,5250,10501,5250,0,1,5252,255051
168,5250,4000,300,1200000,2,42006,10503,1,190200000,190200000,15751,5250,10501,5250,0,1,5252,307495
168,5250,4000,300,1200000,2,42006,10503,1,190200000,190200000,15751,5250,10501,5250,0,1,5252,308247
168,5650,4000,300,1200000,2,45206,11303,1,203960000,203960000,16951,5650,11301,5650,0,1,5652,1620802
168,5650,4000,300,1200000,2,45206,11303,1,203960000,203960000,16951,5650,11301,5650,0,1,5652,280895
168,5650,4000,300,1200000,2,45206,11303,1,203960000,203960000,16951,5650,11301,5650,0,1,5652,279969
168,5650,4000,300,1200000,2,45206,11303,1,203960000,203960000,16951,5650,11301,5650,0,1,5652,277529
168,5650,4000,300,1200000,2,45206,11303,1,203960000,203960000,16951,5650,11301,5650,0,1,5652,278985
168,5650,4000,300,1200000,2,45206,11303,1,203960000,203960000,16951,5650,11301,5650,0,1,5652,325817
168,5650,4000,300,1200000,2,45206,11303,1,203960000,203960000,16951,5650,11301,5650,0,1,5652,326584
168,6050,4000,300,1200000,2,48406,12103,1,217720000,217720000,18151,6050,12101,6050,0,1,6052,1756674
168,6050,4000,300,1200000,2,48406,12103,1,217720000,217720000,18151,6050,12101,6050,0,1,6052,300941
168,6050,4000,300,1200000,2,48406,12103,1,217720000,217720000,18151,6050,12101,6050,0,1,6052,301912
168,6050,4000,300,1200000,2,48406,12103,1,217720000,217720000,18151,6050,12101,6050,0,1,6052,298206
168,6050,4000,300,1200000,2,48406,12103,1,217720000,217720000,18151,6050,12101,6050,0,1,6052,299909
168,6050,4000,300,1200000,2,48406,12103,1,217720000,217720000,18151,6050,12101,6050,0,1,6052,343422
168,6050,4000,300,1200000,2,48406,12103,1,217720000,217720000,18151,6050,12101,6050,0,1,6052,344239
168,6450,4000,300,1200000,2,51606,12903,1,231480000,231480000,19351,6450,12901,6450,0,1,6452,1883045
168,6450,4000,300,1200000,2,51606,12903,1,231480000,231480000,19351,6450,12901,6450,0,1,6452,313825
168,6450,4000,300,1200000,2,51606,12903,1,231480000,231480000,19351,6450,12901,6450,0,1,6452,316137
168,6450,4000,300,1200000,2,51606,12903,1,231480000,231480000,19351,6450,12901,6450,0,1,6452,317151
168,6450,4000,300,1200000,2,51606,12903,1,231480000,231480000,19351,6450,12901,6450,0,1,6452,315061
168,6450,4000,300,1200000,2,51606,12903,1,231480000,231480000,19351,6450,12901,6450,0,1,6452,369804
168,6450,4000,300,1200000,2,51606,12903,1,231480000,231480000,19351,6450,12901,6450,0,1,6452,370790
168,6850,4000,300,1200000,2,54806,13703,1,245240000,245240000,20551,6850,13701,6850,0,1,6852,1984671
168,6850,4000,300,1200000,2,54806,13703,1,245240000,245240000,20551,6850,13701,6850,0,1,6852,339181
168,6850,4000,300,1200000,2,54806,13703,1,245240000,245240000,20551,6850,13701,6850,0,1,6852,337579
168,6850,4000,300,1200000,2,54806,13703,1,245240000,245240000,20551,6850,13701,6850,0,1,6852,336233
168,6850,4000,300,1200000,2,54806,13703,1,245240000,245240000,20551,6850,13701,6850,0,1,6852,340410
168,6850,4000,300,1200000,2,54806,13703,1,245240000,245240000,20551,6850,13701,6850,0,1,6852,392823
168,6850,4000,300,1200000,2,54806,13703,1,245240000,245240000,20551,6850,13701,6850,0,1,6852,393690
168,50,3600,7100,25560000,2,406,103,1,208760000,208760000,151,50,101,50,0,1,52,297156
168,50,3600,7100,25560000,2,406,103,1,208760000,208760000,151,50,101,50,0,1,52,209850
168,50,3600,7100,25560000,2,406,103,1,208760000,208760000,151,50,101,50,0,1,52,210152
168,50,3600,7100,25560000,2,406,103,1,208760000,208760000,151,50,101,50,0,1,52,210461
168,50,3600,7100,25560000,2,406,103,1,208760000,208760000,151,50,101,50,0,1,52,210302
168,50,3600,7100,25560000,2,406,103,1,208760000,208760000,151,50,101,50,0,1,52,238086
168,50,3600,7100,25560000,2,406,103,1,208760000,208760000,151,50,101,50,0,1,52,238393
168,450,3600,7100,25560000,2,3606,903,1,243000000,243000000,1351,450,901,450,0,1,452,2687015
168,450,3600,7100,25560000,2,3606,903,1,243000000,243000000,1351,450,901,450,0,1,452,445033
168,450,3600,7100,25560000,2,3606,903,1,243000000,243000000,1351,450,901,450,0,1,452,462386
168,450,3600,7100,25560000,2,3606,903,1,243000000,243000000,1351,450,901,450,0,1,452,461321
168,450,3600,7100,25560000,2,3606,903,1,243000000,243000000,1351,450,901,450,0,1,452,445822
168,450,3600,7100,25560000,2,3606,903,1,243000000,243000000,1351,450,901,450,0,1,452,451707
168,450,3600,7100,25560000,2,3606,903,1,243000000,243000000,1351,450,901,450,0,1,452,465063
168,850,3600,7100,25560000,2,6806,1703,1,277240000,277240000,2551,850,1701,850,0,1,852,5434297
168,850,3600,7100,25560000,2,6806,1703,1,277240000,277240000,2551,850,1701,850,0,1,852,660173
168,850,3600,7100,25560000,2,6806,1703,1,277240000,277240000,2551,850,1701,850,0,1,852,659495
168,850,3600,7100,25560000,2,6806,1703,1,277240000,277240000,2551,850,1701,850,0,1,852,658712
168,850,3600,7100,25560000,2,6806,1703,1,277240000,277240000,2551,850,1701,850,0,1,852,659916
168,850,3600,7100,25560000,2,6806,1703,1,277240000,277240000,2551,850,1701,850,0,1,852,664122
168,850,3600,7100,25560000,2,6806,1703,1,277240000,277240000,2551,850,1701,850,0,1,852,670213
168,1250,3600,7100,25560000,2,10006,2503,1,311480000,311480000,3751,1250,2501,1250,0,1,1252,7918269
168,1250,3600,7100,25560000,2,10006,2503,1,311480000,311480000,3751,1250,2501,1250,0,1,1252,874717
168,1250,3600,7100,25560000,2,10006,2503,1,311480000,311480000,3751,1250,2501,1250,0,1,1252,862593
168,1250,3600,7100,25560000,2,10006,2503,1,311480000,311480000,3751,1250,2501,1250,0,1,1252,863483
168,1250,3600,7100,25560000,2,10006,2503,1,311480000,311480000,3751,1250,2501,1250,0,1,1252,879643
168,1250,3600,7100,25560000,2,10006,2503,1,311480000,311480000,3751,1250,2501,1250,0,1,1252,889571
168,1250,3600,7100,25560000,2,10006,2503,1,311480000,311480000,3751,1250,2501,1250,0,1,1252,899368
168,1650,3600,7100,25560000,2,13206,3303,1,345720000,345720000,4951,1650,3301,1650,0,1,1652,10984822
168,1650,3600,7100,25560000,2,13206,3303,1,345720000,345720000,4951,1650,3301,1650,0,1,1652,1086696
168,1650,3600,7100,25560000,2,13206,3303,1,345720000,345720000,4951,1650,3301,1650,0,1,1652,1087215
168,1650,3600,7100,25560000,2,13206,3303,1,345720000,345720000,4951,1650,3301,1650,0,1,1652,1085870
168,1650,3600,7100,25560000,2,13206,3303,1,345720000,345720000,4951,1650,3301,1650,0,1,1652,1087566
168,1650,3600,7100,25560000,2,13206,3303,1,345720000,345720000,4951,1650,3301,1650,0,1,1652,1103966
168,1650,3600,7100,25560000,2,13206,3303,1,345720000,345720000,4951,1650,3301,1650,0,1,1652,1110460
168,2050,3600,7100,25560000,2,16406,4103,1,379960000,379960000,6151,2050,4101,2050,0,1,2052,13675925
168,2050,3600,7100,25560000,2,16406,4103,1,379960000,379960000,6151,2050,4101,2050,0,1,2052,1277987
168,2050,3600,7100,25560000,2,16406,4103,1,379960000,379960000,6151,2050,4101,2050,0,1,2052,1277417
168,2050,3600,7100,25560000,2,16406,4103,1,379960000,379960000,6151,2050,4101,2050,0,1,2052,1278539
168,2050,3600,7100,25560000,2,16406,4103,1,379960000,379960000,6151,2050,4101,2050,0,1,2052,1278944
168,2050,3600,7100,25560000,2,16406,4103,1,379960000,379960000,6151,2050,4101,2050,0,1,2052,1312107
168,2050,3600,7100,25560000,2,16406,4103,1,379960000,379960000,6151,2050,4101,2050,0,1,2052,1315989
168,2450,3600,7100,25560000,2,19606,4903,1,414200000,414200000,7351,2450,4901,2450,0,1,2452,16065734
168,2450,3600,7100,25560000,2,19606,4903,1,414200000,414200000,7351,2450,4901,2450,0,1,2452,1531528
168,2450,3600,7100,25560000,2,19606,4903,1,414200000,414200000,7351,2450,4901,2450,0,1,2452,1476439
168,2450,3600,7100,25560000,2,19606,4903,1,414200000,414200000,7351,2450,4901,2450,0,1,2452,1506515
168,2450,3600,7100,25560000,2,19606,4903,1,414200000,414200000,7351,2450,4901,2450,0,1,2452,1530033
168,2450,3600,7100,25560000,2,19606,4903,1,414200000,414200000,7351,2450,4901,2450,0,1,2452,1532523
168,2450,3600,7100,25560000,2,19606,4903,1,414200000,414200000,7351,2450,4901,2450,0,1,2452,1540826
168,2850,3600,7100,25560000,2,22806,5703,1,448440000,448440000,8551,2850,5701,2850,0,1,2852,19260830
168,2850,3600,7100,25560000,2,22806,5703,1,448440000,448440000,8551,2850,5701,2850,0,1,2852,1730340
168,2850,3600,7100,25560000,2,22806,5703,1,448440000,448440000,8551,2850,5701,2850,0,1,2852,1732989
168,2850,3600,7100,25560000,2,22806,5703,1,448440000,448440000,8551,2850,5701,2850,0,1,2852,1731657
168,2850,3600,7100,25560000,2,22806,5703,1,448440000,448440000,8551,2850,5701,2850,0,1,2852,1733488
168,2850,3600,7100,25560000,2,22806,5703,1,448440000,448440000,8551,2850,5701,2850,0,1,2852,1706174
168,2850,3600,7100,25560000,2,22806,5703,1,448440000,448440000,8551,2850,5701,2850,0,1,2852,1732343
168,3250,3600,7100,25560000,2,26006,6503,1,482680000,482680000,9751,3250,6501,3250,0,1,3252,23006912
168,3250,3600,7100,25560000,2,26006,6503,1,482680000,482680000,9751,3250,6501,3250,0,1,3252,1944866
168,3250,3600,7100,25560000,2,26006,6503,1,482680000,482680000,9751,3250,6501,3250,0,1,3252,1952615
168,3250,3600,7100,25560000,2,26006,6503,1,482680000,482680000,9751,3250,6501,3250,0,1,3252,1888092
168,3250,3600,7100,25560000,2,26006,6503,1,482680000,482680000,9751,3250,6501,3250,0,1,3252,1957552
168,3250,3600,7100,25560000,2,26006,6503,1,482680000,482680000,9751,3250,6501,3250,0,1,3252,1945700
168,3250,3600,7100,25560000,2,26006,6503,1,482680000,482680000,9751,3250,6501,3250,0,1,3252,1959065
168,3650,3600,7100,25560000,2,29206,7303,1,516920000,516920000,10951,3650,7301,3650,0,1,3652,26596997
168,3650,3600,7100,25560000,2,29206,7303,1,516920000,516920000,10951,3650,7301,3650,0,1,3652,2175740
168,3650,3600,7100,25560000,2,29206,7303,1,516920000,516920000,10951,3650,7301,3650,0,1,3652,2174058
168,3650,3600,7100,25560000,2,29206,7303,1,516920000,516920000,10951,3650,7301,3650,0,1,3652,2175026
168,3650,3600,7100,25560000,2,29206,7303,1,516920000,516920000,10951,3650,7301,3650,0,1,3652,2176354
168,3650,3600,7100,25560000,2,29206,7303,1,516920000,516920000,10951,3650,7301,3650,0,1,3652,2155597
168,3650,3600,7100,25560000,2,29206,7303,1,516920000,516920000,10951,3650,7301,3650,0,1,3652,2145622
168,4050,3600,7100,25560000,2,32406,8103,1,551160000,551160000,12151,4050,8101,4050,0,1,4052,28856268
168,4050,3600,7100,25560000,2,32406,8103,1,551160000,551160000,12151,4050,8101,4050,0,1,4052,2424646
168,4050,3600,7100,25560000,2,32406,8103,1,551160000,551160000,12151,4050,8101,4050,0,1,4052,2413125
168,4050,3600,7100,25560000,2,32406,8103,1,551160000,551160000,12151,4050,8101,4050,0,1,4052,2423795
168,4050,3600,7100,25560000,2,32406,8103,1,551160000,551160000,12151,4050,8101,4050,0,1,4052,2419371
168,4050,3600,7100,25560000,2,32406,8103,1,551160000,551160000,12151,4050,8101,4050,0,1,4052,2328943
168,4050,3600,7100,25560000,2,32406,8103,1,551160000,551160000,12151,4050,8101,4050,0,1,4052,2353784
168,4450,3600,7100,25560000,2,35606,8903,1,585400000,585400000,13351,4450,8901,4450,0,1,4452,33558721
168,4450,3600,7100,25560000,2,35606,8903,1,585400000,585400000,13351,4450,8901,4450,0,1,4452,2638211
168,4450,3600,7100,25560000,2,35606,8903,1,585400000,585400000,13351,4450,8901,4450,0,1,4452,2632143
168,4450,3600,7100,25560000,2,35606,8903,1,585400000,585400000,13351,4450,8901,4450,0,1,4452,2637315
168,4450,3600,7100,25560000,2,35606,8903,1,585400000,585400000,13351,4450,8901,4450,0,1,4452,2633963
168,4450,3600,7100,25560000,2,35606,8903,1,585400000,585400000,13351,4450,8901,4450,0,1,4452,2558115
168,4450,3600,7100,25560000,2,35606,8903,1,585400000,585400000,13351,4450,8901,4450,0,1,4452,2571721
168,4850,3600,7100,25560000,2,38806,9703,1,619640000,619640000,14551,4850,9701,4850,0,1,4852,36340952
168,4850,3600,7100,25560000,2,38806,9703,1,619640000,619640000,14551,4850,9701,4850,0,1,4852,2851387
168,4850,3600,7100,25560000,2,38806,9703,1,619640000,619640000,14551,4850,9701,4850,0,1,4852,2846636
168,4850,3600,7100,25560000,2,38806,9703,1,619640000,619640000,14551,4850,9701,4850,0,1,4852,2852336
168,4850,3600,7100,25560000,2,38806,9703,1,619640000,619640000,14551,4850,9701,4850,0,1,4852,2834803
168,4850,3600,7100,25560000,2,38806,9703,1,619640000,619640000,14551,4850,9701,4850,0,1,4852,2757380
168,4850,3600,7100,25560000,2,38806,9703,1,619640000,619640000,14551,4850,9701,4850,0,1,4852,2788746
168,5250,3600,7100,25560000,2,42006,10503,1,653880000,653880000,15751,5250,10501,5250,0,1,5252,41365682
168,5250,3600,7100,25560000,2,42006,10503,1,653880000,653880000,15751,5250,10501,5250,0,1,5252,3072127
168,5250,3600,7100,25560000,2,42006,10503,1,653880000,653880000,15751,5250,10501,5250,0,1,5252,3077795
168,5250,3600,7100,25560000,2,42006,10503,1,653880000,653880000,15751,5250,10501,5250,0,1,5252,3073786
168,5250,3600,7100,25560000,2,42006,10503,1,653880000,653880000,15751,5250,10501,5250,0,1,5252,3078805
168,5250,3600,7100,25560000,2,42006,10503,1,653880000,653880000,15751,5250,10501,5250,0,1,5252,2991849
168,5250,3600,7100,25560000,2,42006,10503,1,653880000,653880000,15751,5250,10501,5250,0,1,5252,3012540
168,5650,3600,7100,25560000,2,45206,11303,1,688120000,688120000,16951,5650,11301,5650,0,1,5652,43486792
168,5650,3600,7100,25560000,2,45206,11303,1,688120000,688120000,16951,5650,11301,5650,0,1,5652,3297272
168,5650,3600,7100,25560000,2,45206,11303,1,688120000,688120000,16951,5650,11301,5650,0,1,5652,3288781
168,5650,3600,7100,25560000,2,45206,11303,1,688120000,688120000,16951,5650,11301,5650,0,1,5652,3298294
168,5650,3600,7100,25560000,2,45206,11303,1,688120000,688120000,16951,5650,11301,5650,0,1,5652,3293282
168,5650,3600,7100,25560000,2,45206,11303,1,688120000,688120000,16951,5650,11301,5650,0,1,5652,3183116
168,5650,3600,7100,25560000,2,45206,11303,1,688120000,688120000,16951,5650,11301,5650,0,1,5652,3208386
168,6050,3600,7100,25560000,2,48406,12103,1,722360000,722360000,18151,6050,12101,6050,0,1,6052,46787787
168,6050,3600,7100,25560000,2,48406,12103,1,722360000,722360000,18151,6050,12101,6050,0,1,6052,3510895
168,6050,3600,7100,25560000,2,48406,12103,1,722360000,722360000,18151,6050,12101,6050,0,1,6052,3519273
168,6050,3600,7100,25560000,2,48406,12103,1,722360000,722360000,18151,6050,12101,6050,0,1,6052,3515282
168,6050,3600,7100,25560000,2,48406,12103,1,722360000,722360000,18151,6050,12101,6050,0,1,6052,3522338
168,6050,3600,7100,25560000,2,48406,12103,1,722360000,722360000,18151,6050,12101,6050,0,1,6052,3360416
168,6050,3600,7100,25560000,2,48406,12103,1,722360000,722360000,18151,6050,12101,6050,0,1,6052,3404941
168,6450,3600,7100,25560000,2,51606,12903,1,756600000,756600000,19351,6450,12901,6450,0,1,6452,51302798
168,6450,3600,7100,25560000,2,51606,12903,1,756600000,756600000,19351,6450,12901,6450,0,1,6452,3726085
168,6450,3600,7100,25560000,2,51606,12903,1,756600000,756600000,19351,6450,12901,6450,0,1,6452,3731964
168,6450,3600,7100,25560000,2,51606,12903,1,756600000,756600000,19351,6450,12901,6450,0,1,6452,3733088
168,6450,3600,7100,25560000,2,51606,12903,1,756600000,756600000,19351,6450,12901,6450,0,1,6452,3712888
168,6450,3600,7100,25560000,2,51606,12903,1,756600000,756600000,19351,6450,12901,6450,0,1,6452,3588913
168,6450,3600,7100,25560000,2,51606,12903,1,756600000,756600000,19351,6450,12901,6450,0,1,6452,3615216
168,6850,3600,7100,25560000,2,54806,13703,1,790840000,790840000,20551,6850,13701,6850,0,1,6852,53530669
168,6850,3600,7100,25560000,2,54806,13703,1,790840000,790840000,20551,6850,13701,6850,0,1,6852,3917411
168,6850,3600,7100,25560000,2,54806,13703,1,790840000,790840000,20551,6850,13701,6850,0,1,6852,3932884
168,6850,3600,7100,25560000,2,54806,13703,1,790840000,790840000,20551,6850,13701,6850,0,1,6852,3927104
168,6850,3600,7100,25560000,2,54806,13703,1,790840000,790840000,20551,6850,13701,6850,0,1,6852,3934073
168,6850,3600,7100,25560000,2,54806,13703,1,790840000,790840000,20551,6850,13701,6850,0,1,6852,3822006
168,6850,3600,7100,25560000,2,54806,13703,1,790840000,790840000,20551,6850,13701,6850,0,1,6852,3849476
168,50,3600,6700,24120000,2,406,103,1,197080000,197080000,151,50,101,50,0,1,52,270014
168,50,3600,6700,24120000,2,406,103,1,197080000,197080000,151,50,101,50,0,1,52,194135
168,50,3600,6700,24120000,2,406,103,1,197080000,197080000,151,50,101,50,0,1,52,213643
168,50,3600,6700,24120000,2,406,103,1,197080000,197080000,151,50,101,50,0,1,52,209738
168,50,3600,6700,24120000,2,406,103,1,197080000,197080000,151,50,101,50,0,1,52,214011
168,50,3600,6700,24120000,2,406,103,1,197080000,197080000,151,50,101,50,0,1,52,228540
168,50,3600,6700,24120000,2,406,103,1,197080000,197080000,151,50,101,50,0,1,52,230282
168,450,3600,6700,24120000,2,3606,903,1,230040000,230040000,1351,450,901,450,0,1,452,2527830
168,450,3600,6700,24120000,2,3606,903,1,230040000,230040000,1351,450,901,450,0,1,452,428495
168,450,3600,6700,24120000,2,3606,903,1,230040000,230040000,1351,450,901,450,0,1,452,440588
168,450,3600,6700,24120000,2,3606,903,1,230040000,230040000,1351,450,901,450,0,1,452,428879
168,450,3600,6700,24120000,2,3606,903,1,230040000,230040000,1351,450,901,450,0,1,452,427734
168,450,3600,6700,24120000,2,3606,903,1,230040000,230040000,1351,450,901,450,0,1,452,446417
168,450,3600,6700,24120000,2,3606,903,1,230040000,230040000,1351,450,901,450,0,1,452,444576
168,850,3600,6700,24120000,2,6806,1703,1,263000000,263000000,2551,850,1701,850,0,1,852,5047285
168,850,3600,6700,24120000,2,6806,1703,1,263000000,263000000,2551,850,1701,850,0,1,852,598398
168,850,3600,6700,24120000,2,6806,1703,1,263000000,263000000,2551,850,1701,850,0,1,852,567006
168,850,3600,6700,24120000,2,6806,1703,1,263000000,263000000,2551,850,1701,850,0,1,852,626080
168,850,3600,6700,24120000,2,6806,1703,1,263000000,263000000,2551,850,1701,850,0,1,852,611547
168,850,3600,6700,24120000,2,6806,1703,1,263000000,263000000,2551,850,1701,850,0,1,852,626775
168,850,3600,6700,24120000,2,6806,1703,1,263000000,263000000,2551,850,1701,850,0,1,852,631640
168,1250,3600,6700,24120000,2,10006,2503,1,295960000,295960000,3751,1250,2501,1250,0,1,1252,7867528
168,1250,3600,6700,24120000,2,10006,2503,1,295960000,295960000,3751,1250,2501,1250,0,1,1252,822093
168,1250,3600,6700,24120000,2,10006,2503,1,295960000,295960000,3751,1250,2501,1250,0,1,1252,818098
168,1250,3600,6700,24120000,2,10006,2503,1,295960000,295960000,3751,1250,2501,1250,0,1,1252,814388
168,1250,3600,6700,24120000,2,10006,2503,1,295960000,295960000,3751,1250,2501,1250,0,1,1252,817563
168,1250,3600,6700,24120000,2,10006,2503,1,295960000,295960000,3751,1250,2501,1250,0,1,1252,841742
168,1250,3600,6700,24120000,2,10006,2503,1,295960000,295960000,3751,1250,2501,1250,0,1,1252,845515
168,1650,3600,6700,24120000,2,13206,3303,1,328920000,328920000,4951,1650,3301,1650,0,1,1652,10277971
168,1650,3600,6700,24120000,2,13206,3303,1,328920000,328920000,4951,1650,3301,1650,0,1,1652,1006417
168,1650,3600,6700,24120000,2,13206,3303,1,328920000,328920000,4951,1650,3301,1650,0,1,1652,1006960
168,1650,3600,6700,24120000,2,13206,3303,1,328920000,328920000,4951,1650,3301,1650,0,1,1652,1005875
168,1650,3600,6700,24120000,2,13206,3303,1,328920000,328920000,4951,1650,3301,1650,0,1,1652,1007339
168,1650,3600,6700,24120000,2,13206,3303,1,328920000,328920000,4951,1650,3301,1650,0,1,1652,1050136
168,1650,3600,6700,24120000,2,13206,3303,1,328920000,328920000,4951,1650,3301,1650,0,1,1652,1050564
168,2050,3600,6700,24120000,2,16406,4103,1,361880000,361880000,6151,2050,4101,2050,0,1,2052,13071635
168,2050,3600,6700,24120000,2,16406,4103,1,361880000,361880000,6151,2050,4101,2050,0,1,2052,1225242
168,2050,3600,6700,24120000,2,16406,4103,1,361880000,361880000,6151,2050,4101,2050,0,1,2052,1223708
168,2050,3600,6700,24120000,2,16406,4103,1,361880000,361880000,6151,2050,4101,2050,0,1,2052,1224287
168,2050,3600,6700,24120000,2,16406,4103,1,361880000,361880000,6151,2050,4101,2050,0,1,2052,1224837
168,2050,3600,6700,24120000,2,16406,4103,1,361880000,361880000,6151,2050,4101,2050,0,1,2052,1248627
168,2050,3600,6700,24120000,2,16406,4103,1,361880000,361880000,6151,2050,4101,2050,0,1,2052,1254587
168,2450,3600,6700,24120000,2,19606,4903,1,394840000,394840000,7351,2450,4901,2450,0,1,2452,15237764
168,2450,3600,6700,24120000,2,19606,4903,1,394840000,394840000,7351,2450,4901,2450,0,1,2452,1449165
168,2450,3600,6700,24120000,2,19606,4903,1,394840000,394840000,7351,2450,4901,2450,0,1,2452,1437294
168,2450,3600,6700,24120000,2,19606,4903,1,394840000,394840000,7351,2450,4901,2450,0,1,2452,1449816
168,2450,3600,6700,24120000,2,19606,4903,1,394840000,394840000,7351,2450,4901,2450,0,1,2452,1434207
168,2450,3600,6700,24120000,2,19606,4903,1,394840000,394840000,7351,2450,4901,2450,0,1,2452,1464188
168,2450,3600,6700,24120000,2,19606,4903,1,394840000,394840000,7351,2450,4901,2450,0,1,2452,1466595
168,2850,3600,6700,24120000,2,22806,5703,1,427800000,427800000,8551,2850,5701,2850,0,1,2852,18473534
168,2850,3600,6700,24120000,2,22806,5703,1,427800000,427800000,8551,2850,5701,2850,0,1,2852,1640072
168,2850,3600,6700,24120000,2,22806,5703,1,427800000,427800000,8551,2850,5701,2850,0,1,2852,1640704
168,2850,3600,6700,24120000,2,22806,5703,1,427800000,427800000,8551,2850,5701,2850,0,1,2852,1639148
168,2850,3600,6700,24120000,2,22806,5703,1,427800000,427800000,8551,2850,5701,2850,0,1,2852,1641763
168,2850,3600,6700,24120000,2,22806,5703,1,427800000,427800000,8551,2850,5701,2850,0,1,2852,1620566
168,2850,3600,6700,24120000,2,22806,5703,1,427800000,427800000,8551,2850,5701,2850,0,1,2852,1642412
168,3250,3600,6700,24120000,2,26006,6503,1,460760000,460760000,9751,3250,6501,3250,0,1,3252,22210904
168,3250,3600,6700,24120000,2,26006,6503,1,460760000,460760000,9751,3250,6501,3250,0,1,3252,1871441
168,3250,3600,6700,24120000,2,26006,6503,1,460760000,460760000,9751,3250,6501,3250,0,1,3252,1874211
168,3250,3600,6700,24120000,2,26006,6503,1,460760000,460760000,9751,3250,6501,3250,0,1,3252,1869981
168,3250,3600,6700,24120000,2,26006,6503,1,460760000,460760000,9751,3250,6501,3250,0,1,3252,1874963
168,3250,3600,6700,24120000,2,26006,6503,1,460760000,460760000,9751,3250,6501,3250,0,1,3252,1843200
168,3250,3600,6700,24120000,2,26006,6503,1,460760000,460760000,9751,3250,6501,3250,0,1,3252,1858079
168,3650,3600,6700,24120000,2,29206,7303,1,493720000,493720000,10951,3650,7301,3650,0,1,3652,24858372
168,3650,3600,6700,24120000,2,29206,7303,1,493720000,493720000,10951,3650,7301,3650,0,1,3652,2053954
168,3650,3600,6700,24120000,2,29206,7303,1,493720000,493720000,10951,3650,7301,3650,0,1,3652,2053295
168,3650,3600,6700,24120000,2,29206,7303,1,493720000,493720000,10951,3650,7301,3650,0,1,3652,2051786
168,3650,3600,6700,24120000,2,29206,7303,1,493720000,493720000,10951,3650,7301,3650,0,1,3652,2054749
168,3650,3600,6700,24120000,2,29206,7303,1,493720000,493720000,10951,3650,7301,3650,0,1,3652,2018530
168,3650,3600,6700,24120000,2,29206,7303,1,493720000,493720000,10951,3650,7301,3650,0,1,3652,2037169
168,4050,3600,6700,24120000,2,32406,8103,1,526680000,526680000,12151,4050,8101,4050,0,1,4052,27666585
168,4050,3600,6700,24120000,2,32406,8103,1,526680000,526680000,12151,4050,8101,4050,0,1,4052,2275320
168,4050,3600,6700,24120000,2,32406,8103,1,526680000,526680000,12151,4050,8101,4050,0,1,4052,2283792
168,4050,3600,6700,24120000,2,32406,8103,1,526680000,526680000,12151,4050,8101,4050,0,1,4052,2289975
168,4050,3600,6700,24120000,2,32406,8103,1,526680000,526680000,12151,4050,8101,4050,0,1,4052,2286197
168,4050,3600,6700,24120000,2,32406,8103,1,526680000,526680000,12151,4050,8101,4050,0,1,4052,2236601
168,4050,3600,6700,24120000,2,32406,8103,1,526680000,526680000,12151,4050,8101,4050,0,1,4052,2247650
168,4450,3600,6700,24120000,2,35606,8903,1,559640000,559640000,13351,4450,8901,4450,0,1,4452,30845922
168,4450,3600,6700,24120000,2,35606,8903,1,559640000,559640000,13351,4450,8901,4450,0,1,4452,2465133
168,4450,3600,6700,24120000,2,35606,8903,1,559640000,559640000,13351,4450,8901,4450,0,1,4452,2480588
168,4450,3600,6700,24120000,2,35606,8903,1,559640000,559640000,13351,4450,8901,4450,0,1,4452,2469232
168,4450,3600,6700,24120000,2,35606,8903,1,559640000,559640000,13351,4450,8901,4450,0,1,4452,2483020
168,4450,3600,6700,24120000,2,35606,8903,1,559640000,559640000,13351,4450,8901,4450,0,1,4452,2433076
168,4450,3600,6700,24120000,2,35606,8903,1,559640000,559640000,13351,4450,8901,4450,0,1,4452,2449897
168,4850,3600,6700,24120000,2,38806,9703,1,592600000,592600000,14551,4850,9701,4850,0,1,4852,34954583
168,4850,3600,6700,24120000,2,38806,9703,1,592600000,592600000,14551,4850,9701,4850,0,1,4852,2681405
168,4850,3600,6700,24120000,2,38806,9703,1,592600000,592600000,14551,4850,9701,4850,0,1,4852,2685508
168,4850,3600,6700,24120000,2,38806,9703,1,592600000,592600000,14551,4850,9701,4850,0,1,4852,2669021
168,4850,3600,6700,24120000,2,38806,9703,1,592600000,592600000,14551,4850,9701,4850,0,1,4852,2670721
168,4850,3600,6700,24120000,2,38806,9703,1,592600000,592600000,14551,4850,9701,4850,0,1,4852,2630901
168,4850,3600,6700,24120000,2,38806,9703,1,592600000,592600000,14551,4850,9701,4850,0,1,4852,2652024
168,5250,3600,6700,24120000,2,42006,10503,1,625560000,625560000,15751,5250,10501,5250,0,1,5252,36778365
168,5250,3600,6700,24120000,2,42006,10503,1,625560000,625560000,15751,5250,10501,5250,0,1,5252,2901490
168,5250,3600,6700,24120000,2,42006,10503,1,625560000,625560000,15751,5250,10501,5250,0,1,5252,2878735
168,5250,3600,6700,24120000,2,42006,10503,1,625560000,625560000,15751,5250,10501,5250,0,1,5252,2900518
168,5250,3600,6700,24120000,2,42006,10503,1,625560000,625560000,15751,5250,10501,5250,0,1,5252,2895546
168,5250,3600,6700,24120000,2,42006,10503,1,625560000,625560000,15751,5250,10501,5250,0,1,5252,2797638
168,5250,3600,6700,24120000,2,42006,10503,1,625560000,625560000,15751,5250,10501,5250,0,1,5252,2819752
168,5650,3600,6700,24120000,2,45206,11303,1,658520000,658520000,16951,5650,11301,5650,0,1,5652,39139842
168,5650,3600,6700,24120000,2,45206,11303,1,658520000,658520000,16951,5650,11301,5650,0,1,5652,3131671
168,5650,3600,6700,24120000,2,45206,11303,1,658520000,658520000,16951,5650,11301,5650,0,1,5652,3136582
168,5650,3600,6700,24120000,2,45206,11303,1,658520000,658520000,16951,5650,11301,5650,0,1,5652,3120152
168,5650,3600,6700,24120000,2,45206,11303,1,658520000,658520000,16951,5650,11301,5650,0,1,5652,3140931
168,5650,3600,6700,24120000,2,45206,11303,1,658520000,658520000,16951,5650,11301,5650,0,1,5652,3035761
168,5650,3600,6700,24120000,2,45206,11303,1,658520000,658520000,16951,5650,11301,5650,0,1,5652,3058120
168,6050,3600,6700,24120000,2,48406,12103,1,691480000,691480000,18151,6050,12101,6050,0,1,6052,44062890
168,6050,3600,6700,24120000,2,48406,12103,1,691480000,691480000,18151,6050,12101,6050,0,1,6052,3326597
168,6050,3600,6700,24120000,2,48406,12103,1,691480000,691480000,18151,6050,12101,6050,0,1,6052,3331826
168,6050,3600,6700,24120000,2,48406,12103,1,691480000,691480000,18151,6050,12101,6050,0,1,6052,3322504
168,6050,3600,6700,24120000,2,48406,12103,1,691480000,691480000,18151,6050,12101,6050,0,1,6052,3332927
168,6050,3600,6700,24120000,2,48406,12103,1,691480000,691480000,18151,6050,12101,6050,0,1,6052,3220087
168,6050,3600,6700,24120000,2,48406,12103,1,691480000,691480000,18151,6050,12101,6050,0,1,6052,3244732
168,6450,3600,6700,24120000,2,51606,12903,1,724440000,724440000,19351,6450,12901,6450,0,1,6452,47018052
168,6450,3600,6700,24120000,2,51606,12903,1,724440000,724440000,19351,6450,12901,6450,0,1,6452,3535758
168,6450,3600,6700,24120000,2,51606,12903,1,724440000,724440000,19351,6450,12901,6450,0,1,6452,3541264
168,6450,3600,6700,24120000,2,51606,12903,1,724440000,724440000,19351,6450,12901,6450,0,1,6452,3531564
168,6450,3600,6700,24120000,2,51606,12903,1,724440000,724440000,19351,6450,12901,6450,0,1,6452,3542379
168,6450,3600,6700,24120000,2,51606,12903,1,724440000,724440000,19351,6450,12901,6450,0,1,6452,3422088
168,6450,3600,6700,24120000,2,51606,12903,1,724440000,724440000,19351,6450,12901,6450,0,1,6452,3446890
168,6850,3600,6700,24120000,2,54806,13703,1,757400000,757400000,20551,6850,13701,6850,0,1,6852,51115667
168,6850,3600,6700,24120000,2,54806,13703,1,757400000,757400000,20551,6850,13701,6850,0,1,6852,3738288
168,6850,3600,6700,24120000,2,54806,13703,1,757400000,757400000,20551,6850,13701,6850,0,1,6852,3731726
168,6850,3600,6700,24120000,2,54806,13703,1,757400000,757400000,20551,6850,13701,6850,0,1,6852,3739453
168,6850,3600,6700,24120000,2,54806,13703,1,757400000,757400000,20551,6850,13701,6850,0,1,6852,3733709
168,6850,3600,6700,24120000,2,54806,13703,1,757400000,757400000,20551,6850,13701,6850,0,1,6852,3600199
168,6850,3600,6700,24120000,2,54806,13703,1,757400000,757400000,20551,6850,13701,6850,0,1,6852,3628191
168,50,3600,6300,22680000,2,406,103,1,185400000,185400000,151,50,101,50,0,1,52,247131
168,50,3600,6300,22680000,2,406,103,1,185400000,185400000,151,50,101,50,0,1,52,183527
168,50,3600,6300,22680000,2,406,103,1,185400000,185400000,151,50,101,50,0,1,52,199456
168,50,3600,6300,22680000,2,406,103,1,185400000,185400000,151,50,101,50,0,1,52,201685
168,50,3600,6300,22680000,2,406,103,1,185400000,185400000,151,50,101,50,0,1,52,202058
168,50,3600,6300,22680000,2,406,103,1,185400000,185400000,151,50,101,50,0,1,52,221478
168,50,3600,6300,22680000,2,406,103,1,185400000,185400000,151,50,101,50,0,1,52,221788
168,450,3600,6300,22680000,2,3606,903,1,217080000,217080000,1351,450,901,450,0,1,452,2290061
168,450,3600,6300,22680000,2,3606,903,1,217080000,217080000,1351,450,901,450,0,1,452,423953
168,450,3600,6300,22680000,2,3606,903,1,217080000,217080000,1351,450,901,450,0,1,452,420669
168,450,3600,6300,22680000,2,3606,903,1,217080000,217080000,1351,450,901,450,0,1,452,423544
168,450,3600,6300,22680000,2,3606,903,1,217080000,217080000,1351,450,901,450,0,1,452,418209
168,450,3600,6300,22680000,2,3606,903,1,217080000,217080000,1351,450,901,450,0,1,452,421999
168,450,3600,6300,22680000,2,3606,903,1,217080000,217080000,1351,450,901,450,0,1,452,424734
168,850,3600,6300,22680000,2,6806,1703,1,248760000,248760000,2551,850,1701,850,0,1,852,4587082
168,850,3600,6300,22680000,2,6806,1703,1,248760000,248760000,2551,850,1701,850,0,1,852,588531
168,850,3600,6300,22680000,2,6806,1703,1,248760000,248760000,2551,850,1701,850,0,1,852,586247
168,850,3600,6300,22680000,2,6806,1703,1,248760000,248760000,2551,850,1701,850,0,1,852,587512
168,850,3600,6300,22680000,2,6806,1703,1,248760000,248760000,2551,850,1701,850,0,1,852,588059
168,850,3600,6300,22680000,2,6806,1703,1,248760000,248760000,2551,850,1701,850,0,1,852,593649
168,850,3600,6300,22680000,2,6806,1703,1,248760000,248760000,2551,850,1701,850,0,1,852,599513
168,1250,3600,6300,22680000,2,10006,2503,1,280440000,280440000,3751,1250,2501,1250,0,1,1252,7076763
168,1250,3600,6300,22680000,2,10006,2503,1,280440000,280440000,3751,1250,2501,1250,0,1,1252,765796
168,1250,3600,6300,22680000,2,10006,2503,1,280440000,280440000,3751,1250,2501,1250,0,1,1252,766269
168,1250,3600,6300,22680000,2,10006,2503,1,280440000,280440000,3751,1250,2501,1250,0,1,1252,764995
168,1250,3600,6300,22680000,2,10006,2503,1,280440000,280440000,3751,1250,2501,1250,0,1,1252,766580
168,1250,3600,6300,22680000,2,10006,2503,1,280440000,280440000,3751,1250,2501,1250,0,1,1252,791413
168,1250,3600,6300,22680000,2,10006,2503,1,280440000,280440000,3751,1250,2501,1250,0,1,1252,793804
168,1650,3600,6300,22680000,2,13206,3303,1,312120000,312120000,4951,1650,3301,1650,0,1,1652,10048547
168,1650,3600,6300,22680000,2,13206,3303,1,312120000,312120000,4951,1650,3301,1650,0,1,1652,971825
168,1650,3600,6300,22680000,2,13206,3303,1,312120000,312120000,4951,1650,3301,1650,0,1,1652,970493
168,1650,3600,6300,22680000,2,13206,3303,1,312120000,312120000,4951,1650,3301,1650,0,1,1652,972333
168,1650,3600,6300,22680000,2,13206,3303,1,312120000,312120000,4951,1650,3301,1650,0,1,1652,972693
168,1650,3600,6300,22680000,2,13206,3303,1,312120000,312120000,4951,1650,3301,1650,0,1,1652,1001711
168,1650,3600,6300,22680000,2,13206,3303,1,312120000,312120000,4951,1650,3301,1650,0,1,1652,1004355
168,2050,3600,6300,22680000,2,16406,4103,1,343800000,343800000,6151,2050,4101,2050,0,1,2052,12752138
168,2050,3600,6300,22680000,2,16406,4103,1,343800000,343800000,6151,2050,4101,2050,0,1,2052,1159116
168,2050,3600,6300,22680000,2,16406,4103,1,343800000,343800000,6151,2050,4101,2050,0,1,2052,1159685
168,2050,3600,6300,22680000,2,16406,4103,1,343800000,343800000,6151,2050,4101,2050,0,1,2052,1160243
168,2050,3600,6300,22680000,2,16406,4103,1,343800000,343800000,6151,2050,4101,2050,0,1,2052,1160652
168,2050,3600,6300,22680000,2,16406,4103,1,343800000,343800000,6151,2050,4101,2050,0,1,2052,1181105
168,2050,3600,6300,22680000,2,16406,4103,1,343800000,343800000,6151,2050,4101,2050,0,1,2052,1186980
168,2450,3600,6300,22680000,2,19606,4903,1,375480000,375480000,7351,2450,4901,2450,0,1,2452,14942501
168,2450,3600,6300,22680000,2,19606,4903,1,375480000,375480000,7351,2450,4901,2450,0,1,2452,1386080
168,2450,3600,6300,22680000,2,19606,4903,1,375480000,375480000,7351,2450,4901,2450,0,1,2452,1368942
168,2450,3600,6300,22680000,2,19606,4903,1,375480000,375480000,7351,2450,4901,2450,0,1,2452,1385408
168,2450,3600,6300,22680000,2,19606,4903,1,375480000,375480000,7351,2450,4901,2450,0,1,2452,1376191
168,2450,3600,6300,22680000,2,19606,4903,1,375480000,375480000,7351,2450,4901,2450,0,1,2452,1390797
168,2450,3600,6300,22680000,2,19606,4903,1,375480000,375480000,7351,2450,4901,2450,0,1,2452,1396495
168,2850,3600,6300,22680000,2,22806,5703,1,407160000,407160000,8551,2850,5701,2850,0,1,2852,18185061
168,2850,3600,6300,22680000,2,22806,5703,1,407160000,407160000,8551,2850,5701,2850,0,1,2852,1550594
168,2850,3600,6300,22680000,2,22806,5703,1,407160000,407160000,8551,2850,5701,2850,0,1,2852,1549440
168,2850,3600,6300,22680000,2,22806,5703,1,407160000,407160000,8551,2850,5701,2850,0,1,2852,1547886
168,2850,3600,6300,22680000,2,22806,5703,1,407160000,407160000,8551,2850,5701,2850,0,1,2852,1550073
168,2850,3600,6300,22680000,2,22806,5703,1,407160000,407160000,8551,2850,5701,2850,0,1,2852,1538203
168,2850,3600,6300,22680000,2,22806,5703,1,407160000,407160000,8551,2850,5701,2850,0,1,2852,1553099
168,3250,3600,6300,22680000,2,26006,6503,1,438840000,438840000,9751,3250,6501,3250,0,1,3252,19626240
168,3250,3600,6300,22680000,2,26006,6503,1,438840000,438840000,9751,3250,6501,3250,0,1,3252,1767094
168,3250,3600,6300,22680000,2,26006,6503,1,438840000,438840000,9751,3250,6501,3250,0,1,3252,1755524
168,3250,3600,6300,22680000,2,26006,6503,1,438840000,438840000,9751,3250,6501,3250,0,1,3252,1768048
168,3250,3600,6300,22680000,2,26006,6503,1,438840000,438840000,9751,3250,6501,3250,0,1,3252,1756412
168,3250,3600,6300,22680000,2,26006,6503,1,438840000,438840000,9751,3250,6501,3250,0,1,3252,1769073
168,3250,3600,6300,22680000,2,26006,6503,1,438840000,438840000,9751,3250,6501,3250,0,1,3252,1774759
168,3650,3600,6300,22680000,2,29206,7303,1,470520000,470520000,10951,3650,7301,3650,0,1,3652,22941594
168,3650,3600,6300,22680000,2,29206,7303,1,470520000,470520000,10951,3650,7301,3650,0,1,3652,1926988
168,3650,3600,6300,22680000,2,29206,7303,1,470520000,470520000,10951,3650,7301,3650,0,1,3652,1924934
168,3650,3600,6300,22680000,2,29206,7303,1,470520000,470520000,10951,3650,7301,3650,0,1,3652,1926420
168,3650,3600,6300,22680000,2,29206,7303,1,470520000,470520000,10951,3650,7301,3650,0,1,3652,1928646
168,3650,3600,6300,22680000,2,29206,7303,1,470520000,470520000,10951,3650,7301,3650,0,1,3652,1903441
168,3650,3600,6300,22680000,2,29206,7303,1,470520000,470520000,10951,3650,7301,3650,0,1,3652,1929249
168,4050,3600,6300,22680000,2,32406,8103,1,502200000,502200000,12151,4050,8101,4050,0,1,4052,26282058
168,4050,3600,6300,22680000,2,32406,8103,1,502200000,502200000,12151,4050,8101,4050,0,1,4052,2146945
168,4050,3600,6300,22680000,2,32406,8103,1,502200000,502200000,12151,4050,8101,4050,0,1,4052,2156289
168,4050,3600,6300,22680000,2,32406,8103,1,502200000,502200000,12151,4050,8101,4050,0,1,4052,2150486
168,4050,3600,6300,22680000,2,32406,8103,1,502200000,502200000,12151,4050,8101,4050,0,1,4052,2157159
168,4050,3600,6300,22680000,2,32406,8103,1,502200000,502200000,12151,4050,8101,4050,0,1,4052,2116985
168,4050,3600,6300,22680000,2,32406,8103,1,502200000,502200000,12151,4050,8101,4050,0,1,4052,2130060
168,4450,3600,6300,22680000,2,35606,8903,1,533880000,533880000,13351,4450,8901,4450,0,1,4452,29825499
168,4450,3600,6300,22680000,2,35606,8903,1,533880000,533880000,13351,4450,8901,4450,0,1,4452,2345221
168,4450,3600,6300,22680000,2,35606,8903,1,533880000,533880000,13351,4450,8901,4450,0,1,4452,2349667
168,4450,3600,6300,22680000,2,35606,8903,1,533880000,533880000,13351,4450,8901,4450,0,1,4452,2343337
168,4450,3600,6300,22680000,2,35606,8903,1,533880000,533880000,13351,4450,8901,4450,0,1,4452,2348780
168,4450,3600,6300,22680000,2,35606,8903,1,533880000,533880000,13351,4450,8901,4450,0,1,4452,2300104
168,4450,3600,6300,22680000,2,35606,8903,1,533880000,533880000,13351,4450,8901,4450,0,1,4452,2318978
168,4850,3600,6300,22680000,2,38806,9703,1,565560000,565560000,14551,4850,9701,4850,0,1,4852,32146737
168,4850,3600,6300,22680000,2,38806,9703,1,565560000,565560000,14551,4850,9701,4850,0,1,4852,2484462
168,4850,3600,6300,22680000,2,38806,9703,1,565560000,565560000,14551,4850,9701,4850,0,1,4852,2482073
168,4850,3600,6300,22680000,2,38806,9703,1,565560000,565560000,14551,4850,9701,4850,0,1,4852,2479824
168,4850,3600,6300,22680000,2,38806,9703,1,565560000,565560000,14551,4850,9701,4850,0,1,4852,2482920
168,4850,3600,6300,22680000,2,38806,9703,1,565560000,565560000,14551,4850,9701,4850,0,1,4852,2453818
168,4850,3600,6300,22680000,2,38806,9703,1,565560000,565560000,14551,4850,9701,4850,0,1,4852,2485290
168,5250,3600,6300,22680000,2,42006,10503,1,597240000,597240000,15751,5250,10501,5250,0,1,5252,35000599
168,5250,3600,6300,22680000,2,42006,10503,1,597240000,597240000,15751,5250,10501,5250,0,1,5252,2737745
168,5250,3600,6300,22680000,2,42006,10503,1,597240000,597240000,15751,5250,10501,5250,0,1,5252,2741595
168,5250,3600,6300,22680000,2,42006,10503,1,597240000,597240000,15751,5250,10501,5250,0,1,5252,2733933
168,5250,3600,6300,22680000,2,42006,10503,1,597240000,597240000,15751,5250,10501,5250,0,1,5252,2742602
168,5250,3600,6300,22680000,2,42006,10503,1,597240000,597240000,15751,5250,10501,5250,0,1,5252,2667617
168,5250,3600,6300,22680000,2,42006,10503,1,597240000,597240000,15751,5250,10501,5250,0,1,5252,2689767
168,5650,3600,6300,22680000,2,45206,11303,1,628920000,628920000,16951,5650,11301,5650,0,1,5652,37459914
168,5650,3600,6300,22680000,2,45206,11303,1,628920000,628920000,16951,5650,11301,5650,0,1,5652,2957977
168,5650,3600,6300,22680000,2,45206,11303,1,628920000,628920000,16951,5650,11301,5650,0,1,5652,2961801
168,5650,3600,6300,22680000,2,45206,11303,1,628920000,628920000,16951,5650,11301,5650,0,1,5652,2956357
168,5650,3600,6300,22680000,2,45206,11303,1,628920000,628920000,16951,5650,11301,5650,0,1,5652,2962849
168,5650,3600,6300,22680000,2,45206,11303,1,628920000,628920000,16951,5650,11301,5650,0,1,5652,2865175
168,5650,3600,6300,22680000,2,45206,11303,1,628920000,628920000,16951,5650,11301,5650,0,1,5652,2887659
168,6050,3600,6300,22680000,2,48406,12103,1,660600000,660600000,18151,6050,12101,6050,0,1,6052,41064155
168,6050,3600,6300,22680000,2,48406,12103,1,660600000,660600000,18151,6050,12101,6050,0,1,6052,3124278
168,6050,3600,6300,22680000,2,48406,12103,1,660600000,660600000,18151,6050,12101,6050,0,1,6052,3129750
168,6050,3600,6300,22680000,2,48406,12103,1,660600000,660600000,18151,6050,12101,6050,0,1,6052,3117987
168,6050,3600,6300,22680000,2,48406,12103,1,660600000,660600000,18151,6050,12101,6050,0,1,6052,3128495
168,6050,3600,6300,22680000,2,48406,12103,1,660600000,660600000,18151,6050,12101,6050,0,1,6052,3034220
168,6050,3600,6300,22680000,2,48406,12103,1,660600000,660600000,18151,6050,12101,6050,0,1,6052,3060546
168,6450,3600,6300,22680000,2,51606,12903,1,692280000,692280000,19351,6450,12901,6450,0,1,6452,45661525
168,6450,3600,6300,22680000,2,51606,12903,1,692280000,692280000,19351,6450,12901,6450,0,1,6452,3307643
168,6450,3600,6300,22680000,2,51606,12903,1,692280000,692280000,19351,6450,12901,6450,0,1,6452,3316552
168,6450,3600,6300,22680000,2,51606,12903,1,692280000,692280000,19351,6450,12901,6450,0,1,6452,3299565
168,6450,3600,6300,22680000,2,51606,12903,1,692280000,692280000,19351,6450,12901,6450,0,1,6452,3319601
168,6450,3600,6300,22680000,2,51606,12903,1,692280000,692280000,19351,6450,12901,6450,0,1,6452,3212064
168,6450,3600,6300,22680000,2,51606,12903,1,692280000,692280000,19351,6450,12901,6450,0,1,6452,3235306
168,6850,3600,6300,22680000,2,54806,13703,1,723960000,723960000,20551,6850,13701,6850,0,1,6852,46700886
168,6850,3600,6300,22680000,2,54806,13703,1,723960000,723960000,20551,6850,13701,6850,0,1,6852,3522155
168,6850,3600,6300,22680000,2,54806,13703,1,723960000,723960000,20551,6850,13701,6850,0,1,6852,3527629
168,6850,3600,6300,22680000,2,54806,13703,1,723960000,723960000,20551,6850,13701,6850,0,1,6852,3520409
168,6850,3600,6300,22680000,2,54806,13703,1,723960000,723960000,20551,6850,13701,6850,0,1,6852,3528813
168,6850,3600,6300,22680000,2,54806,13703,1,723960000,723960000,20551,6850,13701,6850,0,1,6852,3417087
168,6850,3600,6300,22680000,2,54806,13703,1,723960000,723960000,20551,6850,13701,6850,0,1,6852,3440062
168,50,3600,5900,21240000,2,406,103,1,173720000,173720000,151,50,101,50,0,1,52,228586
168,50,3600,5900,21240000,2,406,103,1,173720000,173720000,151,50,101,50,0,1,52,189284
168,50,3600,5900,21240000,2,406,103,1,173720000,173720000,151,50,101,50,0,1,52,189642
168,50,3600,5900,21240000,2,406,103,1,173720000,173720000,151,50,101,50,0,1,52,173685
168,50,3600,5900,21240000,2,406,103,1,173720000,173720000,151,50,101,50,0,1,52,187906
168,50,3600,5900,21240000,2,406,103,1,173720000,173720000,151,50,101,50,0,1,52,214364
168,50,3600,5900,21240000,2,406,103,1,173720000,173720000,151,50,101,50,0,1,52,214673
168,450,3600,5900,21240000,2,3606,903,1,204120000,204120000,1351,450,901,450,0,1,452,2289229
168,450,3600,5900,21240000,2,3606,903,1,204120000,204120000,1351,450,901,450,0,1,452,377012
168,450,3600,5900,21240000,2,3606,903,1,204120000,204120000,1351,450,901,450,0,1,452,378909
168,450,3600,5900,21240000,2,3606,903,1,204120000,204120000,1351,450,901,450,0,1,452,378697
168,450,3600,5900,21240000,2,3606,903,1,204120000,204120000,1351,450,901,450,0,1,452,378142
168,450,3600,5900,21240000,2,3606,903,1,204120000,204120000,1351,450,901,450,0,1,452,381531
168,450,3600,5900,21240000,2,3606,903,1,204120000,204120000,1351,450,901,450,0,1,452,384515
168,850,3600,5900,21240000,2,6806,1703,1,234520000,234520000,2551,850,1701,850,0,1,852,4378672
168,850,3600,5900,21240000,2,6806,1703,1,234520000,234520000,2551,850,1701,850,0,1,852,530961
168,850,3600,5900,21240000,2,6806,1703,1,234520000,234520000,2551,850,1701,850,0,1,852,507389
168,850,3600,5900,21240000,2,6806,1703,1,234520000,234520000,2551,850,1701,850,0,1,852,537371
168,850,3600,5900,21240000,2,6806,1703,1,234520000,234520000,2551,850,1701,850,0,1,852,537839
168,850,3600,5900,21240000,2,6806,1703,1,234520000,234520000,2551,850,1701,850,0,1,852,552058
168,850,3600,5900,21240000,2,6806,1703,1,234520000,234520000,2551,850,1701,850,0,1,852,556414
168,1250,3600,5900,21240000,2,10006,2503,1,264920000,264920000,3751,1250,2501,1250,0,1,1252,6765956
168,1250,3600,5900,21240000,2,10006,2503,1,264920000,264920000,3751,1250,2501,1250,0,1,1252,753402
168,1250,3600,5900,21240000,2,10006,2503,1,264920000,264920000,3751,1250,2501,1250,0,1,1252,758300
168,1250,3600,5900,21240000,2,10006,2503,1,264920000,264920000,3751,1250,2501,1250,0,1,1252,751831
168,1250,3600,5900,21240000,2,10006,2503,1,264920000,264920000,3751,1250,2501,1250,0,1,1252,760158
168,1250,3600,5900,21240000,2,10006,2503,1,264920000,264920000,3751,1250,2501,1250,0,1,1252,762871
168,1250,3600,5900,21240000,2,10006,2503,1,264920000,264920000,3751,1250,2501,1250,0,1,1252,762464
168,1650,3600,5900,21240000,2,13206,3303,1,295320000,295320000,4951,1650,3301,1650,0,1,1652,9263062
168,1650,3600,5900,21240000,2,13206,3303,1,295320000,295320000,4951,1650,3301,1650,0,1,1652,908021
168,1650,3600,5900,21240000,2,13206,3303,1,295320000,295320000,4951,1650,3301,1650,0,1,1652,907505
168,1650,3600,5900,21240000,2,13206,3303,1,295320000,295320000,4951,1650,3301,1650,0,1,1652,906967
168,1650,3600,5900,21240000,2,13206,3303,1,295320000,295320000,4951,1650,3301,1650,0,1,1652,908375
168,1650,3600,5900,21240000,2,13206,3303,1,295320000,295320000,4951,1650,3301,1650,0,1,1652,924566
168,1650,3600,5900,21240000,2,13206,3303,1,295320000,295320000,4951,1650,3301,1650,0,1,1652,929809
168,2050,3600,5900,21240000,2,16406,4103,1,325720000,325720000,6151,2050,4101,2050,0,1,2052,11990176
168,2050,3600,5900,21240000,2,16406,4103,1,325720000,325720000,6151,2050,4101,2050,0,1,2052,1099446
168,2050,3600,5900,21240000,2,16406,4103,1,325720000,325720000,6151,2050,4101,2050,0,1,2052,1098486
168,2050,3600,5900,21240000,2,16406,4103,1,325720000,325720000,6151,2050,4101,2050,0,1,2052,1097621
168,2050,3600,5900,21240000,2,16406,4103,1,325720000,325720000,6151,2050,4101,2050,0,1,2052,1099040
168,2050,3600,5900,21240000,2,16406,4103,1,325720000,325720000,6151,2050,4101,2050,0,1,2052,1118385
168,2050,3600,5900,21240000,2,16406,4103,1,325720000,325720000,6151,2050,4101,2050,0,1,2052,1123289
168,2450,3600,5900,21240000,2,19606,4903,1,356120000,356120000,7351,2450,4901,2450,0,1,2452,14717912
168,2450,3600,5900,21240000,2,19606,4903,1,356120000,356120000,7351,2450,4901,2450,0,1,2452,1263115
168,2450,3600,5900,21240000,2,19606,4903,1,356120000,356120000,7351,2450,4901,2450,0,1,2452,1261928
168,2450,3600,5900,21240000,2,19606,4903,1,356120000,356120000,7351,2450,4901,2450,0,1,2452,1263574
168,2450,3600,5900,21240000,2,19606,4903,1,356120000,356120000,7351,2450,4901,2450,0,1,2452,1262530
168,2450,3600,5900,21240000,2,19606,4903,1,356120000,356120000,7351,2450,4901,2450,0,1,2452,1291202
168,2450,3600,5900,21240000,2,19606,4903,1,356120000,356120000,7351,2450,4901,2450,0,1,2452,1295693
168,2850,3600,5900,21240000,2,22806,5703,1,386520000,386520000,8551,2850,5701,2850,0,1,2852,16027706
168,2850,3600,5900,21240000,2,22806,5703,1,386520000,386520000,8551,2850,5701,2850,0,1,2852,1478712
168,2850,3600,5900,21240000,2,22806,5703,1,386520000,386520000,8551,2850,5701,2850,0,1,2852,1481181
168,2850,3600,5900,21240000,2,22806,5703,1,386520000,386520000,8551,2850,5701,2850,0,1,2852,1476261
168,2850,3600,5900,21240000,2,22806,5703,1,386520000,386520000,8551,2850,5701,2850,0,1,2852,1481897
168,2850,3600,5900,21240000,2,22806,5703,1,386520000,386520000,8551,2850,5701,2850,0,1,2852,1478354
168,2850,3600,5900,21240000,2,22806,5703,1,386520000,386520000,8551,2850,5701,2850,0,1,2852,1484360
168,3250,3600,5900,21240000,2,26006,6503,1,416920000,416920000,9751,3250,6501,3250,0,1,3252,19488868
168,3250,3600,5900,21240000,2,26006,6503,1,416920000,416920000,9751,3250,6501,3250,0,1,3252,1625962
168,3250,3600,5900,21240000,2,26006,6503,1,416920000,416920000,9751,3250,6501,3250,0,1,3252,1625355
168,3250,3600,5900,21240000,2,26006,6503,1,416920000,416920000,9751,3250,6501,3250,0,1,3252,1623987
168,3250,3600,5900,21240000,2,26006,6503,1,416920000,416920000,9751,3250,6501,3250,0,1,3252,1626948
168,3250,3600,5900,21240000,2,26006,6503,1,416920000,416920000,9751,3250,6501,3250,0,1,3252,1630973
168,3250,3600,5900,21240000,2,26006,6503,1,416920000,416920000,9751,3250,6501,3250,0,1,3252,1643165
168,3650,3600,5900,21240000,2,29206,7303,1,447320000,447320000,10951,3650,7301,3650,0,1,3652,22895187
168,3650,3600,5900,21240000,2,29206,7303,1,447320000,447320000,10951,3650,7301,3650,0,1,3652,1834103
168,3650,3600,5900,21240000,2,29206,7303,1,447320000,447320000,10951,3650,7301,3650,0,1,3652,1841379
168,3650,3600,5900,21240000,2,29206,7303,1,447320000,447320000,10951,3650,7301,3650,0,1,3652,1842890
168,3650,3600,5900,21240000,2,29206,7303,1,447320000,447320000,10951,3650,7301,3650,0,1,3652,1843853
168,3650,3600,5900,21240000,2,29206,7303,1,447320000,447320000,10951,3650,7301,3650,0,1,3652,1823280
168,3650,3600,5900,21240000,2,29206,7303,1,447320000,447320000,10951,3650,7301,3650,0,1,3652,1847913
168,4050,3600,5900,21240000,2,32406,8103,1,477720000,477720000,12151,4050,8101,4050,0,1,4052,23428971
168,4050,3600,5900,21240000,2,32406,8103,1,477720000,477720000,12151,4050,8101,4050,0,1,4052,1984066
168,4050,3600,5900,21240000,2,32406,8103,1,477720000,477720000,12151,4050,8101,4050,0,1,4052,1986469
168,4050,3600,5900,21240000,2,32406,8103,1,477720000,477720000,12151,4050,8101,4050,0,1,4052,1985073
168,4050,3600,5900,21240000,2,32406,8103,1,477720000,477720000,12151,4050,8101,4050,0,1,4052,1985829
168,4050,3600,5900,21240000,2,32406,8103,1,477720000,477720000,12151,4050,8101,4050,0,1,4052,1974620
168,4050,3600,5900,21240000,2,32406,8103,1,477720000,477720000,12151,4050,8101,4050,0,1,4052,1992424
168,4450,3600,5900,21240000,2,35606,8903,1,508120000,508120000,13351,4450,8901,4450,0,1,4452,27407114
168,4450,3600,5900,21240000,2,35606,8903,1,508120000,508120000,13351,4450,8901,4450,0,1,4452,2198589
168,4450,3600,5900,21240000,2,35606,8903,1,508120000,508120000,13351,4450,8901,4450,0,1,4452,2207822
168,4450,3600,5900,21240000,2,35606,8903,1,508120000,508120000,13351,4450,8901,4450,0,1,4452,2195947
168,4450,3600,5900,21240000,2,35606,8903,1,508120000,508120000,13351,4450,8901,4450,0,1,4452,2208715
168,4450,3600,5900,21240000,2,35606,8903,1,508120000,508120000,13351,4450,8901,4450,0,1,4452,2171888
168,4450,3600,5900,21240000,2,35606,8903,1,508120000,508120000,13351,4450,8901,4450,0,1,4452,2191351
168,4850,3600,5900,21240000,2,38806,9703,1,538520000,538520000,14551,4850,9701,4850,0,1,4852,29812469
168,4850,3600,5900,21240000,2,38806,9703,1,538520000,538520000,14551,4850,9701,4850,0,1,4852,2386518
168,4850,3600,5900,21240000,2,38806,9703,1,538520000,538520000,14551,4850,9701,4850,0,1,4852,2390926
168,4850,3600,5900,21240000,2,38806,9703,1,538520000,538520000,14551,4850,9701,4850,0,1,4852,2381791
168,4850,3600,5900,21240000,2,38806,9703,1,538520000,538520000,14551,4850,9701,4850,0,1,4852,2391877
168,4850,3600,5900,21240000,2,38806,9703,1,538520000,538520000,14551,4850,9701,4850,0,1,4852,2332275
168,4850,3600,5900,21240000,2,38806,9703,1,538520000,538520000,14551,4850,9701,4850,0,1,4852,2348291
168,5250,3600,5900,21240000,2,42006,10503,1,568920000,568920000,15751,5250,10501,5250,0,1,5252,32758527
168,5250,3600,5900,21240000,2,42006,10503,1,568920000,568920000,15751,5250,10501,5250,0,1,5252,2563619
168,5250,3600,5900,21240000,2,42006,10503,1,568920000,568920000,15751,5250,10501,5250,0,1,5252,2557115
168,5250,3600,5900,21240000,2,42006,10503,1,568920000,568920000,15751,5250,10501,5250,0,1,5252,2564628
168,5250,3600,5900,21240000,2,42006,10503,1,568920000,568920000,15751,5250,10501,5250,0,1,5252,2541522
168,5250,3600,5900,21240000,2,42006,10503,1,568920000,568920000,15751,5250,10501,5250,0,1,5252,2471660
168,5250,3600,5900,21240000,2,42006,10503,1,568920000,568920000,15751,5250,10501,5250,0,1,5252,2507729
168,5650,3600,5900,21240000,2,45206,11303,1,599320000,599320000,16951,5650,11301,5650,0,1,5652,35273383
168,5650,3600,5900,21240000,2,45206,11303,1,599320000,599320000,16951,5650,11301,5650,0,1,5652,2730383
168,5650,3600,5900,21240000,2,45206,11303,1,599320000,599320000,16951,5650,11301,5650,0,1,5652,2732087
168,5650,3600,5900,21240000,2,45206,11303,1,599320000,599320000,16951,5650,11301,5650,0,1,5652,2727961
168,5650,3600,5900,21240000,2,45206,11303,1,599320000,599320000,16951,5650,11301,5650,0,1,5652,2734927
168,5650,3600,5900,21240000,2,45206,11303,1,599320000,599320000,16951,5650,11301,5650,0,1,5652,2674561
168,5650,3600,5900,21240000,2,45206,11303,1,599320000,599320000,16951,5650,11301,5650,0,1,5652,2680719
168,6050,3600,5900,21240000,2,48406,12103,1,629720000,629720000,18151,6050,12101,6050,0,1,6052,36118680
168,6050,3600,5900,21240000,2,48406,12103,1,629720000,629720000,18151,6050,12101,6050,0,1,6052,2926799
168,6050,3600,5900,21240000,2,48406,12103,1,629720000,629720000,18151,6050,12101,6050,0,1,6052,2938603
168,6050,3600,5900,21240000,2,48406,12103,1,629720000,629720000,18151,6050,12101,6050,0,1,6052,2921259
168,6050,3600,5900,21240000,2,48406,12103,1,629720000,629720000,18151,6050,12101,6050,0,1,6052,2937510
168,6050,3600,5900,21240000,2,48406,12103,1,629720000,629720000,18151,6050,12101,6050,0,1,6052,2855348
168,6050,3600,5900,21240000,2,48406,12103,1,629720000,629720000,18151,6050,12101,6050,0,1,6052,2875919
168,6450,3600,5900,21240000,2,51606,12903,1,660120000,660120000,19351,6450,12901,6450,0,1,6452,40112115
168,6450,3600,5900,21240000,2,51606,12903,1,660120000,660120000,19351,6450,12901,6450,0,1,6452,3111702
168,6450,3600,5900,21240000,2,51606,12903,1,660120000,660120000,19351,6450,12901,6450,0,1,6452,3123641
168,6450,3600,5900,21240000,2,51606,12903,1,660120000,660120000,19351,6450,12901,6450,0,1,6452,3113088
168,6450,3600,5900,21240000,2,51606,12903,1,660120000,660120000,19351,6450,12901,6450,0,1,6452,3122522
168,6450,3600,5900,21240000,2,51606,12903,1,660120000,660120000,19351,6450,12901,6450,0,1,6452,3033483
168,6450,3600,5900,21240000,2,51606,12903,1,660120000,660120000,19351,6450,12901,6450,0,1,6452,3055920
168,6850,3600,5900,21240000,2,54806,13703,1,690520000,690520000,20551,6850,13701,6850,0,1,6852,43966560
168,6850,3600,5900,21240000,2,54806,13703,1,690520000,690520000,20551,6850,13701,6850,0,1,6852,3290058
168,6850,3600,5900,21240000,2,54806,13703,1,690520000,690520000,20551,6850,13701,6850,0,1,6852,3307953
168,6850,3600,5900,21240000,2,54806,13703,1,690520000,690520000,20551,6850,13701,6850,0,1,6852,3302310
168,6850,3600,5900,21240000,2,54806,13703,1,690520000,690520000,20551,6850,13701,6850,0,1,6852,3311069
168,6850,3600,5900,21240000,2,54806,13703,1,690520000,690520000,20551,6850,13701,6850,0,1,6852,3204956
168,6850,3600,5900,21240000,2,54806,13703,1,690520000,690520000,20551,6850,13701,6850,0,1,6852,3226075
168,50,3600,5500,19800000,2,406,103,1,162040000,162040000,151,50,101,50,0,1,52,212313
168,50,3600,5500,19800000,2,406,103,1,162040000,162040000,151,50,101,50,0,1,52,166228
168,50,3600,5500,19800000,2,406,103,1,162040000,162040000,151,50,101,50,0,1,52,171441
168,50,3600,5500,19800000,2,406,103,1,162040000,162040000,151,50,101,50,0,1,52,171797
168,50,3600,5500,19800000,2,406,103,1,162040000,162040000,151,50,101,50,0,1,52,132227
168,50,3600,5500,19800000,2,406,103,1,162040000,162040000,151,50,101,50,0,1,52,211715
168,50,3600,5500,19800000,2,406,103,1,162040000,162040000,151,50,101,50,0,1,52,212024
168,450,3600,5500,19800000,2,3606,903,1,191160000,191160000,1351,450,901,450,0,1,452,2098226
168,450,3600,5500,19800000,2,3606,903,1,191160000,191160000,1351,450,901,450,0,1,452,362848
168,450,3600,5500,19800000,2,3606,903,1,191160000,191160000,1351,450,901,450,0,1,452,361816
168,450,3600,5500,19800000,2,3606,903,1,191160000,191160000,1351,450,901,450,0,1,452,359541
168,450,3600,5500,19800000,2,3606,903,1,191160000,191160000,1351,450,901,450,0,1,452,362452
168,450,3600,5500,19800000,2,3606,903,1,191160000,191160000,1351,450,901,450,0,1,452,362149
168,450,3600,5500,19800000,2,3606,903,1,191160000,191160000,1351,450,901,450,0,1,452,363520
168,850,3600,5500,19800000,2,6806,1703,1,220280000,220280000,2551,850,1701,850,0,1,852,4319069
168,850,3600,5500,19800000,2,6806,1703,1,220280000,220280000,2551,850,1701,850,0,1,852,512157
168,850,3600,5500,19800000,2,6806,1703,1,220280000,220280000,2551,850,1701,850,0,1,852,512997
168,850,3600,5500,19800000,2,6806,1703,1,220280000,220280000,2551,850,1701,850,0,1,852,514134
168,850,3600,5500,19800000,2,6806,1703,1,220280000,220280000,2551,850,1701,850,0,1,852,513674
168,850,3600,5500,19800000,2,6806,1703,1,220280000,220280000,2551,850,1701,850,0,1,852,518193
168,850,3600,5500,19800000,2,6806,1703,1,220280000,220280000,2551,850,1701,850,0,1,852,522942
168,1250,3600,5500,19800000,2,10006,2503,1,249400000,249400000,3751,1250,2501,1250,0,1,1252,6234796
168,1250,3600,5500,19800000,2,10006,2503,1,249400000,249400000,3751,1250,2501,1250,0,1,1252,686696
168,1250,3600,5500,19800000,2,10006,2503,1,249400000,249400000,3751,1250,2501,1250,0,1,1252,693990
168,1250,3600,5500,19800000,2,10006,2503,1,249400000,249400000,3751,1250,2501,1250,0,1,1252,696759
168,1250,3600,5500,19800000,2,10006,2503,1,249400000,249400000,3751,1250,2501,1250,0,1,1252,670548
168,1250,3600,5500,19800000,2,10006,2503,1,249400000,249400000,3751,1250,2501,1250,0,1,1252,699028
168,1250,3600,5500,19800000,2,10006,2503,1,249400000,249400000,3751,1250,2501,1250,0,1,1252,726147
168,1650,3600,5500,19800000,2,13206,3303,1,278520000,278520000,4951,1650,3301,1650,0,1,1652,8266877
168,1650,3600,5500,19800000,2,13206,3303,1,278520000,278520000,4951,1650,3301,1650,0,1,1652,850841
168,1650,3600,5500,19800000,2,13206,3303,1,278520000,278520000,4951,1650,3301,1650,0,1,1652,849864
168,1650,3600,5500,19800000,2,13206,3303,1,278520000,278520000,4951,1650,3301,1650,0,1,1652,851583
168,1650,3600,5500,19800000,2,13206,3303,1,278520000,278520000,4951,1650,3301,1650,0,1,1652,860017
168,1650,3600,5500,19800000,2,13206,3303,1,278520000,278520000,4951,1650,3301,1650,0,1,1652,895449
168,1650,3600,5500,19800000,2,13206,3303,1,278520000,278520000,4951,1650,3301,1650,0,1,1652,881844
168,2050,3600,5500,19800000,2,16406,4103,1,307640000,307640000,6151,2050,4101,2050,0,1,2052,11443672
168,2050,3600,5500,19800000,2,16406,4103,1,307640000,307640000,6151,2050,4101,2050,0,1,2052,1020800
168,2050,3600,5500,19800000,2,16406,4103,1,307640000,307640000,6151,2050,4101,2050,0,1,2052,1022627
168,2050,3600,5500,19800000,2,16406,4103,1,307640000,307640000,6151,2050,4101,2050,0,1,2052,1021666
168,2050,3600,5500,19800000,2,16406,4103,1,307640000,307640000,6151,2050,4101,2050,0,1,2052,1022225
168,2050,3600,5500,19800000,2,16406,4103,1,307640000,307640000,6151,2050,4101,2050,0,1,2052,1053421
168,2050,3600,5500,19800000,2,16406,4103,1,307640000,307640000,6151,2050,4101,2050,0,1,2052,1055566
168,2450,3600,5500,19800000,2,19606,4903,1,336760000,336760000,7351,2450,4901,2450,0,1,2452,13074044
168,2450,3600,5500,19800000,2,19606,4903,1,336760000,336760000,7351,2450,4901,2450,0,1,2452,1188707
168,2450,3600,5500,19800000,2,19606,4903,1,336760000,336760000,7351,2450,4901,2450,0,1,2452,1188039
168,2450,3600,5500,19800000,2,19606,4903,1,336760000,336760000,7351,2450,4901,2450,0,1,2452,1187150
168,2450,3600,5500,19800000,2,19606,4903,1,336760000,336760000,7351,2450,4901,2450,0,1,2452,1189176
168,2450,3600,5500,19800000,2,19606,4903,1,336760000,336760000,7351,2450,4901,2450,0,1,2452,1215100
168,2450,3600,5500,19800000,2,19606,4903,1,336760000,336760000,7351,2450,4901,2450,0,1,2452,1218468
168,2850,3600,5500,19800000,2,22806,5703,1,365880000,365880000,8551,2850,5701,2850,0,1,2852,16239697
168,2850,3600,5500,19800000,2,22806,5703,1,365880000,365880000,8551,2850,5701,2850,0,1,2852,1356269
168,2850,3600,5500,19800000,2,22806,5703,1,365880000,365880000,8551,2850,5701,2850,0,1,2852,1369024
168,2850,3600,5500,19800000,2,22806,5703,1,365880000,365880000,8551,2850,5701,2850,0,1,2852,1352686
168,2850,3600,5500,19800000,2,22806,5703,1,365880000,365880000,8551,2850,5701,2850,0,1,2852,1368388
168,2850,3600,5500,19800000,2,22806,5703,1,365880000,365880000,8551,2850,5701,2850,0,1,2852,1380275
168,2850,3600,5500,19800000,2,22806,5703,1,365880000,365880000,8551,2850,5701,2850,0,1,2852,1396745
168,3250,3600,5500,19800000,2,26006,6503,1,395000000,395000000,9751,3250,6501,3250,0,1,3252,18399383
168,3250,3600,5500,19800000,2,26006,6503,1,395000000,395000000,9751,3250,6501,3250,0,1,3252,1534558
168,3250,3600,5500,19800000,2,26006,6503,1,395000000,395000000,9751,3250,6501,3250,0,1,3252,1530982
168,3250,3600,5500,19800000,2,26006,6503,1,395000000,395000000,9751,3250,6501,3250,0,1,3252,1533668
168,3250,3600,5500,19800000,2,26006,6503,1,395000000,395000000,9751,3250,6501,3250,0,1,3252,1535460
168,3250,3600,5500,19800000,2,26006,6503,1,395000000,395000000,9751,3250,6501,3250,0,1,3252,1536090
168,3250,3600,5500,19800000,2,26006,6503,1,395000000,395000000,9751,3250,6501,3250,0,1,3252,1540834
168,3650,3600,5500,19800000,2,29206,7303,1,424120000,424120000,10951,3650,7301,3650,0,1,3652,20592954
168,3650,3600,5500,19800000,2,29206,7303,1,424120000,424120000,10951,3650,7301,3650,0,1,3652,1731482
168,3650,3600,5500,19800000,2,29206,7303,1,424120000,424120000,10951,3650,7301,3650,0,1,3652,1727954
168,3650,3600,5500,19800000,2,29206,7303,1,424120000,424120000,10951,3650,7301,3650,0,1,3652,1730668
168,3650,3600,5500,19800000,2,29206,7303,1,424120000,424120000,10951,3650,7301,3650,0,1,3652,1726534
168,3650,3600,5500,19800000,2,29206,7303,1,424120000,424120000,10951,3650,7301,3650,0,1,3652,1693612
168,3650,3600,5500,19800000,2,29206,7303,1,424120000,424120000,10951,3650,7301,3650,0,1,3652,1724496
168,4050,3600,5500,19800000,2,32406,8103,1,453240000,453240000,12151,4050,8101,4050,0,1,4052,21867567
168,4050,3600,5500,19800000,2,32406,8103,1,453240000,453240000,12151,4050,8101,4050,0,1,4052,1870654
168,4050,3600,5500,19800000,2,32406,8103,1,453240000,453240000,12151,4050,8101,4050,0,1,4052,1871414
168,4050,3600,5500,19800000,2,32406,8103,1,453240000,453240000,12151,4050,8101,4050,0,1,4052,1869651
168,4050,3600,5500,19800000,2,32406,8103,1,453240000,453240000,12151,4050,8101,4050,0,1,4052,1872066
168,4050,3600,5500,19800000,2,32406,8103,1,453240000,453240000,12151,4050,8101,4050,0,1,4052,1860318
168,4050,3600,5500,19800000,2,32406,8103,1,453240000,453240000,12151,4050,8101,4050,0,1,4052,1875213
168,4450,3600,5500,19800000,2,35606,8903,1,482360000,482360000,13351,4450,8901,4450,0,1,4452,26198422
168,4450,3600,5500,19800000,2,35606,8903,1,482360000,482360000,13351,4450,8901,4450,0,1,4452,2061751
168,4450,3600,5500,19800000,2,35606,8903,1,482360000,482360000,13351,4450,8901,4450,0,1,4452,2069023
168,4450,3600,5500,19800000,2,35606,8903,1,482360000,482360000,13351,4450,8901,4450,0,1,4452,2056952
168,4450,3600,5500,19800000,2,35606,8903,1,482360000,482360000,13351,4450,8901,4450,0,1,4452,2069917
168,4450,3600,5500,19800000,2,35606,8903,1,482360000,482360000,13351,4450,8901,4450,0,1,4452,2033827
168,4450,3600,5500,19800000,2,35606,8903,1,482360000,482360000,13351,4450,8901,4450,0,1,4452,2047798
168,4850,3600,5500,19800000,2,38806,9703,1,511480000,511480000,14551,4850,9701,4850,0,1,4852,27756164
168,4850,3600,5500,19800000,2,38806,9703,1,511480000,511480000,14551,4850,9701,4850,0,1,4852,2204224
168,4850,3600,5500,19800000,2,38806,9703,1,511480000,511480000,14551,4850,9701,4850,0,1,4852,2207339
168,4850,3600,5500,19800000,2,38806,9703,1,511480000,511480000,14551,4850,9701,4850,0,1,4852,2208587
168,4850,3600,5500,19800000,2,38806,9703,1,511480000,511480000,14551,4850,9701,4850,0,1,4852,2209690
168,4850,3600,5500,19800000,2,38806,9703,1,511480000,511480000,14551,4850,9701,4850,0,1,4852,2170504
168,4850,3600,5500,19800000,2,38806,9703,1,511480000,511480000,14551,4850,9701,4850,0,1,4852,2191316
