168,50,1600,4700,7520000,2,406,103,1,62680000,62680000,151,50,101,50,0,1,52,92786
168,50,1600,4700,7520000,2,406,103,1,62680000,62680000,151,50,101,50,0,1,52,103730
168,50,1600,4700,7520000,2,406,103,1,62680000,62680000,151,50,101,50,0,1,52,103366
168,50,1600,4700,7520000,2,406,103,1,62680000,62680000,151,50,101,50,0,1,52,103540
168,50,1600,4700,7520000,2,406,103,1,62680000,62680000,151,50,101,50,0,1,52,102971
168,50,1600,4700,7520000,2,406,103,1,62680000,62680000,151,50,101,50,0,1,52,103928
168,50,1600,4700,7520000,2,406,103,1,62680000,62680000,151,50,101,50,0,1,52,104137

168,450,1600,4700,7520000,2,3606,903,1,82840000,82840000,1351,450,901,450,0,1,452,851059
168,450,1600,4700,7520000,2,3606,903,1,82840000,82840000,1351,450,901,450,0,1,452,160775
168,450,1600,4700,7520000,2,3606,903,1,82840000,82840000,1351,450,901,450,0,1,452,159932
168,450,1600,4700,7520000,2,3606,903,1,82840000,82840000,1351,450,901,450,0,1,452,160341
168,450,1600,4700,7520000,2,3606,903,1,82840000,82840000,1351,450,901,450,0,1,452,160550
168,450,1600,4700,7520000,2,3606,903,1,82840000,82840000,1351,450,901,450,0,1,452,184156
168,450,1600,4700,7520000,2,3606,903,1,82840000,82840000,1351,450,901,450,0,1,452,183643

168,850,1600,4700,7520000,2,6806,1703,1,103000000,103000000,2551,850,1701,850,0,1,852,1773158
168,850,1600,4700,7520000,2,6806,1703,1,103000000,103000000,2551,850,1701,850,0,1,852,247285
168,850,1600,4700,7520000,2,6806,1703,1,103000000,103000000,2551,850,1701,850,0,1,852,246424
168,850,1600,4700,7520000,2,6806,1703,1,103000000,103000000,2551,850,1701,850,0,1,852,237502
168,850,1600,4700,7520000,2,6806,1703,1,103000000,103000000,2551,850,1701,850,0,1,852,229699
168,850,1600,4700,7520000,2,6806,1703,1,103000000,103000000,2551,850,1701,850,0,1,852,247853
168,850,1600,4700,7520000,2,6806,1703,1,103000000,103000000,2551,850,1701,850,0,1,852,246793

168,1250,1600,4700,7520000,2,10006,2503,1,123160000,123160000,3751,1250,2501,1250,0,1,1252,2766578
168,1250,1600,4700,7520000,2,10006,2503,1,123160000,123160000,3751,1250,2501,1250,0,1,1252,366215
168,1250,1600,4700,7520000,2,10006,2503,1,123160000,123160000,3751,1250,2501,1250,0,1,1252,360889
168,1250,1600,4700,7520000,2,10006,2503,1,123160000,123160000,3751,1250,2501,1250,0,1,1252,367669
168,1250,1600,4700,7520000,2,10006,2503,1,123160000,123160000,3751,1250,2501,1250,0,1,1252,366810
168,1250,1600,4700,7520000,2,10006,2503,1,123160000,123160000,3751,1250,2501,1250,0,1,1252,367418
168,1250,1600,4700,7520000,2,10006,2503,1,123160000,123160000,3751,1250,2501,1250,0,1,1252,368246

168,1650,1600,4700,7520000,2,13206,3303,1,143320000,143320000,4951,1650,3301,1650,0,1,1652,3879435
168,1650,1600,4700,7520000,2,13206,3303,1,143320000,143320000,4951,1650,3301,1650,0,1,1652,374793
168,1650,1600,4700,7520000,2,13206,3303,1,143320000,143320000,4951,1650,3301,1650,0,1,1652,372975
168,1650,1600,4700,7520000,2,13206,3303,1,143320000,143320000,4951,1650,3301,1650,0,1,1652,377030
168,1650,1600,4700,7520000,2,13206,3303,1,143320000,143320000,4951,1650,3301,1650,0,1,1652,375446
168,1650,1600,4700,7520000,2,13206,3303,1,143320000,143320000,4951,1650,3301,1650,0,1,1652,389898
168,1650,1600,4700,7520000,2,13206,3303,1,143320000,143320000,4951,1650,3301,1650,0,1,1652,390343

168,2050,1600,4700,7520000,2,16406,4103,1,163480000,163480000,6151,2050,4101,2050,0,1,2052,4711848
168,2050,1600,4700,7520000,2,16406,4103,1,163480000,163480000,6151,2050,4101,2050,0,1,2052,432744
168,2050,1600,4700,7520000,2,16406,4103,1,163480000,163480000,6151,2050,4101,2050,0,1,2052,433020
168,2050,1600,4700,7520000,2,16406,4103,1,163480000,163480000,6151,2050,4101,2050,0,1,2052,433320
168,2050,1600,4700,7520000,2,16406,4103,1,163480000,163480000,6151,2050,4101,2050,0,1,2052,432299
168,2050,1600,4700,7520000,2,16406,4103,1,163480000,163480000,6151,2050,4101,2050,0,1,2052,465785
168,2050,1600,4700,7520000,2,16406,4103,1,163480000,163480000,6151,2050,4101,2050,0,1,2052,465335

168,2450,1600,4700,7520000,2,19606,4903,1,183640000,183640000,7351,2450,4901,2450,0,1,2452,5333839
168,2450,1600,4700,7520000,2,19606,4903,1,183640000,183640000,7351,2450,4901,2450,0,1,2452,495802
168,2450,1600,4700,7520000,2,19606,4903,1,183640000,183640000,7351,2450,4901,2450,0,1,2452,496129
168,2450,1600,4700,7520000,2,19606,4903,1,183640000,183640000,7351,2450,4901,2450,0,1,2452,495516
168,2450,1600,4700,7520000,2,19606,4903,1,183640000,183640000,7351,2450,4901,2450,0,1,2452,495060
168,2450,1600,4700,7520000,2,19606,4903,1,183640000,183640000,7351,2450,4901,2450,0,1,2452,557789
168,2450,1600,4700,7520000,2,19606,4903,1,183640000,183640000,7351,2450,4901,2450,0,1,2452,557324

168,2850,1600,4700,7520000,2,22806,5703,1,203800000,203800000,8551,2850,5701,2850,0,1,2852,6688627
168,2850,1600,4700,7520000,2,22806,5703,1,203800000,203800000,8551,2850,5701,2850,0,1,2852,569806
168,2850,1600,4700,7520000,2,22806,5703,1,203800000,203800000,8551,2850,5701,2850,0,1,2852,570162
168,2850,1600,4700,7520000,2,22806,5703,1,203800000,203800000,8551,2850,5701,2850,0,1,2852,569019
168,2850,1600,4700,7520000,2,22806,5703,1,203800000,203800000,8551,2850,5701,2850,0,1,2852,569498
168,2850,1600,4700,7520000,2,22806,5703,1,203800000,203800000,8551,2850,5701,2850,0,1,2852,644223
168,2850,1600,4700,7520000,2,22806,5703,1,203800000,203800000,8551,2850,5701,2850,0,1,2852,643742

168,3250,1600,4700,7520000,2,26006,6503,1,223960000,223960000,9751,3250,6501,3250,0,1,3252,7493194
168,3250,1600,4700,7520000,2,26006,6503,1,223960000,223960000,9751,3250,6501,3250,0,1,3252,659929
168,3250,1600,4700,7520000,2,26006,6503,1,223960000,223960000,9751,3250,6501,3250,0,1,3252,659264
168,3250,1600,4700,7520000,2,26006,6503,1,223960000,223960000,9751,3250,6501,3250,0,1,3252,658404
168,3250,1600,4700,7520000,2,26006,6503,1,223960000,223960000,9751,3250,6501,3250,0,1,3252,660717
168,3250,1600,4700,7520000,2,26006,6503,1,223960000,223960000,9751,3250,6501,3250,0,1,3252,687998
168,3250,1600,4700,7520000,2,26006,6503,1,223960000,223960000,9751,3250,6501,3250,0,1,3252,687502

168,3650,1600,4700,7520000,2,29206,7303,1,244120000,244120000,10951,3650,7301,3650,0,1,3652,8371690
168,3650,1600,4700,7520000,2,29206,7303,1,244120000,244120000,10951,3650,7301,3650,0,1,3652,710275
168,3650,1600,4700,7520000,2,29206,7303,1,244120000,244120000,10951,3650,7301,3650,0,1,3652,689950
168,3650,1600,4700,7520000,2,29206,7303,1,244120000,244120000,10951,3650,7301,3650,0,1,3652,710916
168,3650,1600,4700,7520000,2,29206,7303,1,244120000,244120000,10951,3650,7301,3650,0,1,3652,709787
168,3650,1600,4700,7520000,2,29206,7303,1,244120000,244120000,10951,3650,7301,3650,0,1,3652,769355
168,3650,1600,4700,7520000,2,29206,7303,1,244120000,244120000,10951,3650,7301,3650,0,1,3652,767746

168,4050,1600,4700,7520000,2,32406,8103,1,264280000,264280000,12151,4050,8101,4050,0,1,4052,9417039
168,4050,1600,4700,7520000,2,32406,8103,1,264280000,264280000,12151,4050,8101,4050,0,1,4052,804851
168,4050,1600,4700,7520000,2,32406,8103,1,264280000,264280000,12151,4050,8101,4050,0,1,4052,806346
168,4050,1600,4700,7520000,2,32406,8103,1,264280000,264280000,12151,4050,8101,4050,0,1,4052,809621
168,4050,1600,4700,7520000,2,32406,8103,1,264280000,264280000,12151,4050,8101,4050,0,1,4052,808966
168,4050,1600,4700,7520000,2,32406,8103,1,264280000,264280000,12151,4050,8101,4050,0,1,4052,876394
168,4050,1600,4700,7520000,2,32406,8103,1,264280000,264280000,12151,4050,8101,4050,0,1,4052,871955

168,4450,1600,4700,7520000,2,35606,8903,1,284440000,284440000,13351,4450,8901,4450,0,1,4452,10496703
168,4450,1600,4700,7520000,2,35606,8903,1,284440000,284440000,13351,4450,8901,4450,0,1,4452,847014
168,4450,1600,4700,7520000,2,35606,8903,1,284440000,284440000,13351,4450,8901,4450,0,1,4452,850279
168,4450,1600,4700,7520000,2,35606,8903,1,284440000,284440000,13351,4450,8901,4450,0,1,4452,848103
168,4450,1600,4700,7520000,2,35606,8903,1,284440000,284440000,13351,4450,8901,4450,0,1,4452,849346
168,4450,1600,4700,7520000,2,35606,8903,1,284440000,284440000,13351,4450,8901,4450,0,1,4452,893275
168,4450,1600,4700,7520000,2,35606,8903,1,284440000,284440000,13351,4450,8901,4450,0,1,4452,891683

168,4850,1600,4700,7520000,2,38806,9703,1,304600000,304600000,14551,4850,9701,4850,0,1,4852,11624352
168,4850,1600,4700,7520000,2,38806,9703,1,304600000,304600000,14551,4850,9701,4850,0,1,4852,949292
168,4850,1600,4700,7520000,2,38806,9703,1,304600000,304600000,14551,4850,9701,4850,0,1,4852,950166
168,4850,1600,4700,7520000,2,38806,9703,1,304600000,304600000,14551,4850,9701,4850,0,1,4852,948129
168,4850,1600,4700,7520000,2,38806,9703,1,304600000,304600000,14551,4850,9701,4850,0,1,4852,951133
168,4850,1600,4700,7520000,2,38806,9703,1,304600000,304600000,14551,4850,9701,4850,0,1,4852,974902
168,4850,1600,4700,7520000,2,38806,9703,1,304600000,304600000,14551,4850,9701,4850,0,1,4852,974349

168,5250,1600,4700,7520000,2,42006,10503,1,324760000,324760000,15751,5250,10501,5250,0,1,5252,11959702
168,5250,1600,4700,7520000,2,42006,10503,1,324760000,324760000,15751,5250,10501,5250,0,1,5252,1049158
168,5250,1600,4700,7520000,2,42006,10503,1,324760000,324760000,15751,5250,10501,5250,0,1,5252,1056703
168,5250,1600,4700,7520000,2,42006,10503,1,324760000,324760000,15751,5250,10501,5250,0,1,5252,1052008
168,5250,1600,4700,7520000,2,42006,10503,1,324760000,324760000,15751,5250,10501,5250,0,1,5252,1053208
168,5250,1600,4700,7520000,2,42006,10503,1,324760000,324760000,15751,5250,10501,5250,0,1,5252,1059407
168,5250,1600,4700,7520000,2,42006,10503,1,324760000,324760000,15751,5250,10501,5250,0,1,5252,1058824

168,5650,1600,4700,7520000,2,45206,11303,1,344920000,344920000,16951,5650,11301,5650,0,1,5652,13261799
168,5650,1600,4700,7520000,2,45206,11303,1,344920000,344920000,16951,5650,11301,5650,0,1,5652,1109614
168,5650,1600,4700,7520000,2,45206,11303,1,344920000,344920000,16951,5650,11301,5650,0,1,5652,1124221
168,5650,1600,4700,7520000,2,45206,11303,1,344920000,344920000,16951,5650,11301,5650,0,1,5652,1129943
168,5650,1600,4700,7520000,2,45206,11303,1,344920000,344920000,16951,5650,11301,5650,0,1,5652,1127896
168,5650,1600,4700,7520000,2,45206,11303,1,344920000,344920000,16951,5650,11301,5650,0,1,5652,1150076
168,5650,1600,4700,7520000,2,45206,11303,1,344920000,344920000,16951,5650,11301,5650,0,1,5652,1148279

168,6050,1600,4700,7520000,2,48406,12103,1,365080000,365080000,18151,6050,12101,6050,0,1,6052,13697512
168,6050,1600,4700,7520000,2,48406,12103,1,365080000,365080000,18151,6050,12101,6050,0,1,6052,1168614
168,6050,1600,4700,7520000,2,48406,12103,1,365080000,365080000,18151,6050,12101,6050,0,1,6052,1169999
168,6050,1600,4700,7520000,2,48406,12103,1,365080000,365080000,18151,6050,12101,6050,0,1,6052,1164064
168,6050,1600,4700,7520000,2,48406,12103,1,365080000,365080000,18151,6050,12101,6050,0,1,6052,1171680
168,6050,1600,4700,7520000,2,48406,12103,1,365080000,365080000,18151,6050,12101,6050,0,1,6052,1187809
168,6050,1600,4700,7520000,2,48406,12103,1,365080000,365080000,18151,6050,12101,6050,0,1,6052,1185855

168,6450,1600,4700,7520000,2,51606,12903,1,385240000,385240000,19351,6450,12901,6450,0,1,6452,14790290
168,6450,1600,4700,7520000,2,51606,12903,1,385240000,385240000,19351,6450,12901,6450,0,1,6452,1250369
168,6450,1600,4700,7520000,2,51606,12903,1,385240000,385240000,19351,6450,12901,6450,0,1,6452,1259351
168,6450,1600,4700,7520000,2,51606,12903,1,385240000,385240000,19351,6450,12901,6450,0,1,6452,1257765
168,6450,1600,4700,7520000,2,51606,12903,1,385240000,385240000,19351,6450,12901,6450,0,1,6452,1260661
168,6450,1600,4700,7520000,2,51606,12903,1,385240000,385240000,19351,6450,12901,6450,0,1,6452,1265831
168,6450,1600,4700,7520000,2,51606,12903,1,385240000,385240000,19351,6450,12901,6450,0,1,6452,1265213

168,6850,1600,4700,7520000,2,54806,13703,1,405400000,405400000,20551,6850,13701,6850,0,1,6852,15505169
168,6850,1600,4700,7520000,2,54806,13703,1,405400000,405400000,20551,6850,13701,6850,0,1,6852,1390545
168,6850,1600,4700,7520000,2,54806,13703,1,405400000,405400000,20551,6850,13701,6850,0,1,6852,1385254
168,6850,1600,4700,7520000,2,54806,13703,1,405400000,405400000,20551,6850,13701,6850,0,1,6852,1388498
168,6850,1600,4700,7520000,2,54806,13703,1,405400000,405400000,20551,6850,13701,6850,0,1,6852,1382871
168,6850,1600,4700,7520000,2,54806,13703,1,405400000,405400000,20551,6850,13701,6850,0,1,6852,1392501
168,6850,1600,4700,7520000,2,54806,13703,1,405400000,405400000,20551,6850,13701,6850,0,1,6852,1391863

168,50,1600,4300,6880000,2,406,103,1,57400000,57400000,151,50,101,50,0,1,52,84374
168,50,1600,4300,6880000,2,406,103,1,57400000,57400000,151,50,101,50,0,1,52,76479
168,50,1600,4300,6880000,2,406,103,1,57400000,57400000,151,50,101,50,0,1,52,73661
168,50,1600,4300,6880000,2,406,103,1,57400000,57400000,151,50,101,50,0,1,52,68044
168,50,1600,4300,6880000,2,406,103,1,57400000,57400000,151,50,101,50,0,1,52,76013
168,50,1600,4300,6880000,2,406,103,1,57400000,57400000,151,50,101,50,0,1,52,94354
168,50,1600,4300,6880000,2,406,103,1,57400000,57400000,151,50,101,50,0,1,52,95542

168,450,1600,4300,6880000,2,3606,903,1,76280000,76280000,1351,450,901,450,0,1,452,744293
168,450,1600,4300,6880000,2,3606,903,1,76280000,76280000,1351,450,901,450,0,1,452,139371
168,450,1600,4300,6880000,2,3606,903,1,76280000,76280000,1351,450,901,450,0,1,452,140722
168,450,1600,4300,6880000,2,3606,903,1,76280000,76280000,1351,450,901,450,0,1,452,141406
168,450,1600,4300,6880000,2,3606,903,1,76280000,76280000,1351,450,901,450,0,1,452,141176
168,450,1600,4300,6880000,2,3606,903,1,76280000,76280000,1351,450,901,450,0,1,452,161111
168,450,1600,4300,6880000,2,3606,903,1,76280000,76280000,1351,450,901,450,0,1,452,159821

168,850,1600,4300,6880000,2,6806,1703,1,95160000,95160000,2551,850,1701,850,0,1,852,1669876
168,850,1600,4300,6880000,2,6806,1703,1,95160000,95160000,2551,850,1701,850,0,1,852,205977
168,850,1600,4300,6880000,2,6806,1703,1,95160000,95160000,2551,850,1701,850,0,1,852,205057
168,850,1600,4300,6880000,2,6806,1703,1,95160000,95160000,2551,850,1701,850,0,1,852,183469
168,850,1600,4300,6880000,2,6806,1703,1,95160000,95160000,2551,850,1701,850,0,1,852,202370
168,850,1600,4300,6880000,2,6806,1703,1,95160000,95160000,2551,850,1701,850,0,1,852,213611
168,850,1600,4300,6880000,2,6806,1703,1,95160000,95160000,2551,850,1701,850,0,1,852,214023

168,1250,1600,4300,6880000,2,10006,2503,1,114040000,114040000,3751,1250,2501,1250,0,1,1252,2463894
168,1250,1600,4300,6880000,2,10006,2503,1,114040000,114040000,3751,1250,2501,1250,0,1,1252,283250
168,1250,1600,4300,6880000,2,10006,2503,1,114040000,114040000,3751,1250,2501,1250,0,1,1252,264811
168,1250,1600,4300,6880000,2,10006,2503,1,114040000,114040000,3751,1250,2501,1250,0,1,1252,282831
168,1250,1600,4300,6880000,2,10006,2503,1,114040000,114040000,3751,1250,2501,1250,0,1,1252,281661
168,1250,1600,4300,6880000,2,10006,2503,1,114040000,114040000,3751,1250,2501,1250,0,1,1252,284660
168,1250,1600,4300,6880000,2,10006,2503,1,114040000,114040000,3751,1250,2501,1250,0,1,1252,284230

168,1650,1600,4300,6880000,2,13206,3303,1,132920000,132920000,4951,1650,3301,1650,0,1,1652,3211255
168,1650,1600,4300,6880000,2,13206,3303,1,132920000,132920000,4951,1650,3301,1650,0,1,1652,330845
168,1650,1600,4300,6880000,2,13206,3303,1,132920000,132920000,4951,1650,3301,1650,0,1,1652,330182
168,1650,1600,4300,6880000,2,13206,3303,1,132920000,132920000,4951,1650,3301,1650,0,1,1652,328881
168,1650,1600,4300,6880000,2,13206,3303,1,132920000,132920000,4951,1650,3301,1650,0,1,1652,331926
168,1650,1600,4300,6880000,2,13206,3303,1,132920000,132920000,4951,1650,3301,1650,0,1,1652,352503
168,1650,1600,4300,6880000,2,13206,3303,1,132920000,132920000,4951,1650,3301,1650,0,1,1652,352064

168,2050,1600,4300,6880000,2,16406,4103,1,151800000,151800000,6151,2050,4101,2050,0,1,2052,4192574
168,2050,1600,4300,6880000,2,16406,4103,1,151800000,151800000,6151,2050,4101,2050,0,1,2052,400521
168,2050,1600,4300,6880000,2,16406,4103,1,151800000,151800000,6151,2050,4101,2050,0,1,2052,399589
168,2050,1600,4300,6880000,2,16406,4103,1,151800000,151800000,6151,2050,4101,2050,0,1,2052,401054
168,2050,1600,4300,6880000,2,16406,4103,1,151800000,151800000,6151,2050,4101,2050,0,1,2052,401610
168,2050,1600,4300,6880000,2,16406,4103,1,151800000,151800000,6151,2050,4101,2050,0,1,2052,423115
168,2050,1600,4300,6880000,2,16406,4103,1,151800000,151800000,6151,2050,4101,2050,0,1,2052,422655

168,2450,1600,4300,6880000,2,19606,4903,1,170680000,170680000,7351,2450,4901,2450,0,1,2452,5021646
168,2450,1600,4300,6880000,2,19606,4903,1,170680000,170680000,7351,2450,4901,2450,0,1,2452,463070
168,2450,1600,4300,6880000,2,19606,4903,1,170680000,170680000,7351,2450,4901,2450,0,1,2452,463527
168,2450,1600,4300,6880000,2,19606,4903,1,170680000,170680000,7351,2450,4901,2450,0,1,2452,464129
168,2450,1600,4300,6880000,2,19606,4903,1,170680000,170680000,7351,2450,4901,2450,0,1,2452,463811
168,2450,1600,4300,6880000,2,19606,4903,1,170680000,170680000,7351,2450,4901,2450,0,1,2452,498342
168,2450,1600,4300,6880000,2,19606,4903,1,170680000,170680000,7351,2450,4901,2450,0,1,2452,497880

168,2850,1600,4300,6880000,2,22806,5703,1,189560000,189560000,8551,2850,5701,2850,0,1,2852,5668604
168,2850,1600,4300,6880000,2,22806,5703,1,189560000,189560000,8551,2850,5701,2850,0,1,2852,529323
168,2850,1600,4300,6880000,2,22806,5703,1,189560000,189560000,8551,2850,5701,2850,0,1,2852,530655
168,2850,1600,4300,6880000,2,22806,5703,1,189560000,189560000,8551,2850,5701,2850,0,1,2852,532217
168,2850,1600,4300,6880000,2,22806,5703,1,189560000,189560000,8551,2850,5701,2850,0,1,2852,531286
168,2850,1600,4300,6880000,2,22806,5703,1,189560000,189560000,8551,2850,5701,2850,0,1,2852,562663
168,2850,1600,4300,6880000,2,22806,5703,1,189560000,189560000,8551,2850,5701,2850,0,1,2852,561328

168,3250,1600,4300,6880000,2,26006,6503,1,208440000,208440000,9751,3250,6501,3250,0,1,3252,6592056
168,3250,1600,4300,6880000,2,26006,6503,1,208440000,208440000,9751,3250,6501,3250,0,1,3252,622817
168,3250,1600,4300,6880000,2,26006,6503,1,208440000,208440000,9751,3250,6501,3250,0,1,3252,627724
168,3250,1600,4300,6880000,2,26006,6503,1,208440000,208440000,9751,3250,6501,3250,0,1,3252,628341
168,3250,1600,4300,6880000,2,26006,6503,1,208440000,208440000,9751,3250,6501,3250,0,1,3252,626995
168,3250,1600,4300,6880000,2,26006,6503,1,208440000,208440000,9751,3250,6501,3250,0,1,3252,687580
168,3250,1600,4300,6880000,2,26006,6503,1,208440000,208440000,9751,3250,6501,3250,0,1,3252,682532

168,3650,1600,4300,6880000,2,29206,7303,1,227320000,227320000,10951,3650,7301,3650,0,1,3652,7319943
168,3650,1600,4300,6880000,2,29206,7303,1,227320000,227320000,10951,3650,7301,3650,0,1,3652,661328
168,3650,1600,4300,6880000,2,29206,7303,1,227320000,227320000,10951,3650,7301,3650,0,1,3652,661715
168,3650,1600,4300,6880000,2,29206,7303,1,227320000,227320000,10951,3650,7301,3650,0,1,3652,660759
168,3650,1600,4300,6880000,2,29206,7303,1,227320000,227320000,10951,3650,7301,3650,0,1,3652,660110
168,3650,1600,4300,6880000,2,29206,7303,1,227320000,227320000,10951,3650,7301,3650,0,1,3652,708605
168,3650,1600,4300,6880000,2,29206,7303,1,227320000,227320000,10951,3650,7301,3650,0,1,3652,708087

168,4050,1600,4300,6880000,2,32406,8103,1,246200000,246200000,12151,4050,8101,4050,0,1,4052,8395998
168,4050,1600,4300,6880000,2,32406,8103,1,246200000,246200000,12151,4050,8101,4050,0,1,4052,728242
168,4050,1600,4300,6880000,2,32406,8103,1,246200000,246200000,12151,4050,8101,4050,0,1,4052,717000
168,4050,1600,4300,6880000,2,32406,8103,1,246200000,246200000,12151,4050,8101,4050,0,1,4052,728967
168,4050,1600,4300,6880000,2,32406,8103,1,246200000,246200000,12151,4050,8101,4050,0,1,4052,730893
168,4050,1600,4300,6880000,2,32406,8103,1,246200000,246200000,12151,4050,8101,4050,0,1,4052,781819
168,4050,1600,4300,6880000,2,32406,8103,1,246200000,246200000,12151,4050,8101,4050,0,1,4052,780317

168,4450,1600,4300,6880000,2,35606,8903,1,265080000,265080000,13351,4450,8901,4450,0,1,4452,9014675
168,4450,1600,4300,6880000,2,35606,8903,1,265080000,265080000,13351,4450,8901,4450,0,1,4452,798012
168,4450,1600,4300,6880000,2,35606,8903,1,265080000,265080000,13351,4450,8901,4450,0,1,4452,789570
168,4450,1600,4300,6880000,2,35606,8903,1,265080000,265080000,13351,4450,8901,4450,0,1,4452,776584
168,4450,1600,4300,6880000,2,35606,8903,1,265080000,265080000,13351,4450,8901,4450,0,1,4452,796549
168,4450,1600,4300,6880000,2,35606,8903,1,265080000,265080000,13351,4450,8901,4450,0,1,4452,836745
168,4450,1600,4300,6880000,2,35606,8903,1,265080000,265080000,13351,4450,8901,4450,0,1,4452,836196

168,4850,1600,4300,6880000,2,38806,9703,1,283960000,283960000,14551,4850,9701,4850,0,1,4852,9772496
168,4850,1600,4300,6880000,2,38806,9703,1,283960000,283960000,14551,4850,9701,4850,0,1,4852,847354
168,4850,1600,4300,6880000,2,38806,9703,1,283960000,283960000,14551,4850,9701,4850,0,1,4852,845802
168,4850,1600,4300,6880000,2,38806,9703,1,283960000,283960000,14551,4850,9701,4850,0,1,4852,847901
168,4850,1600,4300,6880000,2,38806,9703,1,283960000,283960000,14551,4850,9701,4850,0,1,4852,848607
168,4850,1600,4300,6880000,2,38806,9703,1,283960000,283960000,14551,4850,9701,4850,0,1,4852,902209
168,4850,1600,4300,6880000,2,38806,9703,1,283960000,283960000,14551,4850,9701,4850,0,1,4852,899840

168,5250,1600,4300,6880000,2,42006,10503,1,302840000,302840000,15751,5250,10501,5250,0,1,5252,10635303
168,5250,1600,4300,6880000,2,42006,10503,1,302840000,302840000,15751,5250,10501,5250,0,1,5252,980328
168,5250,1600,4300,6880000,2,42006,10503,1,302840000,302840000,15751,5250,10501,5250,0,1,5252,973938
168,5250,1600,4300,6880000,2,42006,10503,1,302840000,302840000,15751,5250,10501,5250,0,1,5252,977980
168,5250,1600,4300,6880000,2,42006,10503,1,302840000,302840000,15751,5250,10501,5250,0,1,5252,961827
168,5250,1600,4300,6880000,2,42006,10503,1,302840000,302840000,15751,5250,10501,5250,0,1,5252,1001912
168,5250,1600,4300,6880000,2,42006,10503,1,302840000,302840000,15751,5250,10501,5250,0,1,5252,998726

168,5650,1600,4300,6880000,2,45206,11303,1,321720000,321720000,16951,5650,11301,5650,0,1,5652,11648357
168,5650,1600,4300,6880000,2,45206,11303,1,321720000,321720000,16951,5650,11301,5650,0,1,5652,990178
168,5650,1600,4300,6880000,2,45206,11303,1,321720000,321720000,16951,5650,11301,5650,0,1,5652,985091
168,5650,1600,4300,6880000,2,45206,11303,1,321720000,321720000,16951,5650,11301,5650,0,1,5652,988908
168,5650,1600,4300,6880000,2,45206,11303,1,321720000,321720000,16951,5650,11301,5650,0,1,5652,991837
168,5650,1600,4300,6880000,2,45206,11303,1,321720000,321720000,16951,5650,11301,5650,0,1,5652,1023713
168,5650,1600,4300,6880000,2,45206,11303,1,321720000,321720000,16951,5650,11301,5650,0,1,5652,1023127

168,6050,1600,4300,6880000,2,48406,12103,1,340600000,340600000,18151,6050,12101,6050,0,1,6052,12237211
168,6050,1600,4300,6880000,2,48406,12103,1,340600000,340600000,18151,6050,12101,6050,0,1,6052,1089075
168,6050,1600,4300,6880000,2,48406,12103,1,340600000,340600000,18151,6050,12101,6050,0,1,6052,1088118
168,6050,1600,4300,6880000,2,48406,12103,1,340600000,340600000,18151,6050,12101,6050,0,1,6052,1089871
168,6050,1600,4300,6880000,2,48406,12103,1,340600000,340600000,18151,6050,12101,6050,0,1,6052,1090653
168,6050,1600,4300,6880000,2,48406,12103,1,340600000,340600000,18151,6050,12101,6050,0,1,6052,1093177
168,6050,1600,4300,6880000,2,48406,12103,1,340600000,340600000,18151,6050,12101,6050,0,1,6052,1092573

168,6450,1600,4300,6880000,2,51606,12903,1,359480000,359480000,19351,6450,12901,6450,0,1,6452,13221398
168,6450,1600,4300,6880000,2,51606,12903,1,359480000,359480000,19351,6450,12901,6450,0,1,6452,1223324
168,6450,1600,4300,6880000,2,51606,12903,1,359480000,359480000,19351,6450,12901,6450,0,1,6452,1220699
168,6450,1600,4300,6880000,2,51606,12903,1,359480000,359480000,19351,6450,12901,6450,0,1,6452,1219222
168,6450,1600,4300,6880000,2,51606,12903,1,359480000,359480000,19351,6450,12901,6450,0,1,6452,1217458
168,6450,1600,4300,6880000,2,51606,12903,1,359480000,359480000,19351,6450,12901,6450,0,1,6452,1224345
168,6450,1600,4300,6880000,2,51606,12903,1,359480000,359480000,19351,6450,12901,6450,0,1,6452,1223723

168,6850,1600,4300,6880000,2,54806,13703,1,378360000,378360000,20551,6850,13701,6850,0,1,6852,14196450
168,6850,1600,4300,6880000,2,54806,13703,1,378360000,378360000,20551,6850,13701,6850,0,1,6852,1206947
168,6850,1600,4300,6880000,2,54806,13703,1,378360000,378360000,20551,6850,13701,6850,0,1,6852,1208266
168,6850,1600,4300,6880000,2,54806,13703,1,378360000,378360000,20551,6850,13701,6850,0,1,6852,1210140
168,6850,1600,4300,6880000,2,54806,13703,1,378360000,378360000,20551,6850,13701,6850,0,1,6852,1202823
168,6850,1600,4300,6880000,2,54806,13703,1,378360000,378360000,20551,6850,13701,6850,0,1,6852,1226803
168,6850,1600,4300,6880000,2,54806,13703,1,378360000,378360000,20551,6850,13701,6850,0,1,6852,1226013

168,50,1600,3900,6240000,2,406,103,1,52120000,52120000,151,50,101,50,0,1,52,74980
168,50,1600,3900,6240000,2,406,103,1,52120000,52120000,151,50,101,50,0,1,52,71313
168,50,1600,3900,6240000,2,406,103,1,52120000,52120000,151,50,101,50,0,1,52,70693
168,50,1600,3900,6240000,2,406,103,1,52120000,52120000,151,50,101,50,0,1,52,66343
168,50,1600,3900,6240000,2,406,103,1,52120000,52120000,151,50,101,50,0,1,52,61152
168,50,1600,3900,6240000,2,406,103,1,52120000,52120000,151,50,101,50,0,1,52,86731
168,50,1600,3900,6240000,2,406,103,1,52120000,52120000,151,50,101,50,0,1,52,87371

168,450,1600,3900,6240000,2,3606,903,1,69720000,69720000,1351,450,901,450,0,1,452,685975
168,450,1600,3900,6240000,2,3606,903,1,69720000,69720000,1351,450,901,450,0,1,452,129713
168,450,1600,3900,6240000,2,3606,903,1,69720000,69720000,1351,450,901,450,0,1,452,130624
168,450,1600,3900,6240000,2,3606,903,1,69720000,69720000,1351,450,901,450,0,1,452,135428
168,450,1600,3900,6240000,2,3606,903,1,69720000,69720000,1351,450,901,450,0,1,452,135934
168,450,1600,3900,6240000,2,3606,903,1,69720000,69720000,1351,450,901,450,0,1,452,151101
168,450,1600,3900,6240000,2,3606,903,1,69720000,69720000,1351,450,901,450,0,1,452,150590

168,850,1600,3900,6240000,2,6806,1703,1,87320000,87320000,2551,850,1701,850,0,1,852,1486598
168,850,1600,3900,6240000,2,6806,1703,1,87320000,87320000,2551,850,1701,850,0,1,852,182510
168,850,1600,3900,6240000,2,6806,1703,1,87320000,87320000,2551,850,1701,850,0,1,852,184104
168,850,1600,3900,6240000,2,6806,1703,1,87320000,87320000,2551,850,1701,850,0,1,852,168434
168,850,1600,3900,6240000,2,6806,1703,1,87320000,87320000,2551,850,1701,850,0,1,852,183591
168,850,1600,3900,6240000,2,6806,1703,1,87320000,87320000,2551,850,1701,850,0,1,852,204431
168,850,1600,3900,6240000,2,6806,1703,1,87320000,87320000,2551,850,1701,850,0,1,852,204840

168,1250,1600,3900,6240000,2,10006,2503,1,104920000,104920000,3751,1250,2501,1250,0,1,1252,2281225
168,1250,1600,3900,6240000,2,10006,2503,1,104920000,104920000,3751,1250,2501,1250,0,1,1252,261631
168,1250,1600,3900,6240000,2,10006,2503,1,104920000,104920000,3751,1250,2501,1250,0,1,1252,261263
168,1250,1600,3900,6240000,2,10006,2503,1,104920000,104920000,3751,1250,2501,1250,0,1,1252,260056
168,1250,1600,3900,6240000,2,10006,2503,1,104920000,104920000,3751,1250,2501,1250,0,1,1252,247296
168,1250,1600,3900,6240000,2,10006,2503,1,104920000,104920000,3751,1250,2501,1250,0,1,1252,262067
168,1250,1600,3900,6240000,2,10006,2503,1,104920000,104920000,3751,1250,2501,1250,0,1,1252,262501

168,1650,1600,3900,6240000,2,13206,3303,1,122520000,122520000,4951,1650,3301,1650,0,1,1652,2923033
168,1650,1600,3900,6240000,2,13206,3303,1,122520000,122520000,4951,1650,3301,1650,0,1,1652,326999
168,1650,1600,3900,6240000,2,13206,3303,1,122520000,122520000,4951,1650,3301,1650,0,1,1652,328878
168,1650,1600,3900,6240000,2,13206,3303,1,122520000,122520000,4951,1650,3301,1650,0,1,1652,329746
168,1650,1600,3900,6240000,2,13206,3303,1,122520000,122520000,4951,1650,3301,1650,0,1,1652,330040
168,1650,1600,3900,6240000,2,13206,3303,1,122520000,122520000,4951,1650,3301,1650,0,1,1652,329495
168,1650,1600,3900,6240000,2,13206,3303,1,122520000,122520000,4951,1650,3301,1650,0,1,1652,329269

168,2050,1600,3900,6240000,2,16406,4103,1,140120000,140120000,6151,2050,4101,2050,0,1,2052,3730955
168,2050,1600,3900,6240000,2,16406,4103,1,140120000,140120000,6151,2050,4101,2050,0,1,2052,374444
168,2050,1600,3900,6240000,2,16406,4103,1,140120000,140120000,6151,2050,4101,2050,0,1,2052,376651
168,2050,1600,3900,6240000,2,16406,4103,1,140120000,140120000,6151,2050,4101,2050,0,1,2052,378580
168,2050,1600,3900,6240000,2,16406,4103,1,140120000,140120000,6151,2050,4101,2050,0,1,2052,377482
168,2050,1600,3900,6240000,2,16406,4103,1,140120000,140120000,6151,2050,4101,2050,0,1,2052,383005
168,2050,1600,3900,6240000,2,16406,4103,1,140120000,140120000,6151,2050,4101,2050,0,1,2052,382549

168,2450,1600,3900,6240000,2,19606,4903,1,157720000,157720000,7351,2450,4901,2450,0,1,2452,4746323
168,2450,1600,3900,6240000,2,19606,4903,1,157720000,157720000,7351,2450,4901,2450,0,1,2452,422082
168,2450,1600,3900,6240000,2,19606,4903,1,157720000,157720000,7351,2450,4901,2450,0,1,2452,422396
168,2450,1600,3900,6240000,2,19606,4903,1,157720000,157720000,7351,2450,4901,2450,0,1,2452,421579
168,2450,1600,3900,6240000,2,19606,4903,1,157720000,157720000,7351,2450,4901,2450,0,1,2452,420637
168,2450,1600,3900,6240000,2,19606,4903,1,157720000,157720000,7351,2450,4901,2450,0,1,2452,465032
168,2450,1600,3900,6240000,2,19606,4903,1,157720000,157720000,7351,2450,4901,2450,0,1,2452,464568

168,2850,1600,3900,6240000,2,22806,5703,1,175320000,175320000,8551,2850,5701,2850,0,1,2852,5377166
168,2850,1600,3900,6240000,2,22806,5703,1,175320000,175320000,8551,2850,5701,2850,0,1,2852,477151
168,2850,1600,3900,6240000,2,22806,5703,1,175320000,175320000,8551,2850,5701,2850,0,1,2852,475952
168,2850,1600,3900,6240000,2,22806,5703,1,175320000,175320000,8551,2850,5701,2850,0,1,2852,477502
168,2850,1600,3900,6240000,2,22806,5703,1,175320000,175320000,8551,2850,5701,2850,0,1,2852,476561
168,2850,1600,3900,6240000,2,22806,5703,1,175320000,175320000,8551,2850,5701,2850,0,1,2852,549591
168,2850,1600,3900,6240000,2,22806,5703,1,175320000,175320000,8551,2850,5701,2850,0,1,2852,549113

168,3250,1600,3900,6240000,2,26006,6503,1,192920000,192920000,9751,3250,6501,3250,0,1,3252,6055814
168,3250,1600,3900,6240000,2,26006,6503,1,192920000,192920000,9751,3250,6501,3250,0,1,3252,564620
168,3250,1600,3900,6240000,2,26006,6503,1,192920000,192920000,9751,3250,6501,3250,0,1,3252,571369
168,3250,1600,3900,6240000,2,26006,6503,1,192920000,192920000,9751,3250,6501,3250,0,1,3252,570764
168,3250,1600,3900,6240000,2,26006,6503,1,192920000,192920000,9751,3250,6501,3250,0,1,3252,562183
168,3250,1600,3900,6240000,2,26006,6503,1,192920000,192920000,9751,3250,6501,3250,0,1,3252,613847
168,3250,1600,3900,6240000,2,26006,6503,1,192920000,192920000,9751,3250,6501,3250,0,1,3252,611544

168,3650,1600,3900,6240000,2,29206,7303,1,210520000,210520000,10951,3650,7301,3650,0,1,3652,6557649
168,3650,1600,3900,6240000,2,29206,7303,1,210520000,210520000,10951,3650,7301,3650,0,1,3652,625137
168,3650,1600,3900,6240000,2,29206,7303,1,210520000,210520000,10951,3650,7301,3650,0,1,3652,623791
168,3650,1600,3900,6240000,2,29206,7303,1,210520000,210520000,10951,3650,7301,3650,0,1,3652,625630
168,3650,1600,3900,6240000,2,29206,7303,1,210520000,210520000,10951,3650,7301,3650,0,1,3652,626278
168,3650,1600,3900,6240000,2,29206,7303,1,210520000,210520000,10951,3650,7301,3650,0,1,3652,670157
168,3650,1600,3900,6240000,2,29206,7303,1,210520000,210520000,10951,3650,7301,3650,0,1,3652,670668

168,4050,1600,3900,6240000,2,32406,8103,1,228120000,228120000,12151,4050,8101,4050,0,1,4052,7338235
168,4050,1600,3900,6240000,2,32406,8103,1,228120000,228120000,12151,4050,8101,4050,0,1,4052,663943
168,4050,1600,3900,6240000,2,32406,8103,1,228120000,228120000,12151,4050,8101,4050,0,1,4052,662288
168,4050,1600,3900,6240000,2,32406,8103,1,228120000,228120000,12151,4050,8101,4050,0,1,4052,662949
168,4050,1600,3900,6240000,2,32406,8103,1,228120000,228120000,12151,4050,8101,4050,0,1,4052,663534
168,4050,1600,3900,6240000,2,32406,8103,1,228120000,228120000,12151,4050,8101,4050,0,1,4052,716047
168,4050,1600,3900,6240000,2,32406,8103,1,228120000,228120000,12151,4050,8101,4050,0,1,4052,715360

168,4450,1600,3900,6240000,2,35606,8903,1,245720000,245720000,13351,4450,8901,4450,0,1,4452,8627997
168,4450,1600,3900,6240000,2,35606,8903,1,245720000,245720000,13351,4450,8901,4450,0,1,4452,712372
168,4450,1600,3900,6240000,2,35606,8903,1,245720000,245720000,13351,4450,8901,4450,0,1,4452,714099
168,4450,1600,3900,6240000,2,35606,8903,1,245720000,245720000,13351,4450,8901,4450,0,1,4452,714716
168,4450,1600,3900,6240000,2,35606,8903,1,245720000,245720000,13351,4450,8901,4450,0,1,4452,715155
168,4450,1600,3900,6240000,2,35606,8903,1,245720000,245720000,13351,4450,8901,4450,0,1,4452,779965
168,4450,1600,3900,6240000,2,35606,8903,1,245720000,245720000,13351,4450,8901,4450,0,1,4452,779424

168,4850,1600,3900,6240000,2,38806,9703,1,263320000,263320000,14551,4850,9701,4850,0,1,4852,9222228
168,4850,1600,3900,6240000,2,38806,9703,1,263320000,263320000,14551,4850,9701,4850,0,1,4852,779797
168,4850,1600,3900,6240000,2,38806,9703,1,263320000,263320000,14551,4850,9701,4850,0,1,4852,780415
168,4850,1600,3900,6240000,2,38806,9703,1,263320000,263320000,14551,4850,9701,4850,0,1,4852,780873
168,4850,1600,3900,6240000,2,38806,9703,1,263320000,263320000,14551,4850,9701,4850,0,1,4852,778010
168,4850,1600,3900,6240000,2,38806,9703,1,263320000,263320000,14551,4850,9701,4850,0,1,4852,831197
168,4850,1600,3900,6240000,2,38806,9703,1,263320000,263320000,14551,4850,9701,4850,0,1,4852,831750

168,5250,1600,3900,6240000,2,42006,10503,1,280920000,280920000,15751,5250,10501,5250,0,1,5252,10125788
168,5250,1600,3900,6240000,2,42006,10503,1,280920000,280920000,15751,5250,10501,5250,0,1,5252,836153
168,5250,1600,3900,6240000,2,42006,10503,1,280920000,280920000,15751,5250,10501,5250,0,1,5252,869061
168,5250,1600,3900,6240000,2,42006,10503,1,280920000,280920000,15751,5250,10501,5250,0,1,5252,866845
168,5250,1600,3900,6240000,2,42006,10503,1,280920000,280920000,15751,5250,10501,5250,0,1,5252,862606
168,5250,1600,3900,6240000,2,42006,10503,1,280920000,280920000,15751,5250,10501,5250,0,1,5252,918050
168,5250,1600,3900,6240000,2,42006,10503,1,280920000,280920000,15751,5250,10501,5250,0,1,5252,916420

168,5650,1600,3900,6240000,2,45206,11303,1,298520000,298520000,16951,5650,11301,5650,0,1,5652,11145103
168,5650,1600,3900,6240000,2,45206,11303,1,298520000,298520000,16951,5650,11301,5650,0,1,5652,918873
168,5650,1600,3900,6240000,2,45206,11303,1,298520000,298520000,16951,5650,11301,5650,0,1,5652,912111
168,5650,1600,3900,6240000,2,45206,11303,1,298520000,298520000,16951,5650,11301,5650,0,1,5652,910019
168,5650,1600,3900,6240000,2,45206,11303,1,298520000,298520000,16951,5650,11301,5650,0,1,5652,914223
168,5650,1600,3900,6240000,2,45206,11303,1,298520000,298520000,16951,5650,11301,5650,0,1,5652,947797
168,5650,1600,3900,6240000,2,45206,11303,1,298520000,298520000,16951,5650,11301,5650,0,1,5652,947210

168,6050,1600,3900,6240000,2,48406,12103,1,316120000,316120000,18151,6050,12101,6050,0,1,6052,11898785
168,6050,1600,3900,6240000,2,48406,12103,1,316120000,316120000,18151,6050,12101,6050,0,1,6052,952168
168,6050,1600,3900,6240000,2,48406,12103,1,316120000,316120000,18151,6050,12101,6050,0,1,6052,949885
168,6050,1600,3900,6240000,2,48406,12103,1,316120000,316120000,18151,6050,12101,6050,0,1,6052,949107
168,6050,1600,3900,6240000,2,48406,12103,1,316120000,316120000,18151,6050,12101,6050,0,1,6052,951111
168,6050,1600,3900,6240000,2,48406,12103,1,316120000,316120000,18151,6050,12101,6050,0,1,6052,999955
168,6050,1600,3900,6240000,2,48406,12103,1,316120000,316120000,18151,6050,12101,6050,0,1,6052,999344

168,6450,1600,3900,6240000,2,51606,12903,1,333720000,333720000,19351,6450,12901,6450,0,1,6452,11976112
168,6450,1600,3900,6240000,2,51606,12903,1,333720000,333720000,19351,6450,12901,6450,0,1,6452,1035123
168,6450,1600,3900,6240000,2,51606,12903,1,333720000,333720000,19351,6450,12901,6450,0,1,6452,1014001
168,6450,1600,3900,6240000,2,51606,12903,1,333720000,333720000,19351,6450,12901,6450,0,1,6452,1036251
168,6450,1600,3900,6240000,2,51606,12903,1,333720000,333720000,19351,6450,12901,6450,0,1,6452,1033725
168,6450,1600,3900,6240000,2,51606,12903,1,333720000,333720000,19351,6450,12901,6450,0,1,6452,1053826
168,6450,1600,3900,6240000,2,51606,12903,1,333720000,333720000,19351,6450,12901,6450,0,1,6452,1053211

168,6850,1600,3900,6240000,2,54806,13703,1,351320000,351320000,20551,6850,13701,6850,0,1,6852,12711984
168,6850,1600,3900,6240000,2,54806,13703,1,351320000,351320000,20551,6850,13701,6850,0,1,6852,1157131
168,6850,1600,3900,6240000,2,54806,13703,1,351320000,351320000,20551,6850,13701,6850,0,1,6852,1154784
168,6850,1600,3900,6240000,2,54806,13703,1,351320000,351320000,20551,6850,13701,6850,0,1,6852,1150987
168,6850,1600,3900,6240000,2,54806,13703,1,351320000,351320000,20551,6850,13701,6850,0,1,6852,1134141
168,6850,1600,3900,6240000,2,54806,13703,1,351320000,351320000,20551,6850,13701,6850,0,1,6852,1165901
168,6850,1600,3900,6240000,2,54806,13703,1,351320000,351320000,20551,6850,13701,6850,0,1,6852,1165268

168,50,1600,3500,5600000,2,406,103,1,46840000,46840000,151,50,101,50,0,1,52,65505
168,50,1600,3500,5600000,2,406,103,1,46840000,46840000,151,50,101,50,0,1,52,58362
168,50,1600,3500,5600000,2,406,103,1,46840000,46840000,151,50,101,50,0,1,52,57871
168,50,1600,3500,5600000,2,406,103,1,46840000,46840000,151,50,101,50,0,1,52,56743
168,50,1600,3500,5600000,2,406,103,1,46840000,46840000,151,50,101,50,0,1,52,50005
168,50,1600,3500,5600000,2,406,103,1,46840000,46840000,151,50,101,50,0,1,52,71211
168,50,1600,3500,5600000,2,406,103,1,46840000,46840000,151,50,101,50,0,1,52,74680

168,450,1600,3500,5600000,2,3606,903,1,63160000,63160000,1351,450,901,450,0,1,452,654175
168,450,1600,3500,5600000,2,3606,903,1,63160000,63160000,1351,450,901,450,0,1,452,111391
168,450,1600,3500,5600000,2,3606,903,1,63160000,63160000,1351,450,901,450,0,1,452,112703
168,450,1600,3500,5600000,2,3606,903,1,63160000,63160000,1351,450,901,450,0,1,452,113373
168,450,1600,3500,5600000,2,3606,903,1,63160000,63160000,1351,450,901,450,0,1,452,113147
168,450,1600,3500,5600000,2,3606,903,1,63160000,63160000,1351,450,901,450,0,1,452,132626
168,450,1600,3500,5600000,2,3606,903,1,63160000,63160000,1351,450,901,450,0,1,452,132115

168,850,1600,3500,5600000,2,6806,1703,1,79480000,79480000,2551,850,1701,850,0,1,852,1332065
168,850,1600,3500,5600000,2,6806,1703,1,79480000,79480000,2551,850,1701,850,0,1,852,169580
168,850,1600,3500,5600000,2,6806,1703,1,79480000,79480000,2551,850,1701,850,0,1,852,170201
168,850,1600,3500,5600000,2,6806,1703,1,79480000,79480000,2551,850,1701,850,0,1,852,159857
168,850,1600,3500,5600000,2,6806,1703,1,79480000,79480000,2551,850,1701,850,0,1,852,170727
168,850,1600,3500,5600000,2,6806,1703,1,79480000,79480000,2551,850,1701,850,0,1,852,191342
168,850,1600,3500,5600000,2,6806,1703,1,79480000,79480000,2551,850,1701,850,0,1,852,191886

168,1250,1600,3500,5600000,2,10006,2503,1,95800000,95800000,3751,1250,2501,1250,0,1,1252,2020400
168,1250,1600,3500,5600000,2,10006,2503,1,95800000,95800000,3751,1250,2501,1250,0,1,1252,239665
168,1250,1600,3500,5600000,2,10006,2503,1,95800000,95800000,3751,1250,2501,1250,0,1,1252,237175
168,1250,1600,3500,5600000,2,10006,2503,1,95800000,95800000,3751,1250,2501,1250,0,1,1252,239251
168,1250,1600,3500,5600000,2,10006,2503,1,95800000,95800000,3751,1250,2501,1250,0,1,1252,238449
168,1250,1600,3500,5600000,2,10006,2503,1,95800000,95800000,3751,1250,2501,1250,0,1,1252,240029
168,1250,1600,3500,5600000,2,10006,2503,1,95800000,95800000,3751,1250,2501,1250,0,1,1252,239825

168,1650,1600,3500,5600000,2,13206,3303,1,112120000,112120000,4951,1650,3301,1650,0,1,1652,2868930
168,1650,1600,3500,5600000,2,13206,3303,1,112120000,112120000,4951,1650,3301,1650,0,1,1652,294711
168,1650,1600,3500,5600000,2,13206,3303,1,112120000,112120000,4951,1650,3301,1650,0,1,1652,295533
168,1650,1600,3500,5600000,2,13206,3303,1,112120000,112120000,4951,1650,3301,1650,0,1,1652,295979
168,1650,1600,3500,5600000,2,13206,3303,1,112120000,112120000,4951,1650,3301,1650,0,1,1652,293107
168,1650,1600,3500,5600000,2,13206,3303,1,112120000,112120000,4951,1650,3301,1650,0,1,1652,296377
168,1650,1600,3500,5600000,2,13206,3303,1,112120000,112120000,4951,1650,3301,1650,0,1,1652,296154

168,2050,1600,3500,5600000,2,16406,4103,1,128440000,128440000,6151,2050,4101,2050,0,1,2052,3342789
168,2050,1600,3500,5600000,2,16406,4103,1,128440000,128440000,6151,2050,4101,2050,0,1,2052,326909
168,2050,1600,3500,5600000,2,16406,4103,1,128440000,128440000,6151,2050,4101,2050,0,1,2052,327207
168,2050,1600,3500,5600000,2,16406,4103,1,128440000,128440000,6151,2050,4101,2050,0,1,2052,326638
168,2050,1600,3500,5600000,2,16406,4103,1,128440000,128440000,6151,2050,4101,2050,0,1,2052,326194
168,2050,1600,3500,5600000,2,16406,4103,1,128440000,128440000,6151,2050,4101,2050,0,1,2052,354481
168,2050,1600,3500,5600000,2,16406,4103,1,128440000,128440000,6151,2050,4101,2050,0,1,2052,354935

168,2450,1600,3500,5600000,2,19606,4903,1,144760000,144760000,7351,2450,4901,2450,0,1,2452,3976216
168,2450,1600,3500,5600000,2,19606,4903,1,144760000,144760000,7351,2450,4901,2450,0,1,2452,388954
168,2450,1600,3500,5600000,2,19606,4903,1,144760000,144760000,7351,2450,4901,2450,0,1,2452,387246
168,2450,1600,3500,5600000,2,19606,4903,1,144760000,144760000,7351,2450,4901,2450,0,1,2452,386000
168,2450,1600,3500,5600000,2,19606,4903,1,144760000,144760000,7351,2450,4901,2450,0,1,2452,388270
168,2450,1600,3500,5600000,2,19606,4903,1,144760000,144760000,7351,2450,4901,2450,0,1,2452,399828
168,2450,1600,3500,5600000,2,19606,4903,1,144760000,144760000,7351,2450,4901,2450,0,1,2452,399362

168,2850,1600,3500,5600000,2,22806,5703,1,161080000,161080000,8551,2850,5701,2850,0,1,2852,4819966
168,2850,1600,3500,5600000,2,22806,5703,1,161080000,161080000,8551,2850,5701,2850,0,1,2852,436250
168,2850,1600,3500,5600000,2,22806,5703,1,161080000,161080000,8551,2850,5701,2850,0,1,2852,434752
168,2850,1600,3500,5600000,2,22806,5703,1,161080000,161080000,8551,2850,5701,2850,0,1,2852,435715
168,2850,1600,3500,5600000,2,22806,5703,1,161080000,161080000,8551,2850,5701,2850,0,1,2852,436603
168,2850,1600,3500,5600000,2,22806,5703,1,161080000,161080000,8551,2850,5701,2850,0,1,2852,513183
168,2850,1600,3500,5600000,2,22806,5703,1,161080000,161080000,8551,2850,5701,2850,0,1,2852,513661

168,3250,1600,3500,5600000,2,26006,6503,1,177400000,177400000,9751,3250,6501,3250,0,1,3252,5427025
168,3250,1600,3500,5600000,2,26006,6503,1,177400000,177400000,9751,3250,6501,3250,0,1,3252,531867
168,3250,1600,3500,5600000,2,26006,6503,1,177400000,177400000,9751,3250,6501,3250,0,1,3252,533732
168,3250,1600,3500,5600000,2,26006,6503,1,177400000,177400000,9751,3250,6501,3250,0,1,3252,534550
168,3250,1600,3500,5600000,2,26006,6503,1,177400000,177400000,9751,3250,6501,3250,0,1,3252,533056
168,3250,1600,3500,5600000,2,26006,6503,1,177400000,177400000,9751,3250,6501,3250,0,1,3252,549655
168,3250,1600,3500,5600000,2,26006,6503,1,177400000,177400000,9751,3250,6501,3250,0,1,3252,548203

168,3650,1600,3500,5600000,2,29206,7303,1,193720000,193720000,10951,3650,7301,3650,0,1,3652,5868606
168,3650,1600,3500,5600000,2,29206,7303,1,193720000,193720000,10951,3650,7301,3650,0,1,3652,546416
168,3650,1600,3500,5600000,2,29206,7303,1,193720000,193720000,10951,3650,7301,3650,0,1,3652,546805
168,3650,1600,3500,5600000,2,29206,7303,1,193720000,193720000,10951,3650,7301,3650,0,1,3652,545208
168,3650,1600,3500,5600000,2,29206,7303,1,193720000,193720000,10951,3650,7301,3650,0,1,3652,545850
168,3650,1600,3500,5600000,2,29206,7303,1,193720000,193720000,10951,3650,7301,3650,0,1,3652,595178
168,3650,1600,3500,5600000,2,29206,7303,1,193720000,193720000,10951,3650,7301,3650,0,1,3652,594668

168,4050,1600,3500,5600000,2,32406,8103,1,210040000,210040000,12151,4050,8101,4050,0,1,4052,6910512
168,4050,1600,3500,5600000,2,32406,8103,1,210040000,210040000,12151,4050,8101,4050,0,1,4052,597379
168,4050,1600,3500,5600000,2,32406,8103,1,210040000,210040000,12151,4050,8101,4050,0,1,4052,623003
168,4050,1600,3500,5600000,2,32406,8103,1,210040000,210040000,12151,4050,8101,4050,0,1,4052,620145
168,4050,1600,3500,5600000,2,32406,8103,1,210040000,210040000,12151,4050,8101,4050,0,1,4052,615789
168,4050,1600,3500,5600000,2,32406,8103,1,210040000,210040000,12151,4050,8101,4050,0,1,4052,691182
168,4050,1600,3500,5600000,2,32406,8103,1,210040000,210040000,12151,4050,8101,4050,0,1,4052,690660

168,4450,1600,3500,5600000,2,35606,8903,1,226360000,226360000,13351,4450,8901,4450,0,1,4452,7517839
168,4450,1600,3500,5600000,2,35606,8903,1,226360000,226360000,13351,4450,8901,4450,0,1,4452,704936
168,4450,1600,3500,5600000,2,35606,8903,1,226360000,226360000,13351,4450,8901,4450,0,1,4452,691049
168,4450,1600,3500,5600000,2,35606,8903,1,226360000,226360000,13351,4450,8901,4450,0,1,4452,700820
168,4450,1600,3500,5600000,2,35606,8903,1,226360000,226360000,13351,4450,8901,4450,0,1,4452,699274
168,4450,1600,3500,5600000,2,35606,8903,1,226360000,226360000,13351,4450,8901,4450,0,1,4452,727745
168,4450,1600,3500,5600000,2,35606,8903,1,226360000,226360000,13351,4450,8901,4450,0,1,4452,727196

168,4850,1600,3500,5600000,2,38806,9703,1,242680000,242680000,14551,4850,9701,4850,0,1,4852,7800347
168,4850,1600,3500,5600000,2,38806,9703,1,242680000,242680000,14551,4850,9701,4850,0,1,4852,705381
168,4850,1600,3500,5600000,2,38806,9703,1,242680000,242680000,14551,4850,9701,4850,0,1,4852,703917
168,4850,1600,3500,5600000,2,38806,9703,1,242680000,242680000,14551,4850,9701,4850,0,1,4852,705929
168,4850,1600,3500,5600000,2,38806,9703,1,242680000,242680000,14551,4850,9701,4850,0,1,4852,706642
168,4850,1600,3500,5600000,2,38806,9703,1,242680000,242680000,14551,4850,9701,4850,0,1,4852,761733
168,4850,1600,3500,5600000,2,38806,9703,1,242680000,242680000,14551,4850,9701,4850,0,1,4852,761179

168,5250,1600,3500,5600000,2,42006,10503,1,259000000,259000000,15751,5250,10501,5250,0,1,5252,8476612
168,5250,1600,3500,5600000,2,42006,10503,1,259000000,259000000,15751,5250,10501,5250,0,1,5252,756572
168,5250,1600,3500,5600000,2,42006,10503,1,259000000,259000000,15751,5250,10501,5250,0,1,5252,754717
168,5250,1600,3500,5600000,2,42006,10503,1,259000000,259000000,15751,5250,10501,5250,0,1,5252,756085
168,5250,1600,3500,5600000,2,42006,10503,1,259000000,259000000,15751,5250,10501,5250,0,1,5252,755432
168,5250,1600,3500,5600000,2,42006,10503,1,259000000,259000000,15751,5250,10501,5250,0,1,5252,812676
168,5250,1600,3500,5600000,2,42006,10503,1,259000000,259000000,15751,5250,10501,5250,0,1,5252,812105

168,5650,1600,3500,5600000,2,45206,11303,1,275320000,275320000,16951,5650,11301,5650,0,1,5652,10034464
168,5650,1600,3500,5600000,2,45206,11303,1,275320000,275320000,16951,5650,11301,5650,0,1,5652,807089
168,5650,1600,3500,5600000,2,45206,11303,1,275320000,275320000,16951,5650,11301,5650,0,1,5652,802231
168,5650,1600,3500,5600000,2,45206,11303,1,275320000,275320000,16951,5650,11301,5650,0,1,5652,805905
168,5650,1600,3500,5600000,2,45206,11303,1,275320000,275320000,16951,5650,11301,5650,0,1,5652,806610
168,5650,1600,3500,5600000,2,45206,11303,1,275320000,275320000,16951,5650,11301,5650,0,1,5652,863843
168,5650,1600,3500,5600000,2,45206,11303,1,275320000,275320000,16951,5650,11301,5650,0,1,5652,862235

168,6050,1600,3500,5600000,2,48406,12103,1,291640000,291640000,18151,6050,12101,6050,0,1,6052,10224175
168,6050,1600,3500,5600000,2,48406,12103,1,291640000,291640000,18151,6050,12101,6050,0,1,6052,870847
168,6050,1600,3500,5600000,2,48406,12103,1,291640000,291640000,18151,6050,12101,6050,0,1,6052,884737
168,6050,1600,3500,5600000,2,48406,12103,1,291640000,291640000,18151,6050,12101,6050,0,1,6052,891021
168,6050,1600,3500,5600000,2,48406,12103,1,291640000,291640000,18151,6050,12101,6050,0,1,6052,888796
168,6050,1600,3500,5600000,2,48406,12103,1,291640000,291640000,18151,6050,12101,6050,0,1,6052,942452
168,6050,1600,3500,5600000,2,48406,12103,1,291640000,291640000,18151,6050,12101,6050,0,1,6052,940782

168,6450,1600,3500,5600000,2,51606,12903,1,307960000,307960000,19351,6450,12901,6450,0,1,6452,10462819
168,6450,1600,3500,5600000,2,51606,12903,1,307960000,307960000,19351,6450,12901,6450,0,1,6452,941593
168,6450,1600,3500,5600000,2,51606,12903,1,307960000,307960000,19351,6450,12901,6450,0,1,6452,934610
168,6450,1600,3500,5600000,2,51606,12903,1,307960000,307960000,19351,6450,12901,6450,0,1,6452,930727
168,6450,1600,3500,5600000,2,51606,12903,1,307960000,307960000,19351,6450,12901,6450,0,1,6452,936732
168,6450,1600,3500,5600000,2,51606,12903,1,307960000,307960000,19351,6450,12901,6450,0,1,6452,968852
168,6450,1600,3500,5600000,2,51606,12903,1,307960000,307960000,19351,6450,12901,6450,0,1,6452,969649

168,6850,1600,3500,5600000,2,54806,13703,1,324280000,324280000,20551,6850,13701,6850,0,1,6852,11317605
168,6850,1600,3500,5600000,2,54806,13703,1,324280000,324280000,20551,6850,13701,6850,0,1,6852,998567
168,6850,1600,3500,5600000,2,54806,13703,1,324280000,324280000,20551,6850,13701,6850,0,1,6852,986113
168,6850,1600,3500,5600000,2,54806,13703,1,324280000,324280000,20551,6850,13701,6850,0,1,6852,999955
168,6850,1600,3500,5600000,2,54806,13703,1,324280000,324280000,20551,6850,13701,6850,0,1,6852,997057
168,6850,1600,3500,5600000,2,54806,13703,1,324280000,324280000,20551,6850,13701,6850,0,1,6852,1014453
168,6850,1600,3500,5600000,2,54806,13703,1,324280000,324280000,20551,6850,13701,6850,0,1,6852,1012699

168,50,1600,3100,4960000,2,406,103,1,41560000,41560000,151,50,101,50,0,1,52,59996
168,50,1600,3100,4960000,2,406,103,1,41560000,41560000,151,50,101,50,0,1,52,48928
168,50,1600,3100,4960000,2,406,103,1,41560000,41560000,151,50,101,50,0,1,52,44869
168,50,1600,3100,4960000,2,406,103,1,41560000,41560000,151,50,101,50,0,1,52,48396
168,50,1600,3100,4960000,2,406,103,1,41560000,41560000,151,50,101,50,0,1,52,50545
168,50,1600,3100,4960000,2,406,103,1,41560000,41560000,151,50,101,50,0,1,52,65245
168,50,1600,3100,4960000,2,406,103,1,41560000,41560000,151,50,101,50,0,1,52,64753

168,450,1600,3100,4960000,2,3606,903,1,56600000,56600000,1351,450,901,450,0,1,452,531529
168,450,1600,3100,4960000,2,3606,903,1,56600000,56600000,1351,450,901,450,0,1,452,100235
168,450,1600,3100,4960000,2,3606,903,1,56600000,56600000,1351,450,901,450,0,1,452,99744
168,450,1600,3100,4960000,2,3606,903,1,56600000,56600000,1351,450,901,450,0,1,452,98139
168,450,1600,3100,4960000,2,3606,903,1,56600000,56600000,1351,450,901,450,0,1,452,98983
168,450,1600,3100,4960000,2,3606,903,1,56600000,56600000,1351,450,901,450,0,1,452,117584
168,450,1600,3100,4960000,2,3606,903,1,56600000,56600000,1351,450,901,450,0,1,452,117073

168,850,1600,3100,4960000,2,6806,1703,1,71640000,71640000,2551,850,1701,850,0,1,852,1091200
168,850,1600,3100,4960000,2,6806,1703,1,71640000,71640000,2551,850,1701,850,0,1,852,157518
168,850,1600,3100,4960000,2,6806,1703,1,71640000,71640000,2551,850,1701,850,0,1,852,154433
168,850,1600,3100,4960000,2,6806,1703,1,71640000,71640000,2551,850,1701,850,0,1,852,158458
168,850,1600,3100,4960000,2,6806,1703,1,71640000,71640000,2551,850,1701,850,0,1,852,157916
168,850,1600,3100,4960000,2,6806,1703,1,71640000,71640000,2551,850,1701,850,0,1,852,170286
168,850,1600,3100,4960000,2,6806,1703,1,71640000,71640000,2551,850,1701,850,0,1,852,172904

168,1250,1600,3100,4960000,2,10006,2503,1,86680000,86680000,3751,1250,2501,1250,0,1,1252,1712146
168,1250,1600,3100,4960000,2,10006,2503,1,86680000,86680000,3751,1250,2501,1250,0,1,1252,213247
168,1250,1600,3100,4960000,2,10006,2503,1,86680000,86680000,3751,1250,2501,1250,0,1,1252,211266
168,1250,1600,3100,4960000,2,10006,2503,1,86680000,86680000,3751,1250,2501,1250,0,1,1252,212892
168,1250,1600,3100,4960000,2,10006,2503,1,86680000,86680000,3751,1250,2501,1250,0,1,1252,209996
168,1250,1600,3100,4960000,2,10006,2503,1,86680000,86680000,3751,1250,2501,1250,0,1,1252,215018
168,1250,1600,3100,4960000,2,10006,2503,1,86680000,86680000,3751,1250,2501,1250,0,1,1252,214593

168,1650,1600,3100,4960000,2,13206,3303,1,101720000,101720000,4951,1650,3301,1650,0,1,1652,2318875
168,1650,1600,3100,4960000,2,13206,3303,1,101720000,101720000,4951,1650,3301,1650,0,1,1652,255562
168,1650,1600,3100,4960000,2,13206,3303,1,101720000,101720000,4951,1650,3301,1650,0,1,1652,254306
168,1650,1600,3100,4960000,2,13206,3303,1,101720000,101720000,4951,1650,3301,1650,0,1,1652,252454
168,1650,1600,3100,4960000,2,13206,3303,1,101720000,101720000,4951,1650,3301,1650,0,1,1652,256473
168,1650,1600,3100,4960000,2,13206,3303,1,101720000,101720000,4951,1650,3301,1650,0,1,1652,258594
168,1650,1600,3100,4960000,2,13206,3303,1,101720000,101720000,4951,1650,3301,1650,0,1,1652,259038

168,2050,1600,3100,4960000,2,16406,4103,1,116760000,116760000,6151,2050,4101,2050,0,1,2052,2922962
168,2050,1600,3100,4960000,2,16406,4103,1,116760000,116760000,6151,2050,4101,2050,0,1,2052,312766
168,2050,1600,3100,4960000,2,16406,4103,1,116760000,116760000,6151,2050,4101,2050,0,1,2052,315830
168,2050,1600,3100,4960000,2,16406,4103,1,116760000,116760000,6151,2050,4101,2050,0,1,2052,294779
168,2050,1600,3100,4960000,2,16406,4103,1,116760000,116760000,6151,2050,4101,2050,0,1,2052,315277
168,2050,1600,3100,4960000,2,16406,4103,1,116760000,116760000,6151,2050,4101,2050,0,1,2052,314629
168,2050,1600,3100,4960000,2,16406,4103,1,116760000,116760000,6151,2050,4101,2050,0,1,2052,313806

168,2450,1600,3100,4960000,2,19606,4903,1,131800000,131800000,7351,2450,4901,2450,0,1,2452,3565084
168,2450,1600,3100,4960000,2,19606,4903,1,131800000,131800000,7351,2450,4901,2450,0,1,2452,374972
168,2450,1600,3100,4960000,2,19606,4903,1,131800000,131800000,7351,2450,4901,2450,0,1,2452,388220
168,2450,1600,3100,4960000,2,19606,4903,1,131800000,131800000,7351,2450,4901,2450,0,1,2452,388712
168,2450,1600,3100,4960000,2,19606,4903,1,131800000,131800000,7351,2450,4901,2450,0,1,2452,387361
168,2450,1600,3100,4960000,2,19606,4903,1,131800000,131800000,7351,2450,4901,2450,0,1,2452,390279
168,2450,1600,3100,4960000,2,19606,4903,1,131800000,131800000,7351,2450,4901,2450,0,1,2452,389806

168,2850,1600,3100,4960000,2,22806,5703,1,146840000,146840000,8551,2850,5701,2850,0,1,2852,4277430
168,2850,1600,3100,4960000,2,22806,5703,1,146840000,146840000,8551,2850,5701,2850,0,1,2852,392717
168,2850,1600,3100,4960000,2,22806,5703,1,146840000,146840000,8551,2850,5701,2850,0,1,2852,396069
168,2850,1600,3100,4960000,2,22806,5703,1,146840000,146840000,8551,2850,5701,2850,0,1,2852,393852
168,2850,1600,3100,4960000,2,22806,5703,1,146840000,146840000,8551,2850,5701,2850,0,1,2852,395477
168,2850,1600,3100,4960000,2,22806,5703,1,146840000,146840000,8551,2850,5701,2850,0,1,2852,438396
168,2850,1600,3100,4960000,2,22806,5703,1,146840000,146840000,8551,2850,5701,2850,0,1,2852,437915

168,3250,1600,3100,4960000,2,26006,6503,1,161880000,161880000,9751,3250,6501,3250,0,1,3252,4730538
168,3250,1600,3100,4960000,2,26006,6503,1,161880000,161880000,9751,3250,6501,3250,0,1,3252,461396
168,3250,1600,3100,4960000,2,26006,6503,1,161880000,161880000,9751,3250,6501,3250,0,1,3252,464915
168,3250,1600,3100,4960000,2,26006,6503,1,161880000,161880000,9751,3250,6501,3250,0,1,3252,465710
168,3250,1600,3100,4960000,2,26006,6503,1,161880000,161880000,9751,3250,6501,3250,0,1,3252,464100
168,3250,1600,3100,4960000,2,26006,6503,1,161880000,161880000,9751,3250,6501,3250,0,1,3252,463821
168,3250,1600,3100,4960000,2,26006,6503,1,161880000,161880000,9751,3250,6501,3250,0,1,3252,463343

168,3650,1600,3100,4960000,2,29206,7303,1,176920000,176920000,10951,3650,7301,3650,0,1,3652,5067403
168,3650,1600,3100,4960000,2,29206,7303,1,176920000,176920000,10951,3650,7301,3650,0,1,3652,497043
168,3650,1600,3100,4960000,2,29206,7303,1,176920000,176920000,10951,3650,7301,3650,0,1,3652,491372
168,3650,1600,3100,4960000,2,29206,7303,1,176920000,176920000,10951,3650,7301,3650,0,1,3652,492138
168,3650,1600,3100,4960000,2,29206,7303,1,176920000,176920000,10951,3650,7301,3650,0,1,3652,492834
168,3650,1600,3100,4960000,2,29206,7303,1,176920000,176920000,10951,3650,7301,3650,0,1,3652,525781
168,3650,1600,3100,4960000,2,29206,7303,1,176920000,176920000,10951,3650,7301,3650,0,1,3652,526295

168,4050,1600,3100,4960000,2,32406,8103,1,191960000,191960000,12151,4050,8101,4050,0,1,4052,6211305
168,4050,1600,3100,4960000,2,32406,8103,1,191960000,191960000,12151,4050,8101,4050,0,1,4052,538179
168,4050,1600,3100,4960000,2,32406,8103,1,191960000,191960000,12151,4050,8101,4050,0,1,4052,538889
168,4050,1600,3100,4960000,2,32406,8103,1,191960000,191960000,12151,4050,8101,4050,0,1,4052,539881
168,4050,1600,3100,4960000,2,32406,8103,1,191960000,191960000,12151,4050,8101,4050,0,1,4052,539471
168,4050,1600,3100,4960000,2,32406,8103,1,191960000,191960000,12151,4050,8101,4050,0,1,4052,571450
168,4050,1600,3100,4960000,2,32406,8103,1,191960000,191960000,12151,4050,8101,4050,0,1,4052,570926

168,4450,1600,3100,4960000,2,35606,8903,1,207000000,207000000,13351,4450,8901,4450,0,1,4452,6707878
168,4450,1600,3100,4960000,2,35606,8903,1,207000000,207000000,13351,4450,8901,4450,0,1,4452,597361
168,4450,1600,3100,4960000,2,35606,8903,1,207000000,207000000,13351,4450,8901,4450,0,1,4452,597797
168,4450,1600,3100,4960000,2,35606,8903,1,207000000,207000000,13351,4450,8901,4450,0,1,4452,596432
168,4450,1600,3100,4960000,2,35606,8903,1,207000000,207000000,13351,4450,8901,4450,0,1,4452,596971
168,4450,1600,3100,4960000,2,35606,8903,1,207000000,207000000,13351,4450,8901,4450,0,1,4452,636928
168,4450,1600,3100,4960000,2,35606,8903,1,207000000,207000000,13351,4450,8901,4450,0,1,4452,636390

168,4850,1600,3100,4960000,2,38806,9703,1,222040000,222040000,14551,4850,9701,4850,0,1,4852,7039860
168,4850,1600,3100,4960000,2,38806,9703,1,222040000,222040000,14551,4850,9701,4850,0,1,4852,621538
168,4850,1600,3100,4960000,2,38806,9703,1,222040000,222040000,14551,4850,9701,4850,0,1,4852,625563
168,4850,1600,3100,4960000,2,38806,9703,1,222040000,222040000,14551,4850,9701,4850,0,1,4852,625105
168,4850,1600,3100,4960000,2,38806,9703,1,222040000,222040000,14551,4850,9701,4850,0,1,4852,624478
168,4850,1600,3100,4960000,2,38806,9703,1,222040000,222040000,14551,4850,9701,4850,0,1,4852,700819
168,4850,1600,3100,4960000,2,38806,9703,1,222040000,222040000,14551,4850,9701,4850,0,1,4852,701370

168,5250,1600,3100,4960000,2,42006,10503,1,237080000,237080000,15751,5250,10501,5250,0,1,5252,7918616
168,5250,1600,3100,4960000,2,42006,10503,1,237080000,237080000,15751,5250,10501,5250,0,1,5252,695626
168,5250,1600,3100,4960000,2,42006,10503,1,237080000,237080000,15751,5250,10501,5250,0,1,5252,718197
168,5250,1600,3100,4960000,2,42006,10503,1,237080000,237080000,15751,5250,10501,5250,0,1,5252,725694
168,5250,1600,3100,4960000,2,42006,10503,1,237080000,237080000,15751,5250,10501,5250,0,1,5252,721375
168,5250,1600,3100,4960000,2,42006,10503,1,237080000,237080000,15751,5250,10501,5250,0,1,5252,773344
168,5250,1600,3100,4960000,2,42006,10503,1,237080000,237080000,15751,5250,10501,5250,0,1,5252,766989

168,5650,1600,3100,4960000,2,45206,11303,1,252120000,252120000,16951,5650,11301,5650,0,1,5652,8330940
168,5650,1600,3100,4960000,2,45206,11303,1,252120000,252120000,16951,5650,11301,5650,0,1,5652,722711
168,5650,1600,3100,4960000,2,45206,11303,1,252120000,252120000,16951,5650,11301,5650,0,1,5652,718852
168,5650,1600,3100,4960000,2,45206,11303,1,252120000,252120000,16951,5650,11301,5650,0,1,5652,723387
168,5650,1600,3100,4960000,2,45206,11303,1,252120000,252120000,16951,5650,11301,5650,0,1,5652,723926
168,5650,1600,3100,4960000,2,45206,11303,1,252120000,252120000,16951,5650,11301,5650,0,1,5652,781495
168,5650,1600,3100,4960000,2,45206,11303,1,252120000,252120000,16951,5650,11301,5650,0,1,5652,779818

168,6050,1600,3100,4960000,2,48406,12103,1,267160000,267160000,18151,6050,12101,6050,0,1,6052,8558127
168,6050,1600,3100,4960000,2,48406,12103,1,267160000,267160000,18151,6050,12101,6050,0,1,6052,783771
168,6050,1600,3100,4960000,2,48406,12103,1,267160000,267160000,18151,6050,12101,6050,0,1,6052,775269
168,6050,1600,3100,4960000,2,48406,12103,1,267160000,267160000,18151,6050,12101,6050,0,1,6052,778540
168,6050,1600,3100,4960000,2,48406,12103,1,267160000,267160000,18151,6050,12101,6050,0,1,6052,779361
168,6050,1600,3100,4960000,2,48406,12103,1,267160000,267160000,18151,6050,12101,6050,0,1,6052,831028
168,6050,1600,3100,4960000,2,48406,12103,1,267160000,267160000,18151,6050,12101,6050,0,1,6052,829426

168,6450,1600,3100,4960000,2,51606,12903,1,282200000,282200000,19351,6450,12901,6450,0,1,6452,10136547
168,6450,1600,3100,4960000,2,51606,12903,1,282200000,282200000,19351,6450,12901,6450,0,1,6452,818767
168,6450,1600,3100,4960000,2,51606,12903,1,282200000,282200000,19351,6450,12901,6450,0,1,6452,820484
168,6450,1600,3100,4960000,2,51606,12903,1,282200000,282200000,19351,6450,12901,6450,0,1,6452,822499
168,6450,1600,3100,4960000,2,51606,12903,1,282200000,282200000,19351,6450,12901,6450,0,1,6452,823302
168,6450,1600,3100,4960000,2,51606,12903,1,282200000,282200000,19351,6450,12901,6450,0,1,6452,872626
168,6450,1600,3100,4960000,2,51606,12903,1,282200000,282200000,19351,6450,12901,6450,0,1,6452,872009

168,6850,1600,3100,4960000,2,54806,13703,1,297240000,297240000,20551,6850,13701,6850,0,1,6852,10391590
168,6850,1600,3100,4960000,2,54806,13703,1,297240000,297240000,20551,6850,13701,6850,0,1,6852,865587
168,6850,1600,3100,4960000,2,54806,13703,1,297240000,297240000,20551,6850,13701,6850,0,1,6852,868032
168,6850,1600,3100,4960000,2,54806,13703,1,297240000,297240000,20551,6850,13701,6850,0,1,6852,868896
168,6850,1600,3100,4960000,2,54806,13703,1,297240000,297240000,20551,6850,13701,6850,0,1,6852,869723
168,6850,1600,3100,4960000,2,54806,13703,1,297240000,297240000,20551,6850,13701,6850,0,1,6852,919257
168,6850,1600,3100,4960000,2,54806,13703,1,297240000,297240000,20551,6850,13701,6850,0,1,6852,918641

168,50,1600,2700,4320000,2,406,103,1,36280000,36280000,151,50,101,50,0,1,52,48411
168,50,1600,2700,4320000,2,406,103,1,36280000,36280000,151,50,101,50,0,1,52,52873
168,50,1600,2700,4320000,2,406,103,1,36280000,36280000,151,50,101,50,0,1,52,53569
168,50,1600,2700,4320000,2,406,103,1,36280000,36280000,151,50,101,50,0,1,52,55118
168,50,1600,2700,4320000,2,406,103,1,36280000,36280000,151,50,101,50,0,1,52,54660
168,50,1600,2700,4320000,2,406,103,1,36280000,36280000,151,50,101,50,0,1,52,61863
168,50,1600,2700,4320000,2,406,103,1,36280000,36280000,151,50,101,50,0,1,52,60435

168,450,1600,2700,4320000,2,3606,903,1,50040000,50040000,1351,450,901,450,0,1,452,485927
168,450,1600,2700,4320000,2,3606,903,1,50040000,50040000,1351,450,901,450,0,1,452,91723
168,450,1600,2700,4320000,2,3606,903,1,50040000,50040000,1351,450,901,450,0,1,452,92223
168,450,1600,2700,4320000,2,3606,903,1,50040000,50040000,1351,450,901,450,0,1,452,85068
168,450,1600,2700,4320000,2,3606,903,1,50040000,50040000,1351,450,901,450,0,1,452,89392
168,450,1600,2700,4320000,2,3606,903,1,50040000,50040000,1351,450,901,450,0,1,452,104373
168,450,1600,2700,4320000,2,3606,903,1,50040000,50040000,1351,450,901,450,0,1,452,103104

168,850,1600,2700,4320000,2,6806,1703,1,63800000,63800000,2551,850,1701,850,0,1,852,988147
168,850,1600,2700,4320000,2,6806,1703,1,63800000,63800000,2551,850,1701,850,0,1,852,136553
168,850,1600,2700,4320000,2,6806,1703,1,63800000,63800000,2551,850,1701,850,0,1,852,138431
168,850,1600,2700,4320000,2,6806,1703,1,63800000,63800000,2551,850,1701,850,0,1,852,137944
168,850,1600,2700,4320000,2,6806,1703,1,63800000,63800000,2551,850,1701,850,0,1,852,138690
168,850,1600,2700,4320000,2,6806,1703,1,63800000,63800000,2551,850,1701,850,0,1,852,152241
168,850,1600,2700,4320000,2,6806,1703,1,63800000,63800000,2551,850,1701,850,0,1,852,149779

168,1250,1600,2700,4320000,2,10006,2503,1,77560000,77560000,3751,1250,2501,1250,0,1,1252,1528957
168,1250,1600,2700,4320000,2,10006,2503,1,77560000,77560000,3751,1250,2501,1250,0,1,1252,178979
168,1250,1600,2700,4320000,2,10006,2503,1,77560000,77560000,3751,1250,2501,1250,0,1,1252,179488
168,1250,1600,2700,4320000,2,10006,2503,1,77560000,77560000,3751,1250,2501,1250,0,1,1252,178371
168,1250,1600,2700,4320000,2,10006,2503,1,77560000,77560000,3751,1250,2501,1250,0,1,1252,179766
168,1250,1600,2700,4320000,2,10006,2503,1,77560000,77560000,3751,1250,2501,1250,0,1,1252,197295
168,1250,1600,2700,4320000,2,10006,2503,1,77560000,77560000,3751,1250,2501,1250,0,1,1252,197859

168,1650,1600,2700,4320000,2,13206,3303,1,91320000,91320000,4951,1650,3301,1650,0,1,1652,2012416
168,1650,1600,2700,4320000,2,13206,3303,1,91320000,91320000,4951,1650,3301,1650,0,1,1652,234718
168,1650,1600,2700,4320000,2,13206,3303,1,91320000,91320000,4951,1650,3301,1650,0,1,1652,222503
168,1650,1600,2700,4320000,2,13206,3303,1,91320000,91320000,4951,1650,3301,1650,0,1,1652,235007
168,1650,1600,2700,4320000,2,13206,3303,1,91320000,91320000,4951,1650,3301,1650,0,1,1652,233175
168,1650,1600,2700,4320000,2,13206,3303,1,91320000,91320000,4951,1650,3301,1650,0,1,1652,233652
168,1650,1600,2700,4320000,2,13206,3303,1,91320000,91320000,4951,1650,3301,1650,0,1,1652,234242

168,2050,1600,2700,4320000,2,16406,4103,1,105080000,105080000,6151,2050,4101,2050,0,1,2052,2529393
168,2050,1600,2700,4320000,2,16406,4103,1,105080000,105080000,6151,2050,4101,2050,0,1,2052,274141
168,2050,1600,2700,4320000,2,16406,4103,1,105080000,105080000,6151,2050,4101,2050,0,1,2052,289913
168,2050,1600,2700,4320000,2,16406,4103,1,105080000,105080000,6151,2050,4101,2050,0,1,2052,286008
168,2050,1600,2700,4320000,2,16406,4103,1,105080000,105080000,6151,2050,4101,2050,0,1,2052,276018
168,2050,1600,2700,4320000,2,16406,4103,1,105080000,105080000,6151,2050,4101,2050,0,1,2052,292112
168,2050,1600,2700,4320000,2,16406,4103,1,105080000,105080000,6151,2050,4101,2050,0,1,2052,291656

168,2450,1600,2700,4320000,2,19606,4903,1,118840000,118840000,7351,2450,4901,2450,0,1,2452,3205243
168,2450,1600,2700,4320000,2,19606,4903,1,118840000,118840000,7351,2450,4901,2450,0,1,2452,328227
168,2450,1600,2700,4320000,2,19606,4903,1,118840000,118840000,7351,2450,4901,2450,0,1,2452,331060
168,2450,1600,2700,4320000,2,19606,4903,1,118840000,118840000,7351,2450,4901,2450,0,1,2452,323902
168,2450,1600,2700,4320000,2,19606,4903,1,118840000,118840000,7351,2450,4901,2450,0,1,2452,331651
168,2450,1600,2700,4320000,2,19606,4903,1,118840000,118840000,7351,2450,4901,2450,0,1,2452,329518
168,2450,1600,2700,4320000,2,19606,4903,1,118840000,118840000,7351,2450,4901,2450,0,1,2452,328582

168,2850,1600,2700,4320000,2,22806,5703,1,132600000,132600000,8551,2850,5701,2850,0,1,2852,3611408
168,2850,1600,2700,4320000,2,22806,5703,1,132600000,132600000,8551,2850,5701,2850,0,1,2852,352714
168,2850,1600,2700,4320000,2,22806,5703,1,132600000,132600000,8551,2850,5701,2850,0,1,2852,348510
168,2850,1600,2700,4320000,2,22806,5703,1,132600000,132600000,8551,2850,5701,2850,0,1,2852,350687
168,2850,1600,2700,4320000,2,22806,5703,1,132600000,132600000,8551,2850,5701,2850,0,1,2852,350150
168,2850,1600,2700,4320000,2,22806,5703,1,132600000,132600000,8551,2850,5701,2850,0,1,2852,378690
168,2850,1600,2700,4320000,2,22806,5703,1,132600000,132600000,8551,2850,5701,2850,0,1,2852,378127

168,3250,1600,2700,4320000,2,26006,6503,1,146360000,146360000,9751,3250,6501,3250,0,1,3252,4308961
168,3250,1600,2700,4320000,2,26006,6503,1,146360000,146360000,9751,3250,6501,3250,0,1,3252,396996
168,3250,1600,2700,4320000,2,26006,6503,1,146360000,146360000,9751,3250,6501,3250,0,1,3252,394845
168,3250,1600,2700,4320000,2,26006,6503,1,146360000,146360000,9751,3250,6501,3250,0,1,3252,397609
168,3250,1600,2700,4320000,2,26006,6503,1,146360000,146360000,9751,3250,6501,3250,0,1,3252,395702
168,3250,1600,2700,4320000,2,26006,6503,1,146360000,146360000,9751,3250,6501,3250,0,1,3252,431782
168,3250,1600,2700,4320000,2,26006,6503,1,146360000,146360000,9751,3250,6501,3250,0,1,3252,431289

168,3650,1600,2700,4320000,2,29206,7303,1,160120000,160120000,10951,3650,7301,3650,0,1,3652,4898551
168,3650,1600,2700,4320000,2,29206,7303,1,160120000,160120000,10951,3650,7301,3650,0,1,3652,447434
168,3650,1600,2700,4320000,2,29206,7303,1,160120000,160120000,10951,3650,7301,3650,0,1,3652,451653
168,3650,1600,2700,4320000,2,29206,7303,1,160120000,160120000,10951,3650,7301,3650,0,1,3652,450018
168,3650,1600,2700,4320000,2,29206,7303,1,160120000,160120000,10951,3650,7301,3650,0,1,3652,453009
168,3650,1600,2700,4320000,2,29206,7303,1,160120000,160120000,10951,3650,7301,3650,0,1,3652,460169
168,3650,1600,2700,4320000,2,29206,7303,1,160120000,160120000,10951,3650,7301,3650,0,1,3652,459654

168,4050,1600,2700,4320000,2,32406,8103,1,173880000,173880000,12151,4050,8101,4050,0,1,4052,5167442
168,4050,1600,2700,4320000,2,32406,8103,1,173880000,173880000,12151,4050,8101,4050,0,1,4052,484985
168,4050,1600,2700,4320000,2,32406,8103,1,173880000,173880000,12151,4050,8101,4050,0,1,4052,481469
168,4050,1600,2700,4320000,2,32406,8103,1,173880000,173880000,12151,4050,8101,4050,0,1,4052,484263
168,4050,1600,2700,4320000,2,32406,8103,1,173880000,173880000,12151,4050,8101,4050,0,1,4052,498294
168,4050,1600,2700,4320000,2,32406,8103,1,173880000,173880000,12151,4050,8101,4050,0,1,4052,557322
168,4050,1600,2700,4320000,2,32406,8103,1,173880000,173880000,12151,4050,8101,4050,0,1,4052,557847

168,4450,1600,2700,4320000,2,35606,8903,1,187640000,187640000,13351,4450,8901,4450,0,1,4452,5884912
168,4450,1600,2700,4320000,2,35606,8903,1,187640000,187640000,13351,4450,8901,4450,0,1,4452,511498
168,4450,1600,2700,4320000,2,35606,8903,1,187640000,187640000,13351,4450,8901,4450,0,1,4452,514612
168,4450,1600,2700,4320000,2,35606,8903,1,187640000,187640000,13351,4450,8901,4450,0,1,4452,514171
168,4450,1600,2700,4320000,2,35606,8903,1,187640000,187640000,13351,4450,8901,4450,0,1,4452,513563
168,4450,1600,2700,4320000,2,35606,8903,1,187640000,187640000,13351,4450,8901,4450,0,1,4452,586079
168,4450,1600,2700,4320000,2,35606,8903,1,187640000,187640000,13351,4450,8901,4450,0,1,4452,587449

168,4850,1600,2700,4320000,2,38806,9703,1,201400000,201400000,14551,4850,9701,4850,0,1,4852,6272042
168,4850,1600,2700,4320000,2,38806,9703,1,201400000,201400000,14551,4850,9701,4850,0,1,4852,554056
168,4850,1600,2700,4320000,2,38806,9703,1,201400000,201400000,14551,4850,9701,4850,0,1,4852,552977
168,4850,1600,2700,4320000,2,38806,9703,1,201400000,201400000,14551,4850,9701,4850,0,1,4852,553601
168,4850,1600,2700,4320000,2,38806,9703,1,201400000,201400000,14551,4850,9701,4850,0,1,4852,552290
168,4850,1600,2700,4320000,2,38806,9703,1,201400000,201400000,14551,4850,9701,4850,0,1,4852,624379
168,4850,1600,2700,4320000,2,38806,9703,1,201400000,201400000,14551,4850,9701,4850,0,1,4852,624928

168,5250,1600,2700,4320000,2,42006,10503,1,215160000,215160000,15751,5250,10501,5250,0,1,5252,6712284
168,5250,1600,2700,4320000,2,42006,10503,1,215160000,215160000,15751,5250,10501,5250,0,1,5252,598809
168,5250,1600,2700,4320000,2,42006,10503,1,215160000,215160000,15751,5250,10501,5250,0,1,5252,594768
168,5250,1600,2700,4320000,2,42006,10503,1,215160000,215160000,15751,5250,10501,5250,0,1,5252,599948
168,5250,1600,2700,4320000,2,42006,10503,1,215160000,215160000,15751,5250,10501,5250,0,1,5252,599456
168,5250,1600,2700,4320000,2,42006,10503,1,215160000,215160000,15751,5250,10501,5250,0,1,5252,671025
168,5250,1600,2700,4320000,2,42006,10503,1,215160000,215160000,15751,5250,10501,5250,0,1,5252,672596

168,5650,1600,2700,4320000,2,45206,11303,1,228920000,228920000,16951,5650,11301,5650,0,1,5652,7350353
168,5650,1600,2700,4320000,2,45206,11303,1,228920000,228920000,16951,5650,11301,5650,0,1,5652,648597
168,5650,1600,2700,4320000,2,45206,11303,1,228920000,228920000,16951,5650,11301,5650,0,1,5652,674215
168,5650,1600,2700,4320000,2,45206,11303,1,228920000,228920000,16951,5650,11301,5650,0,1,5652,668215
168,5650,1600,2700,4320000,2,45206,11303,1,228920000,228920000,16951,5650,11301,5650,0,1,5652,665241
168,5650,1600,2700,4320000,2,45206,11303,1,228920000,228920000,16951,5650,11301,5650,0,1,5652,728434
168,5650,1600,2700,4320000,2,45206,11303,1,228920000,228920000,16951,5650,11301,5650,0,1,5652,729027

168,6050,1600,2700,4320000,2,48406,12103,1,242680000,242680000,18151,6050,12101,6050,0,1,6052,7790869
168,6050,1600,2700,4320000,2,48406,12103,1,242680000,242680000,18151,6050,12101,6050,0,1,6052,697112
168,6050,1600,2700,4320000,2,48406,12103,1,242680000,242680000,18151,6050,12101,6050,0,1,6052,689585
168,6050,1600,2700,4320000,2,48406,12103,1,242680000,242680000,18151,6050,12101,6050,0,1,6052,685994
168,6050,1600,2700,4320000,2,48406,12103,1,242680000,242680000,18151,6050,12101,6050,0,1,6052,690380
168,6050,1600,2700,4320000,2,48406,12103,1,242680000,242680000,18151,6050,12101,6050,0,1,6052,750789
168,6050,1600,2700,4320000,2,48406,12103,1,242680000,242680000,18151,6050,12101,6050,0,1,6052,749228

168,6450,1600,2700,4320000,2,51606,12903,1,256440000,256440000,19351,6450,12901,6450,0,1,6452,8666875
168,6450,1600,2700,4320000,2,51606,12903,1,256440000,256440000,19351,6450,12901,6450,0,1,6452,723504
168,6450,1600,2700,4320000,2,51606,12903,1,256440000,256440000,19351,6450,12901,6450,0,1,6452,721927
168,6450,1600,2700,4320000,2,51606,12903,1,256440000,256440000,19351,6450,12901,6450,0,1,6452,724099
168,6450,1600,2700,4320000,2,51606,12903,1,256440000,256440000,19351,6450,12901,6450,0,1,6452,724906
168,6450,1600,2700,4320000,2,51606,12903,1,256440000,256440000,19351,6450,12901,6450,0,1,6452,786560
168,6450,1600,2700,4320000,2,51606,12903,1,256440000,256440000,19351,6450,12901,6450,0,1,6452,787172

168,6850,1600,2700,4320000,2,54806,13703,1,270200000,270200000,20551,6850,13701,6850,0,1,6852,8504060
168,6850,1600,2700,4320000,2,54806,13703,1,270200000,270200000,20551,6850,13701,6850,0,1,6852,760348
168,6850,1600,2700,4320000,2,54806,13703,1,270200000,270200000,20551,6850,13701,6850,0,1,6852,762601
168,6850,1600,2700,4320000,2,54806,13703,1,270200000,270200000,20551,6850,13701,6850,0,1,6852,763389
168,6850,1600,2700,4320000,2,54806,13703,1,270200000,270200000,20551,6850,13701,6850,0,1,6852,761928
168,6850,1600,2700,4320000,2,54806,13703,1,270200000,270200000,20551,6850,13701,6850,0,1,6852,823766
168,6850,1600,2700,4320000,2,54806,13703,1,270200000,270200000,20551,6850,13701,6850,0,1,6852,822146

168,50,1600,2300,3680000,2,406,103,1,31000000,31000000,151,50,101,50,0,1,52,42352
168,50,1600,2300,3680000,2,406,103,1,31000000,31000000,151,50,101,50,0,1,52,34757
168,50,1600,2300,3680000,2,406,103,1,31000000,31000000,151,50,101,50,0,1,52,41054
168,50,1600,2300,3680000,2,406,103,1,31000000,31000000,151,50,101,50,0,1,52,41510
168,50,1600,2300,3680000,2,406,103,1,31000000,31000000,151,50,101,50,0,1,52,40471
168,50,1600,2300,3680000,2,406,103,1,31000000,31000000,151,50,101,50,0,1,52,52806
168,50,1600,2300,3680000,2,406,103,1,31000000,31000000,151,50,101,50,0,1,52,52312

168,450,1600,2300,3680000,2,3606,903,1,43480000,43480000,1351,450,901,450,0,1,452,385174
168,450,1600,2300,3680000,2,3606,903,1,43480000,43480000,1351,450,901,450,0,1,452,80449
168,450,1600,2300,3680000,2,3606,903,1,43480000,43480000,1351,450,901,450,0,1,452,80088
168,450,1600,2300,3680000,2,3606,903,1,43480000,43480000,1351,450,901,450,0,1,452,79061
168,450,1600,2300,3680000,2,3606,903,1,43480000,43480000,1351,450,901,450,0,1,452,80948
168,450,1600,2300,3680000,2,3606,903,1,43480000,43480000,1351,450,901,450,0,1,452,90517
168,450,1600,2300,3680000,2,3606,903,1,43480000,43480000,1351,450,901,450,0,1,452,88358

168,850,1600,2300,3680000,2,6806,1703,1,55960000,55960000,2551,850,1701,850,0,1,852,810549
168,850,1600,2300,3680000,2,6806,1703,1,55960000,55960000,2551,850,1701,850,0,1,852,118147
168,850,1600,2300,3680000,2,6806,1703,1,55960000,55960000,2551,850,1701,850,0,1,852,118752
168,850,1600,2300,3680000,2,6806,1703,1,55960000,55960000,2551,850,1701,850,0,1,852,119490
168,850,1600,2300,3680000,2,6806,1703,1,55960000,55960000,2551,850,1701,850,0,1,852,119238
168,850,1600,2300,3680000,2,6806,1703,1,55960000,55960000,2551,850,1701,850,0,1,852,132148
168,850,1600,2300,3680000,2,6806,1703,1,55960000,55960000,2551,850,1701,850,0,1,852,130802

168,1250,1600,2300,3680000,2,10006,2503,1,68440000,68440000,3751,1250,2501,1250,0,1,1252,1293403
168,1250,1600,2300,3680000,2,10006,2503,1,68440000,68440000,3751,1250,2501,1250,0,1,1252,159207
168,1250,1600,2300,3680000,2,10006,2503,1,68440000,68440000,3751,1250,2501,1250,0,1,1252,158932
168,1250,1600,2300,3680000,2,10006,2503,1,68440000,68440000,3751,1250,2501,1250,0,1,1252,155937
168,1250,1600,2300,3680000,2,10006,2503,1,68440000,68440000,3751,1250,2501,1250,0,1,1252,158444
168,1250,1600,2300,3680000,2,10006,2503,1,68440000,68440000,3751,1250,2501,1250,0,1,1252,172122
168,1250,1600,2300,3680000,2,10006,2503,1,68440000,68440000,3751,1250,2501,1250,0,1,1252,169584

168,1650,1600,2300,3680000,2,13206,3303,1,80920000,80920000,4951,1650,3301,1650,0,1,1652,1746054
168,1650,1600,2300,3680000,2,13206,3303,1,80920000,80920000,4951,1650,3301,1650,0,1,1652,197103
168,1650,1600,2300,3680000,2,13206,3303,1,80920000,80920000,4951,1650,3301,1650,0,1,1652,195941
168,1650,1600,2300,3680000,2,13206,3303,1,80920000,80920000,4951,1650,3301,1650,0,1,1652,197684
168,1650,1600,2300,3680000,2,13206,3303,1,80920000,80920000,4951,1650,3301,1650,0,1,1652,190100
168,1650,1600,2300,3680000,2,13206,3303,1,80920000,80920000,4951,1650,3301,1650,0,1,1652,206922
168,1650,1600,2300,3680000,2,13206,3303,1,80920000,80920000,4951,1650,3301,1650,0,1,1652,207365

168,2050,1600,2300,3680000,2,16406,4103,1,93400000,93400000,6151,2050,4101,2050,0,1,2052,2126984
168,2050,1600,2300,3680000,2,16406,4103,1,93400000,93400000,6151,2050,4101,2050,0,1,2052,237393
168,2050,1600,2300,3680000,2,16406,4103,1,93400000,93400000,6151,2050,4101,2050,0,1,2052,244397
168,2050,1600,2300,3680000,2,16406,4103,1,93400000,93400000,6151,2050,4101,2050,0,1,2052,243597
168,2050,1600,2300,3680000,2,16406,4103,1,93400000,93400000,6151,2050,4101,2050,0,1,2052,244086
168,2050,1600,2300,3680000,2,16406,4103,1,93400000,93400000,6151,2050,4101,2050,0,1,2052,241734
168,2050,1600,2300,3680000,2,16406,4103,1,93400000,93400000,6151,2050,4101,2050,0,1,2052,242238

168,2450,1600,2300,3680000,2,19606,4903,1,105880000,105880000,7351,2450,4901,2450,0,1,2452,2599118
168,2450,1600,2300,3680000,2,19606,4903,1,105880000,105880000,7351,2450,4901,2450,0,1,2452,271489
168,2450,1600,2300,3680000,2,19606,4903,1,105880000,105880000,7351,2450,4901,2450,0,1,2452,268637
168,2450,1600,2300,3680000,2,19606,4903,1,105880000,105880000,7351,2450,4901,2450,0,1,2452,270689
168,2450,1600,2300,3680000,2,19606,4903,1,105880000,105880000,7351,2450,4901,2450,0,1,2452,272580
168,2450,1600,2300,3680000,2,19606,4903,1,105880000,105880000,7351,2450,4901,2450,0,1,2452,276898
168,2450,1600,2300,3680000,2,19606,4903,1,105880000,105880000,7351,2450,4901,2450,0,1,2452,276429

168,2850,1600,2300,3680000,2,22806,5703,1,118360000,118360000,8551,2850,5701,2850,0,1,2852,3252827
168,2850,1600,2300,3680000,2,22806,5703,1,118360000,118360000,8551,2850,5701,2850,0,1,2852,313116
168,2850,1600,2300,3680000,2,22806,5703,1,118360000,118360000,8551,2850,5701,2850,0,1,2852,315838
168,2850,1600,2300,3680000,2,22806,5703,1,118360000,118360000,8551,2850,5701,2850,0,1,2852,322061
168,2850,1600,2300,3680000,2,22806,5703,1,118360000,118360000,8551,2850,5701,2850,0,1,2852,314107
168,2850,1600,2300,3680000,2,22806,5703,1,118360000,118360000,8551,2850,5701,2850,0,1,2852,343812
168,2850,1600,2300,3680000,2,22806,5703,1,118360000,118360000,8551,2850,5701,2850,0,1,2852,343180

168,3250,1600,2300,3680000,2,26006,6503,1,130840000,130840000,9751,3250,6501,3250,0,1,3252,3554867
168,3250,1600,2300,3680000,2,26006,6503,1,130840000,130840000,9751,3250,6501,3250,0,1,3252,337319
168,3250,1600,2300,3680000,2,26006,6503,1,130840000,130840000,9751,3250,6501,3250,0,1,3252,333047
168,3250,1600,2300,3680000,2,26006,6503,1,130840000,130840000,9751,3250,6501,3250,0,1,3252,336654
168,3250,1600,2300,3680000,2,26006,6503,1,130840000,130840000,9751,3250,6501,3250,0,1,3252,345148
168,3250,1600,2300,3680000,2,26006,6503,1,130840000,130840000,9751,3250,6501,3250,0,1,3252,370749
168,3250,1600,2300,3680000,2,26006,6503,1,130840000,130840000,9751,3250,6501,3250,0,1,3252,372000

168,3650,1600,2300,3680000,2,29206,7303,1,143320000,143320000,10951,3650,7301,3650,0,1,3652,3923976
168,3650,1600,2300,3680000,2,29206,7303,1,143320000,143320000,10951,3650,7301,3650,0,1,3652,393272
168,3650,1600,2300,3680000,2,29206,7303,1,143320000,143320000,10951,3650,7301,3650,0,1,3652,373269
168,3650,1600,2300,3680000,2,29206,7303,1,143320000,143320000,10951,3650,7301,3650,0,1,3652,373983
168,3650,1600,2300,3680000,2,29206,7303,1,143320000,143320000,10951,3650,7301,3650,0,1,3652,370112
168,3650,1600,2300,3680000,2,29206,7303,1,143320000,143320000,10951,3650,7301,3650,0,1,3652,405172
168,3650,1600,2300,3680000,2,29206,7303,1,143320000,143320000,10951,3650,7301,3650,0,1,3652,404657

168,4050,1600,2300,3680000,2,32406,8103,1,155800000,155800000,12151,4050,8101,4050,0,1,4052,4668445
168,4050,1600,2300,3680000,2,32406,8103,1,155800000,155800000,12151,4050,8101,4050,0,1,4052,413619
168,4050,1600,2300,3680000,2,32406,8103,1,155800000,155800000,12151,4050,8101,4050,0,1,4052,410730
168,4050,1600,2300,3680000,2,32406,8103,1,155800000,155800000,12151,4050,8101,4050,0,1,4052,411738
168,4050,1600,2300,3680000,2,32406,8103,1,155800000,155800000,12151,4050,8101,4050,0,1,4052,412794
168,4050,1600,2300,3680000,2,32406,8103,1,155800000,155800000,12151,4050,8101,4050,0,1,4052,486856
168,4050,1600,2300,3680000,2,32406,8103,1,155800000,155800000,12151,4050,8101,4050,0,1,4052,486336

168,4450,1600,2300,3680000,2,35606,8903,1,168280000,168280000,13351,4450,8901,4450,0,1,4452,4821587
168,4450,1600,2300,3680000,2,35606,8903,1,168280000,168280000,13351,4450,8901,4450,0,1,4452,447911
168,4450,1600,2300,3680000,2,35606,8903,1,168280000,168280000,13351,4450,8901,4450,0,1,4452,447382
168,4450,1600,2300,3680000,2,35606,8903,1,168280000,168280000,13351,4450,8901,4450,0,1,4452,446086
168,4450,1600,2300,3680000,2,35606,8903,1,168280000,168280000,13351,4450,8901,4450,0,1,4452,448607
168,4450,1600,2300,3680000,2,35606,8903,1,168280000,168280000,13351,4450,8901,4450,0,1,4452,517333
168,4450,1600,2300,3680000,2,35606,8903,1,168280000,168280000,13351,4450,8901,4450,0,1,4452,516795

168,4850,1600,2300,3680000,2,38806,9703,1,180760000,180760000,14551,4850,9701,4850,0,1,4852,5319883
168,4850,1600,2300,3680000,2,38806,9703,1,180760000,180760000,14551,4850,9701,4850,0,1,4852,511737
168,4850,1600,2300,3680000,2,38806,9703,1,180760000,180760000,14551,4850,9701,4850,0,1,4852,510819
168,4850,1600,2300,3680000,2,38806,9703,1,180760000,180760000,14551,4850,9701,4850,0,1,4852,509416
168,4850,1600,2300,3680000,2,38806,9703,1,180760000,180760000,14551,4850,9701,4850,0,1,4852,512453
168,4850,1600,2300,3680000,2,38806,9703,1,180760000,180760000,14551,4850,9701,4850,0,1,4852,573006
168,4850,1600,2300,3680000,2,38806,9703,1,180760000,180760000,14551,4850,9701,4850,0,1,4852,572457

168,5250,1600,2300,3680000,2,42006,10503,1,193240000,193240000,15751,5250,10501,5250,0,1,5252,5700704
168,5250,1600,2300,3680000,2,42006,10503,1,193240000,193240000,15751,5250,10501,5250,0,1,5252,523669
168,5250,1600,2300,3680000,2,42006,10503,1,193240000,193240000,15751,5250,10501,5250,0,1,5252,521952
168,5250,1600,2300,3680000,2,42006,10503,1,193240000,193240000,15751,5250,10501,5250,0,1,5252,524174
168,5250,1600,2300,3680000,2,42006,10503,1,193240000,193240000,15751,5250,10501,5250,0,1,5252,523023
168,5250,1600,2300,3680000,2,42006,10503,1,193240000,193240000,15751,5250,10501,5250,0,1,5252,591415
168,5250,1600,2300,3680000,2,42006,10503,1,193240000,193240000,15751,5250,10501,5250,0,1,5252,590003

168,5650,1600,2300,3680000,2,45206,11303,1,205720000,205720000,16951,5650,11301,5650,0,1,5652,6133574
168,5650,1600,2300,3680000,2,45206,11303,1,205720000,205720000,16951,5650,11301,5650,0,1,5652,557361
168,5650,1600,2300,3680000,2,45206,11303,1,205720000,205720000,16951,5650,11301,5650,0,1,5652,555352
168,5650,1600,2300,3680000,2,45206,11303,1,205720000,205720000,16951,5650,11301,5650,0,1,5652,558939
168,5650,1600,2300,3680000,2,45206,11303,1,205720000,205720000,16951,5650,11301,5650,0,1,5652,558202
168,5650,1600,2300,3680000,2,45206,11303,1,205720000,205720000,16951,5650,11301,5650,0,1,5652,635080
168,5650,1600,2300,3680000,2,45206,11303,1,205720000,205720000,16951,5650,11301,5650,0,1,5652,633615

168,6050,1600,2300,3680000,2,48406,12103,1,218200000,218200000,18151,6050,12101,6050,0,1,6052,6644291
168,6050,1600,2300,3680000,2,48406,12103,1,218200000,218200000,18151,6050,12101,6050,0,1,6052,597268
168,6050,1600,2300,3680000,2,48406,12103,1,218200000,218200000,18151,6050,12101,6050,0,1,6052,604582
168,6050,1600,2300,3680000,2,48406,12103,1,218200000,218200000,18151,6050,12101,6050,0,1,6052,593769
168,6050,1600,2300,3680000,2,48406,12103,1,218200000,218200000,18151,6050,12101,6050,0,1,6052,596436
168,6050,1600,2300,3680000,2,48406,12103,1,218200000,218200000,18151,6050,12101,6050,0,1,6052,703065
168,6050,1600,2300,3680000,2,48406,12103,1,218200000,218200000,18151,6050,12101,6050,0,1,6052,700827

168,6450,1600,2300,3680000,2,51606,12903,1,230680000,230680000,19351,6450,12901,6450,0,1,6452,7262072
168,6450,1600,2300,3680000,2,51606,12903,1,230680000,230680000,19351,6450,12901,6450,0,1,6452,643732
168,6450,1600,2300,3680000,2,51606,12903,1,230680000,230680000,19351,6450,12901,6450,0,1,6452,640138
168,6450,1600,2300,3680000,2,51606,12903,1,230680000,230680000,19351,6450,12901,6450,0,1,6452,649468
168,6450,1600,2300,3680000,2,51606,12903,1,230680000,230680000,19351,6450,12901,6450,0,1,6452,658966
168,6450,1600,2300,3680000,2,51606,12903,1,230680000,230680000,19351,6450,12901,6450,0,1,6452,706767
168,6450,1600,2300,3680000,2,51606,12903,1,230680000,230680000,19351,6450,12901,6450,0,1,6452,706155

168,6850,1600,2300,3680000,2,54806,13703,1,243160000,243160000,20551,6850,13701,6850,0,1,6852,7460393
168,6850,1600,2300,3680000,2,54806,13703,1,243160000,243160000,20551,6850,13701,6850,0,1,6852,675978
168,6850,1600,2300,3680000,2,54806,13703,1,243160000,243160000,20551,6850,13701,6850,0,1,6852,670564
168,6850,1600,2300,3680000,2,54806,13703,1,243160000,243160000,20551,6850,13701,6850,0,1,6852,672311
168,6850,1600,2300,3680000,2,54806,13703,1,243160000,243160000,20551,6850,13701,6850,0,1,6852,673192
168,6850,1600,2300,3680000,2,54806,13703,1,243160000,243160000,20551,6850,13701,6850,0,1,6852,736151
168,6850,1600,2300,3680000,2,54806,13703,1,243160000,243160000,20551,6850,13701,6850,0,1,6852,736776

168,50,1600,1900,3040000,2,406,103,1,25720000,25720000,151,50,101,50,0,1,52,33976
168,50,1600,1900,3040000,2,406,103,1,25720000,25720000,151,50,101,50,0,1,52,34506
168,50,1600,1900,3040000,2,406,103,1,25720000,25720000,151,50,101,50,0,1,52,29827
168,50,1600,1900,3040000,2,406,103,1,25720000,25720000,151,50,101,50,0,1,52,34042
168,50,1600,1900,3040000,2,406,103,1,25720000,25720000,151,50,101,50,0,1,52,33030
168,50,1600,1900,3040000,2,406,103,1,25720000,25720000,151,50,101,50,0,1,52,43432
168,50,1600,1900,3040000,2,406,103,1,25720000,25720000,151,50,101,50,0,1,52,44801

168,450,1600,1900,3040000,2,3606,903,1,36920000,36920000,1351,450,901,450,0,1,452,333533
168,450,1600,1900,3040000,2,3606,903,1,36920000,36920000,1351,450,901,450,0,1,452,62510
168,450,1600,1900,3040000,2,3606,903,1,36920000,36920000,1351,450,901,450,0,1,452,68982
168,450,1600,1900,3040000,2,3606,903,1,36920000,36920000,1351,450,901,450,0,1,452,67524
168,450,1600,1900,3040000,2,3606,903,1,36920000,36920000,1351,450,901,450,0,1,452,68497
168,450,1600,1900,3040000,2,3606,903,1,36920000,36920000,1351,450,901,450,0,1,452,78893
168,450,1600,1900,3040000,2,3606,903,1,36920000,36920000,1351,450,901,450,0,1,452,77649

168,850,1600,1900,3040000,2,6806,1703,1,48120000,48120000,2551,850,1701,850,0,1,852,652947
168,850,1600,1900,3040000,2,6806,1703,1,48120000,48120000,2551,850,1701,850,0,1,852,98364
168,850,1600,1900,3040000,2,6806,1703,1,48120000,48120000,2551,850,1701,850,0,1,852,100215
168,850,1600,1900,3040000,2,6806,1703,1,48120000,48120000,2551,850,1701,850,0,1,852,100464
168,850,1600,1900,3040000,2,6806,1703,1,48120000,48120000,2551,850,1701,850,0,1,852,99742
168,850,1600,1900,3040000,2,6806,1703,1,48120000,48120000,2551,850,1701,850,0,1,852,111038
168,850,1600,1900,3040000,2,6806,1703,1,48120000,48120000,2551,850,1701,850,0,1,852,111584

168,1250,1600,1900,3040000,2,10006,2503,1,59320000,59320000,3751,1250,2501,1250,0,1,1252,998214
168,1250,1600,1900,3040000,2,10006,2503,1,59320000,59320000,3751,1250,2501,1250,0,1,1252,133524
168,1250,1600,1900,3040000,2,10006,2503,1,59320000,59320000,3751,1250,2501,1250,0,1,1252,132891
168,1250,1600,1900,3040000,2,10006,2503,1,59320000,59320000,3751,1250,2501,1250,0,1,1252,127863
168,1250,1600,1900,3040000,2,10006,2503,1,59320000,59320000,3751,1250,2501,1250,0,1,1252,134076
168,1250,1600,1900,3040000,2,10006,2503,1,59320000,59320000,3751,1250,2501,1250,0,1,1252,147166
168,1250,1600,1900,3040000,2,10006,2503,1,59320000,59320000,3751,1250,2501,1250,0,1,1252,147734

168,1650,1600,1900,3040000,2,13206,3303,1,70520000,70520000,4951,1650,3301,1650,0,1,1652,1334035
168,1650,1600,1900,3040000,2,13206,3303,1,70520000,70520000,4951,1650,3301,1650,0,1,1652,167323
168,1650,1600,1900,3040000,2,13206,3303,1,70520000,70520000,4951,1650,3301,1650,0,1,1652,168146
168,1650,1600,1900,3040000,2,13206,3303,1,70520000,70520000,4951,1650,3301,1650,0,1,1652,167840
168,1650,1600,1900,3040000,2,13206,3303,1,70520000,70520000,4951,1650,3301,1650,0,1,1652,166330
168,1650,1600,1900,3040000,2,13206,3303,1,70520000,70520000,4951,1650,3301,1650,0,1,1652,182590
168,1650,1600,1900,3040000,2,13206,3303,1,70520000,70520000,4951,1650,3301,1650,0,1,1652,183194

168,2050,1600,1900,3040000,2,16406,4103,1,81720000,81720000,6151,2050,4101,2050,0,1,2052,1747284
168,2050,1600,1900,3040000,2,16406,4103,1,81720000,81720000,6151,2050,4101,2050,0,1,2052,217539
168,2050,1600,1900,3040000,2,16406,4103,1,81720000,81720000,6151,2050,4101,2050,0,1,2052,218098
168,2050,1600,1900,3040000,2,16406,4103,1,81720000,81720000,6151,2050,4101,2050,0,1,2052,217800
168,2050,1600,1900,3040000,2,16406,4103,1,81720000,81720000,6151,2050,4101,2050,0,1,2052,217146
168,2050,1600,1900,3040000,2,16406,4103,1,81720000,81720000,6151,2050,4101,2050,0,1,2052,218280
168,2050,1600,1900,3040000,2,16406,4103,1,81720000,81720000,6151,2050,4101,2050,0,1,2052,218516

168,2450,1600,1900,3040000,2,19606,4903,1,92920000,92920000,7351,2450,4901,2450,0,1,2452,2058255
168,2450,1600,1900,3040000,2,19606,4903,1,92920000,92920000,7351,2450,4901,2450,0,1,2452,222930
168,2450,1600,1900,3040000,2,19606,4903,1,92920000,92920000,7351,2450,4901,2450,0,1,2452,221418
168,2450,1600,1900,3040000,2,19606,4903,1,92920000,92920000,7351,2450,4901,2450,0,1,2452,223488
168,2450,1600,1900,3040000,2,19606,4903,1,92920000,92920000,7351,2450,4901,2450,0,1,2452,222501
168,2450,1600,1900,3040000,2,19606,4903,1,92920000,92920000,7351,2450,4901,2450,0,1,2452,240999
168,2450,1600,1900,3040000,2,19606,4903,1,92920000,92920000,7351,2450,4901,2450,0,1,2452,241473

168,2850,1600,1900,3040000,2,22806,5703,1,104120000,104120000,8551,2850,5701,2850,0,1,2852,2464070
168,2850,1600,1900,3040000,2,22806,5703,1,104120000,104120000,8551,2850,5701,2850,0,1,2852,253266
168,2850,1600,1900,3040000,2,22806,5703,1,104120000,104120000,8551,2850,5701,2850,0,1,2852,251693
168,2850,1600,1900,3040000,2,22806,5703,1,104120000,104120000,8551,2850,5701,2850,0,1,2852,253854
168,2850,1600,1900,3040000,2,22806,5703,1,104120000,104120000,8551,2850,5701,2850,0,1,2852,252815
168,2850,1600,1900,3040000,2,22806,5703,1,104120000,104120000,8551,2850,5701,2850,0,1,2852,290795
168,2850,1600,1900,3040000,2,22806,5703,1,104120000,104120000,8551,2850,5701,2850,0,1,2852,291272

168,3250,1600,1900,3040000,2,26006,6503,1,115320000,115320000,9751,3250,6501,3250,0,1,3252,2786756
168,3250,1600,1900,3040000,2,26006,6503,1,115320000,115320000,9751,3250,6501,3250,0,1,3252,286641
168,3250,1600,1900,3040000,2,26006,6503,1,115320000,115320000,9751,3250,6501,3250,0,1,3252,285029
168,3250,1600,1900,3040000,2,26006,6503,1,115320000,115320000,9751,3250,6501,3250,0,1,3252,286172
168,3250,1600,1900,3040000,2,26006,6503,1,115320000,115320000,9751,3250,6501,3250,0,1,3252,287255
168,3250,1600,1900,3040000,2,26006,6503,1,115320000,115320000,9751,3250,6501,3250,0,1,3252,313898
168,3250,1600,1900,3040000,2,26006,6503,1,115320000,115320000,9751,3250,6501,3250,0,1,3252,314393

168,3650,1600,1900,3040000,2,29206,7303,1,126520000,126520000,10951,3650,7301,3650,0,1,3652,3293432
168,3650,1600,1900,3040000,2,29206,7303,1,126520000,126520000,10951,3650,7301,3650,0,1,3652,315930
168,3650,1600,1900,3040000,2,29206,7303,1,126520000,126520000,10951,3650,7301,3650,0,1,3652,315437
168,3650,1600,1900,3040000,2,29206,7303,1,126520000,126520000,10951,3650,7301,3650,0,1,3652,314249
168,3650,1600,1900,3040000,2,29206,7303,1,126520000,126520000,10951,3650,7301,3650,0,1,3652,316569
168,3650,1600,1900,3040000,2,29206,7303,1,126520000,126520000,10951,3650,7301,3650,0,1,3652,361352
168,3650,1600,1900,3040000,2,29206,7303,1,126520000,126520000,10951,3650,7301,3650,0,1,3652,361953

168,4050,1600,1900,3040000,2,32406,8103,1,137720000,137720000,12151,4050,8101,4050,0,1,4052,3634407
168,4050,1600,1900,3040000,2,32406,8103,1,137720000,137720000,12151,4050,8101,4050,0,1,4052,345602
168,4050,1600,1900,3040000,2,32406,8103,1,137720000,137720000,12151,4050,8101,4050,0,1,4052,346261
168,4050,1600,1900,3040000,2,32406,8103,1,137720000,137720000,12151,4050,8101,4050,0,1,4052,347252
168,4050,1600,1900,3040000,2,32406,8103,1,137720000,137720000,12151,4050,8101,4050,0,1,4052,346841
168,4050,1600,1900,3040000,2,32406,8103,1,137720000,137720000,12151,4050,8101,4050,0,1,4052,392709
168,4050,1600,1900,3040000,2,32406,8103,1,137720000,137720000,12151,4050,8101,4050,0,1,4052,393230

168,4450,1600,1900,3040000,2,35606,8903,1,148920000,148920000,13351,4450,8901,4450,0,1,4452,3934624
168,4450,1600,1900,3040000,2,35606,8903,1,148920000,148920000,13351,4450,8901,4450,0,1,4452,379470
168,4450,1600,1900,3040000,2,35606,8903,1,148920000,148920000,13351,4450,8901,4450,0,1,4452,376879
168,4450,1600,1900,3040000,2,35606,8903,1,148920000,148920000,13351,4450,8901,4450,0,1,4452,378424
168,4450,1600,1900,3040000,2,35606,8903,1,148920000,148920000,13351,4450,8901,4450,0,1,4452,379034
168,4450,1600,1900,3040000,2,35606,8903,1,148920000,148920000,13351,4450,8901,4450,0,1,4452,434856
168,4450,1600,1900,3040000,2,35606,8903,1,148920000,148920000,13351,4450,8901,4450,0,1,4452,434322

168,4850,1600,1900,3040000,2,38806,9703,1,160120000,160120000,14551,4850,9701,4850,0,1,4852,4271810
168,4850,1600,1900,3040000,2,38806,9703,1,160120000,160120000,14551,4850,9701,4850,0,1,4852,412528
168,4850,1600,1900,3040000,2,38806,9703,1,160120000,160120000,14551,4850,9701,4850,0,1,4852,418801
168,4850,1600,1900,3040000,2,38806,9703,1,160120000,160120000,14551,4850,9701,4850,0,1,4852,411342
168,4850,1600,1900,3040000,2,38806,9703,1,160120000,160120000,14551,4850,9701,4850,0,1,4852,413477
168,4850,1600,1900,3040000,2,38806,9703,1,160120000,160120000,14551,4850,9701,4850,0,1,4852,494678
168,4850,1600,1900,3040000,2,38806,9703,1,160120000,160120000,14551,4850,9701,4850,0,1,4852,494111

168,5250,1600,1900,3040000,2,42006,10503,1,171320000,171320000,15751,5250,10501,5250,0,1,5252,4651242
168,5250,1600,1900,3040000,2,42006,10503,1,171320000,171320000,15751,5250,10501,5250,0,1,5252,438578
168,5250,1600,1900,3040000,2,42006,10503,1,171320000,171320000,15751,5250,10501,5250,0,1,5252,431981
168,5250,1600,1900,3040000,2,42006,10503,1,171320000,171320000,15751,5250,10501,5250,0,1,5252,453839
168,5250,1600,1900,3040000,2,42006,10503,1,171320000,171320000,15751,5250,10501,5250,0,1,5252,454577
168,5250,1600,1900,3040000,2,42006,10503,1,171320000,171320000,15751,5250,10501,5250,0,1,5252,504785
168,5250,1600,1900,3040000,2,42006,10503,1,171320000,171320000,15751,5250,10501,5250,0,1,5252,504200

168,5650,1600,1900,3040000,2,45206,11303,1,182520000,182520000,16951,5650,11301,5650,0,1,5652,5097995
168,5650,1600,1900,3040000,2,45206,11303,1,182520000,182520000,16951,5650,11301,5650,0,1,5652,479603
168,5650,1600,1900,3040000,2,45206,11303,1,182520000,182520000,16951,5650,11301,5650,0,1,5652,471648
168,5650,1600,1900,3040000,2,45206,11303,1,182520000,182520000,16951,5650,11301,5650,0,1,5652,474032
168,5650,1600,1900,3040000,2,45206,11303,1,182520000,182520000,16951,5650,11301,5650,0,1,5652,473243
168,5650,1600,1900,3040000,2,45206,11303,1,182520000,182520000,16951,5650,11301,5650,0,1,5652,533509
168,5650,1600,1900,3040000,2,45206,11303,1,182520000,182520000,16951,5650,11301,5650,0,1,5652,534090

168,6050,1600,1900,3040000,2,48406,12103,1,193720000,193720000,18151,6050,12101,6050,0,1,6052,5393777
168,6050,1600,1900,3040000,2,48406,12103,1,193720000,193720000,18151,6050,12101,6050,0,1,6052,496667
168,6050,1600,1900,3040000,2,48406,12103,1,193720000,193720000,18151,6050,12101,6050,0,1,6052,494682
168,6050,1600,1900,3040000,2,48406,12103,1,193720000,193720000,18151,6050,12101,6050,0,1,6052,496091
168,6050,1600,1900,3040000,2,48406,12103,1,193720000,193720000,18151,6050,12101,6050,0,1,6052,497727
168,6050,1600,1900,3040000,2,48406,12103,1,193720000,193720000,18151,6050,12101,6050,0,1,6052,581153
168,6050,1600,1900,3040000,2,48406,12103,1,193720000,193720000,18151,6050,12101,6050,0,1,6052,581776

168,6450,1600,1900,3040000,2,51606,12903,1,204920000,204920000,19351,6450,12901,6450,0,1,6452,5983530
168,6450,1600,1900,3040000,2,51606,12903,1,204920000,204920000,19351,6450,12901,6450,0,1,6452,530970
168,6450,1600,1900,3040000,2,51606,12903,1,204920000,204920000,19351,6450,12901,6450,0,1,6452,529505
168,6450,1600,1900,3040000,2,51606,12903,1,204920000,204920000,19351,6450,12901,6450,0,1,6452,530289
168,6450,1600,1900,3040000,2,51606,12903,1,204920000,204920000,19351,6450,12901,6450,0,1,6452,531531
168,6450,1600,1900,3040000,2,51606,12903,1,204920000,204920000,19351,6450,12901,6450,0,1,6452,609452
168,6450,1600,1900,3040000,2,51606,12903,1,204920000,204920000,19351,6450,12901,6450,0,1,6452,608816

168,6850,1600,1900,3040000,2,54806,13703,1,216120000,216120000,20551,6850,13701,6850,0,1,6852,6130477
168,6850,1600,1900,3040000,2,54806,13703,1,216120000,216120000,20551,6850,13701,6850,0,1,6852,569012
168,6850,1600,1900,3040000,2,54806,13703,1,216120000,216120000,20551,6850,13701,6850,0,1,6852,572045
168,6850,1600,1900,3040000,2,54806,13703,1,216120000,216120000,20551,6850,13701,6850,0,1,6852,571193
168,6850,1600,1900,3040000,2,54806,13703,1,216120000,216120000,20551,6850,13701,6850,0,1,6852,572562
168,6850,1600,1900,3040000,2,54806,13703,1,216120000,216120000,20551,6850,13701,6850,0,1,6852,640703
168,6850,1600,1900,3040000,2,54806,13703,1,216120000,216120000,20551,6850,13701,6850,0,1,6852,641341

168,50,1600,1500,2400000,2,406,103,1,20440000,20440000,151,50,101,50,0,1,52,28112
168,50,1600,1500,2400000,2,406,103,1,20440000,20440000,151,50,101,50,0,1,52,30333
168,50,1600,1500,2400000,2,406,103,1,20440000,20440000,151,50,101,50,0,1,52,28857
168,50,1600,1500,2400000,2,406,103,1,20440000,20440000,151,50,101,50,0,1,52,25327
168,50,1600,1500,2400000,2,406,103,1,20440000,20440000,151,50,101,50,0,1,52,29870
168,50,1600,1500,2400000,2,406,103,1,20440000,20440000,151,50,101,50,0,1,52,33123
168,50,1600,1500,2400000,2,406,103,1,20440000,20440000,151,50,101,50,0,1,52,36959

168,450,1600,1500,2400000,2,3606,903,1,30360000,30360000,1351,450,901,450,0,1,452,266410
168,450,1600,1500,2400000,2,3606,903,1,30360000,30360000,1351,450,901,450,0,1,452,53223
168,450,1600,1500,2400000,2,3606,903,1,30360000,30360000,1351,450,901,450,0,1,452,57707
168,450,1600,1500,2400000,2,3606,903,1,30360000,30360000,1351,450,901,450,0,1,452,58183
168,450,1600,1500,2400000,2,3606,903,1,30360000,30360000,1351,450,901,450,0,1,452,55528
168,450,1600,1500,2400000,2,3606,903,1,30360000,30360000,1351,450,901,450,0,1,452,65506
168,450,1600,1500,2400000,2,3606,903,1,30360000,30360000,1351,450,901,450,0,1,452,64997

168,850,1600,1500,2400000,2,6806,1703,1,40280000,40280000,2551,850,1701,850,0,1,852,525285
168,850,1600,1500,2400000,2,6806,1703,1,40280000,40280000,2551,850,1701,850,0,1,852,80901
168,850,1600,1500,2400000,2,6806,1703,1,40280000,40280000,2551,850,1701,850,0,1,852,79876
168,850,1600,1500,2400000,2,6806,1703,1,40280000,40280000,2551,850,1701,850,0,1,852,74927
168,850,1600,1500,2400000,2,6806,1703,1,40280000,40280000,2551,850,1701,850,0,1,852,81426
168,850,1600,1500,2400000,2,6806,1703,1,40280000,40280000,2551,850,1701,850,0,1,852,89620
168,850,1600,1500,2400000,2,6806,1703,1,40280000,40280000,2551,850,1701,850,0,1,852,90931

168,1250,1600,1500,2400000,2,10006,2503,1,50200000,50200000,3751,1250,2501,1250,0,1,1252,763508
168,1250,1600,1500,2400000,2,10006,2503,1,50200000,50200000,3751,1250,2501,1250,0,1,1252,112103
168,1250,1600,1500,2400000,2,10006,2503,1,50200000,50200000,3751,1250,2501,1250,0,1,1252,111169
168,1250,1600,1500,2400000,2,10006,2503,1,50200000,50200000,3751,1250,2501,1250,0,1,1252,110133
168,1250,1600,1500,2400000,2,10006,2503,1,50200000,50200000,3751,1250,2501,1250,0,1,1252,111574
168,1250,1600,1500,2400000,2,10006,2503,1,50200000,50200000,3751,1250,2501,1250,0,1,1252,117834
168,1250,1600,1500,2400000,2,10006,2503,1,50200000,50200000,3751,1250,2501,1250,0,1,1252,120216

168,1650,1600,1500,2400000,2,13206,3303,1,60120000,60120000,4951,1650,3301,1650,0,1,1652,1027453
168,1650,1600,1500,2400000,2,13206,3303,1,60120000,60120000,4951,1650,3301,1650,0,1,1652,132562
168,1650,1600,1500,2400000,2,13206,3303,1,60120000,60120000,4951,1650,3301,1650,0,1,1652,132134
168,1650,1600,1500,2400000,2,13206,3303,1,60120000,60120000,4951,1650,3301,1650,0,1,1652,131061
168,1650,1600,1500,2400000,2,13206,3303,1,60120000,60120000,4951,1650,3301,1650,0,1,1652,133140
168,1650,1600,1500,2400000,2,13206,3303,1,60120000,60120000,4951,1650,3301,1650,0,1,1652,147597
168,1650,1600,1500,2400000,2,13206,3303,1,60120000,60120000,4951,1650,3301,1650,0,1,1652,147005

168,2050,1600,1500,2400000,2,16406,4103,1,70040000,70040000,6151,2050,4101,2050,0,1,2052,1392509
168,2050,1600,1500,2400000,2,16406,4103,1,70040000,70040000,6151,2050,4101,2050,0,1,2052,164886
168,2050,1600,1500,2400000,2,16406,4103,1,70040000,70040000,6151,2050,4101,2050,0,1,2052,159734
168,2050,1600,1500,2400000,2,16406,4103,1,70040000,70040000,6151,2050,4101,2050,0,1,2052,165581
168,2050,1600,1500,2400000,2,16406,4103,1,70040000,70040000,6151,2050,4101,2050,0,1,2052,166190
168,2050,1600,1500,2400000,2,16406,4103,1,70040000,70040000,6151,2050,4101,2050,0,1,2052,180299
168,2050,1600,1500,2400000,2,16406,4103,1,70040000,70040000,6151,2050,4101,2050,0,1,2052,180919

168,2450,1600,1500,2400000,2,19606,4903,1,79960000,79960000,7351,2450,4901,2450,0,1,2452,1679066
168,2450,1600,1500,2400000,2,19606,4903,1,79960000,79960000,7351,2450,4901,2450,0,1,2452,184061
168,2450,1600,1500,2400000,2,19606,4903,1,79960000,79960000,7351,2450,4901,2450,0,1,2452,183714
168,2450,1600,1500,2400000,2,19606,4903,1,79960000,79960000,7351,2450,4901,2450,0,1,2452,183164
168,2450,1600,1500,2400000,2,19606,4903,1,79960000,79960000,7351,2450,4901,2450,0,1,2452,181720
168,2450,1600,1500,2400000,2,19606,4903,1,79960000,79960000,7351,2450,4901,2450,0,1,2452,202916
168,2450,1600,1500,2400000,2,19606,4903,1,79960000,79960000,7351,2450,4901,2450,0,1,2452,203383

168,2850,1600,1500,2400000,2,22806,5703,1,89880000,89880000,8551,2850,5701,2850,0,1,2852,1897539
168,2850,1600,1500,2400000,2,22806,5703,1,89880000,89880000,8551,2850,5701,2850,0,1,2852,213938
168,2850,1600,1500,2400000,2,22806,5703,1,89880000,89880000,8551,2850,5701,2850,0,1,2852,214673
168,2850,1600,1500,2400000,2,22806,5703,1,89880000,89880000,8551,2850,5701,2850,0,1,2852,209776
168,2850,1600,1500,2400000,2,22806,5703,1,89880000,89880000,8551,2850,5701,2850,0,1,2852,212822
168,2850,1600,1500,2400000,2,22806,5703,1,89880000,89880000,8551,2850,5701,2850,0,1,2852,217560
168,2850,1600,1500,2400000,2,22806,5703,1,89880000,89880000,8551,2850,5701,2850,0,1,2852,218045

168,3250,1600,1500,2400000,2,26006,6503,1,99800000,99800000,9751,3250,6501,3250,0,1,3252,2168740
168,3250,1600,1500,2400000,2,26006,6503,1,99800000,99800000,9751,3250,6501,3250,0,1,3252,232623
168,3250,1600,1500,2400000,2,26006,6503,1,99800000,99800000,9751,3250,6501,3250,0,1,3252,234850
168,3250,1600,1500,2400000,2,26006,6503,1,99800000,99800000,9751,3250,6501,3250,0,1,3252,235452
168,3250,1600,1500,2400000,2,26006,6503,1,99800000,99800000,9751,3250,6501,3250,0,1,3252,234160
168,3250,1600,1500,2400000,2,26006,6503,1,99800000,99800000,9751,3250,6501,3250,0,1,3252,261831
168,3250,1600,1500,2400000,2,26006,6503,1,99800000,99800000,9751,3250,6501,3250,0,1,3252,261253

168,3650,1600,1500,2400000,2,29206,7303,1,109720000,109720000,10951,3650,7301,3650,0,1,3652,2647321
168,3650,1600,1500,2400000,2,29206,7303,1,109720000,109720000,10951,3650,7301,3650,0,1,3652,259740
168,3650,1600,1500,2400000,2,29206,7303,1,109720000,109720000,10951,3650,7301,3650,0,1,3652,264999
168,3650,1600,1500,2400000,2,29206,7303,1,109720000,109720000,10951,3650,7301,3650,0,1,3652,260355
168,3650,1600,1500,2400000,2,29206,7303,1,109720000,109720000,10951,3650,7301,3650,0,1,3652,260786
168,3650,1600,1500,2400000,2,29206,7303,1,109720000,109720000,10951,3650,7301,3650,0,1,3652,334947
168,3650,1600,1500,2400000,2,29206,7303,1,109720000,109720000,10951,3650,7301,3650,0,1,3652,334419

168,4050,1600,1500,2400000,2,32406,8103,1,119640000,119640000,12151,4050,8101,4050,0,1,4052,2974625
168,4050,1600,1500,2400000,2,32406,8103,1,119640000,119640000,12151,4050,8101,4050,0,1,4052,283286
168,4050,1600,1500,2400000,2,32406,8103,1,119640000,119640000,12151,4050,8101,4050,0,1,4052,290188
168,4050,1600,1500,2400000,2,32406,8103,1,119640000,119640000,12151,4050,8101,4050,0,1,4052,300480
168,4050,1600,1500,2400000,2,32406,8103,1,119640000,119640000,12151,4050,8101,4050,0,1,4052,298986
168,4050,1600,1500,2400000,2,32406,8103,1,119640000,119640000,12151,4050,8101,4050,0,1,4052,344814
168,4050,1600,1500,2400000,2,32406,8103,1,119640000,119640000,12151,4050,8101,4050,0,1,4052,345352

168,4450,1600,1500,2400000,2,35606,8903,1,129560000,129560000,13351,4450,8901,4450,0,1,4452,3172653
168,4450,1600,1500,2400000,2,35606,8903,1,129560000,129560000,13351,4450,8901,4450,0,1,4452,328428
168,4450,1600,1500,2400000,2,35606,8903,1,129560000,129560000,13351,4450,8901,4450,0,1,4452,330986
168,4450,1600,1500,2400000,2,35606,8903,1,129560000,129560000,13351,4450,8901,4450,0,1,4452,333216
168,4450,1600,1500,2400000,2,35606,8903,1,129560000,129560000,13351,4450,8901,4450,0,1,4452,333915
168,4450,1600,1500,2400000,2,35606,8903,1,129560000,129560000,13351,4450,8901,4450,0,1,4452,386849
168,4450,1600,1500,2400000,2,35606,8903,1,129560000,129560000,13351,4450,8901,4450,0,1,4452,386312

168,4850,1600,1500,2400000,2,38806,9703,1,139480000,139480000,14551,4850,9701,4850,0,1,4852,3411256
168,4850,1600,1500,2400000,2,38806,9703,1,139480000,139480000,14551,4850,9701,4850,0,1,4852,347010
168,4850,1600,1500,2400000,2,38806,9703,1,139480000,139480000,14551,4850,9701,4850,0,1,4852,332072
168,4850,1600,1500,2400000,2,38806,9703,1,139480000,139480000,14551,4850,9701,4850,0,1,4852,334527
168,4850,1600,1500,2400000,2,38806,9703,1,139480000,139480000,14551,4850,9701,4850,0,1,4852,336299
168,4850,1600,1500,2400000,2,38806,9703,1,139480000,139480000,14551,4850,9701,4850,0,1,4852,380567
168,4850,1600,1500,2400000,2,38806,9703,1,139480000,139480000,14551,4850,9701,4850,0,1,4852,379789

168,5250,1600,1500,2400000,2,42006,10503,1,149400000,149400000,15751,5250,10501,5250,0,1,5252,3719090
168,5250,1600,1500,2400000,2,42006,10503,1,149400000,149400000,15751,5250,10501,5250,0,1,5252,360549
168,5250,1600,1500,2400000,2,42006,10503,1,149400000,149400000,15751,5250,10501,5250,0,1,5252,359414
168,5250,1600,1500,2400000,2,42006,10503,1,149400000,149400000,15751,5250,10501,5250,0,1,5252,360064
168,5250,1600,1500,2400000,2,42006,10503,1,149400000,149400000,15751,5250,10501,5250,0,1,5252,356608
168,5250,1600,1500,2400000,2,42006,10503,1,149400000,149400000,15751,5250,10501,5250,0,1,5252,426708
168,5250,1600,1500,2400000,2,42006,10503,1,149400000,149400000,15751,5250,10501,5250,0,1,5252,426113

168,5650,1600,1500,2400000,2,45206,11303,1,159320000,159320000,16951,5650,11301,5650,0,1,5652,4113380
168,5650,1600,1500,2400000,2,45206,11303,1,159320000,159320000,16951,5650,11301,5650,0,1,5652,389122
168,5650,1600,1500,2400000,2,45206,11303,1,159320000,159320000,16951,5650,11301,5650,0,1,5652,385066
168,5650,1600,1500,2400000,2,45206,11303,1,159320000,159320000,16951,5650,11301,5650,0,1,5652,387934
168,5650,1600,1500,2400000,2,45206,11303,1,159320000,159320000,16951,5650,11301,5650,0,1,5652,388613
168,5650,1600,1500,2400000,2,45206,11303,1,159320000,159320000,16951,5650,11301,5650,0,1,5652,460445
168,5650,1600,1500,2400000,2,45206,11303,1,159320000,159320000,16951,5650,11301,5650,0,1,5652,461053

168,6050,1600,1500,2400000,2,48406,12103,1,169240000,169240000,18151,6050,12101,6050,0,1,6052,4165234
168,6050,1600,1500,2400000,2,48406,12103,1,169240000,169240000,18151,6050,12101,6050,0,1,6052,407144
168,6050,1600,1500,2400000,2,48406,12103,1,169240000,169240000,18151,6050,12101,6050,0,1,6052,410526
168,6050,1600,1500,2400000,2,48406,12103,1,169240000,169240000,18151,6050,12101,6050,0,1,6052,411908
168,6050,1600,1500,2400000,2,48406,12103,1,169240000,169240000,18151,6050,12101,6050,0,1,6052,411136
168,6050,1600,1500,2400000,2,48406,12103,1,169240000,169240000,18151,6050,12101,6050,0,1,6052,478927
168,6050,1600,1500,2400000,2,48406,12103,1,169240000,169240000,18151,6050,12101,6050,0,1,6052,480370

168,6450,1600,1500,2400000,2,51606,12903,1,179160000,179160000,19351,6450,12901,6450,0,1,6452,4494233
168,6450,1600,1500,2400000,2,51606,12903,1,179160000,179160000,19351,6450,12901,6450,0,1,6452,436921
168,6450,1600,1500,2400000,2,51606,12903,1,179160000,179160000,19351,6450,12901,6450,0,1,6452,440981
168,6450,1600,1500,2400000,2,51606,12903,1,179160000,179160000,19351,6450,12901,6450,0,1,6452,439194
168,6450,1600,1500,2400000,2,51606,12903,1,179160000,179160000,19351,6450,12901,6450,0,1,6452,438461
168,6450,1600,1500,2400000,2,51606,12903,1,179160000,179160000,19351,6450,12901,6450,0,1,6452,512775
168,6450,1600,1500,2400000,2,51606,12903,1,179160000,179160000,19351,6450,12901,6450,0,1,6452,512137

168,6850,1600,1500,2400000,2,54806,13703,1,189080000,189080000,20551,6850,13701,6850,0,1,6852,4562743
168,6850,1600,1500,2400000,2,54806,13703,1,189080000,189080000,20551,6850,13701,6850,0,1,6852,457287
168,6850,1600,1500,2400000,2,54806,13703,1,189080000,189080000,20551,6850,13701,6850,0,1,6852,455351
168,6850,1600,1500,2400000,2,54806,13703,1,189080000,189080000,20551,6850,13701,6850,0,1,6852,458990
168,6850,1600,1500,2400000,2,54806,13703,1,189080000,189080000,20551,6850,13701,6850,0,1,6852,458177
168,6850,1600,1500,2400000,2,54806,13703,1,189080000,189080000,20551,6850,13701,6850,0,1,6852,534627
168,6850,1600,1500,2400000,2,54806,13703,1,189080000,189080000,20551,6850,13701,6850,0,1,6852,535270

168,50,1600,1100,1760000,2,406,103,1,15160000,15160000,151,50,101,50,0,1,52,20139
168,50,1600,1100,1760000,2,406,103,1,15160000,15160000,151,50,101,50,0,1,52,24624
168,50,1600,1100,1760000,2,406,103,1,15160000,15160000,151,50,101,50,0,1,52,24424
168,50,1600,1100,1760000,2,406,103,1,15160000,15160000,151,50,101,50,0,1,52,24005
168,50,1600,1100,1760000,2,406,103,1,15160000,15160000,151,50,101,50,0,1,52,21240
168,50,1600,1100,1760000,2,406,103,1,15160000,15160000,151,50,101,50,0,1,52,30691
168,50,1600,1100,1760000,2,406,103,1,15160000,15160000,151,50,101,50,0,1,52,30198

168,450,1600,1100,1760000,2,3606,903,1,23800000,23800000,1351,450,901,450,0,1,452,183926
168,450,1600,1100,1760000,2,3606,903,1,23800000,23800000,1351,450,901,450,0,1,452,43543
168,450,1600,1100,1760000,2,3606,903,1,23800000,23800000,1351,450,901,450,0,1,452,45839
168,450,1600,1100,1760000,2,3606,903,1,23800000,23800000,1351,450,901,450,0,1,452,46197
168,450,1600,1100,1760000,2,3606,903,1,23800000,23800000,1351,450,901,450,0,1,452,46693
168,450,1600,1100,1760000,2,3606,903,1,23800000,23800000,1351,450,901,450,0,1,452,51163
168,450,1600,1100,1760000,2,3606,903,1,23800000,23800000,1351,450,901,450,0,1,452,50658

168,850,1600,1100,1760000,2,6806,1703,1,32440000,32440000,2551,850,1701,850,0,1,852,376100
168,850,1600,1100,1760000,2,6806,1703,1,32440000,32440000,2551,850,1701,850,0,1,852,63663
168,850,1600,1100,1760000,2,6806,1703,1,32440000,32440000,2551,850,1701,850,0,1,852,64122
168,850,1600,1100,1760000,2,6806,1703,1,32440000,32440000,2551,850,1701,850,0,1,852,64371
168,850,1600,1100,1760000,2,6806,1703,1,32440000,32440000,2551,850,1701,850,0,1,852,63100
168,850,1600,1100,1760000,2,6806,1703,1,32440000,32440000,2551,850,1701,850,0,1,852,71567
168,850,1600,1100,1760000,2,6806,1703,1,32440000,32440000,2551,850,1701,850,0,1,852,72105

168,1250,1600,1100,1760000,2,10006,2503,1,41080000,41080000,3751,1250,2501,1250,0,1,1252,577768
168,1250,1600,1100,1760000,2,10006,2503,1,41080000,41080000,3751,1250,2501,1250,0,1,1252,86510
168,1250,1600,1100,1760000,2,10006,2503,1,41080000,41080000,3751,1250,2501,1250,0,1,1252,86778
168,1250,1600,1100,1760000,2,10006,2503,1,41080000,41080000,3751,1250,2501,1250,0,1,1252,86033
168,1250,1600,1100,1760000,2,10006,2503,1,41080000,41080000,3751,1250,2501,1250,0,1,1252,85455
168,1250,1600,1100,1760000,2,10006,2503,1,41080000,41080000,3751,1250,2501,1250,0,1,1252,93069
168,1250,1600,1100,1760000,2,10006,2503,1,41080000,41080000,3751,1250,2501,1250,0,1,1252,94386

168,1650,1600,1100,1760000,2,13206,3303,1,49720000,49720000,4951,1650,3301,1650,0,1,1652,744865
168,1650,1600,1100,1760000,2,13206,3303,1,49720000,49720000,4951,1650,3301,1650,0,1,1652,106965
168,1650,1600,1100,1760000,2,13206,3303,1,49720000,49720000,4951,1650,3301,1650,0,1,1652,106302
168,1650,1600,1100,1760000,2,13206,3303,1,49720000,49720000,4951,1650,3301,1650,0,1,1652,103095
168,1650,1600,1100,1760000,2,13206,3303,1,49720000,49720000,4951,1650,3301,1650,0,1,1652,107548
168,1650,1600,1100,1760000,2,13206,3303,1,49720000,49720000,4951,1650,3301,1650,0,1,1652,113361
168,1650,1600,1100,1760000,2,13206,3303,1,49720000,49720000,4951,1650,3301,1650,0,1,1652,115526

168,2050,1600,1100,1760000,2,16406,4103,1,58360000,58360000,6151,2050,4101,2050,0,1,2052,995259
168,2050,1600,1100,1760000,2,16406,4103,1,58360000,58360000,6151,2050,4101,2050,0,1,2052,121447
168,2050,1600,1100,1760000,2,16406,4103,1,58360000,58360000,6151,2050,4101,2050,0,1,2052,123071
168,2050,1600,1100,1760000,2,16406,4103,1,58360000,58360000,6151,2050,4101,2050,0,1,2052,124695
168,2050,1600,1100,1760000,2,16406,4103,1,58360000,58360000,6151,2050,4101,2050,0,1,2052,125296
168,2050,1600,1100,1760000,2,16406,4103,1,58360000,58360000,6151,2050,4101,2050,0,1,2052,136740
168,2050,1600,1100,1760000,2,16406,4103,1,58360000,58360000,6151,2050,4101,2050,0,1,2052,137360

168,2450,1600,1100,1760000,2,19606,4903,1,67000000,67000000,7351,2450,4901,2450,0,1,2452,1161613
168,2450,1600,1100,1760000,2,19606,4903,1,67000000,67000000,7351,2450,4901,2450,0,1,2452,146978
168,2450,1600,1100,1760000,2,19606,4903,1,67000000,67000000,7351,2450,4901,2450,0,1,2452,147590
168,2450,1600,1100,1760000,2,19606,4903,1,67000000,67000000,7351,2450,4901,2450,0,1,2452,143230
168,2450,1600,1100,1760000,2,19606,4903,1,67000000,67000000,7351,2450,4901,2450,0,1,2452,145836
168,2450,1600,1100,1760000,2,19606,4903,1,67000000,67000000,7351,2450,4901,2450,0,1,2452,160226
168,2450,1600,1100,1760000,2,19606,4903,1,67000000,67000000,7351,2450,4901,2450,0,1,2452,160867

168,2850,1600,1100,1760000,2,22806,5703,1,75640000,75640000,8551,2850,5701,2850,0,1,2852,1342611
168,2850,1600,1100,1760000,2,22806,5703,1,75640000,75640000,8551,2850,5701,2850,0,1,2852,165939
168,2850,1600,1100,1760000,2,22806,5703,1,75640000,75640000,8551,2850,5701,2850,0,1,2852,165355
168,2850,1600,1100,1760000,2,22806,5703,1,75640000,75640000,8551,2850,5701,2850,0,1,2852,163899
168,2850,1600,1100,1760000,2,22806,5703,1,75640000,75640000,8551,2850,5701,2850,0,1,2852,166340
168,2850,1600,1100,1760000,2,22806,5703,1,75640000,75640000,8551,2850,5701,2850,0,1,2852,183653
168,2850,1600,1100,1760000,2,22806,5703,1,75640000,75640000,8551,2850,5701,2850,0,1,2852,184345

168,3250,1600,1100,1760000,2,26006,6503,1,84280000,84280000,9751,3250,6501,3250,0,1,3252,1616973
168,3250,1600,1100,1760000,2,26006,6503,1,84280000,84280000,9751,3250,6501,3250,0,1,3252,185765
168,3250,1600,1100,1760000,2,26006,6503,1,84280000,84280000,9751,3250,6501,3250,0,1,3252,182994
168,3250,1600,1100,1760000,2,26006,6503,1,84280000,84280000,9751,3250,6501,3250,0,1,3252,184758
168,3250,1600,1100,1760000,2,26006,6503,1,84280000,84280000,9751,3250,6501,3250,0,1,3252,185369
168,3250,1600,1100,1760000,2,26006,6503,1,84280000,84280000,9751,3250,6501,3250,0,1,3252,205128
168,3250,1600,1100,1760000,2,26006,6503,1,84280000,84280000,9751,3250,6501,3250,0,1,3252,205620

168,3650,1600,1100,1760000,2,29206,7303,1,92920000,92920000,10951,3650,7301,3650,0,1,3652,1704042
168,3650,1600,1100,1760000,2,29206,7303,1,92920000,92920000,10951,3650,7301,3650,0,1,3652,201546
168,3650,1600,1100,1760000,2,29206,7303,1,92920000,92920000,10951,3650,7301,3650,0,1,3652,200975
168,3650,1600,1100,1760000,2,29206,7303,1,92920000,92920000,10951,3650,7301,3650,0,1,3652,201938
168,3650,1600,1100,1760000,2,29206,7303,1,92920000,92920000,10951,3650,7301,3650,0,1,3652,200294
168,3650,1600,1100,1760000,2,29206,7303,1,92920000,92920000,10951,3650,7301,3650,0,1,3652,230430
168,3650,1600,1100,1760000,2,29206,7303,1,92920000,92920000,10951,3650,7301,3650,0,1,3652,229839

168,4050,1600,1100,1760000,2,32406,8103,1,101560000,101560000,12151,4050,8101,4050,0,1,4052,2000139
168,4050,1600,1100,1760000,2,32406,8103,1,101560000,101560000,12151,4050,8101,4050,0,1,4052,222730
168,4050,1600,1100,1760000,2,32406,8103,1,101560000,101560000,12151,4050,8101,4050,0,1,4052,222321
168,4050,1600,1100,1760000,2,32406,8103,1,101560000,101560000,12151,4050,8101,4050,0,1,4052,221743
168,4050,1600,1100,1760000,2,32406,8103,1,101560000,101560000,12151,4050,8101,4050,0,1,4052,221089
168,4050,1600,1100,1760000,2,32406,8103,1,101560000,101560000,12151,4050,8101,4050,0,1,4052,258527
168,4050,1600,1100,1760000,2,32406,8103,1,101560000,101560000,12151,4050,8101,4050,0,1,4052,258012

168,4450,1600,1100,1760000,2,35606,8903,1,110200000,110200000,13351,4450,8901,4450,0,1,4452,2256452
168,4450,1600,1100,1760000,2,35606,8903,1,110200000,110200000,13351,4450,8901,4450,0,1,4452,240679
168,4450,1600,1100,1760000,2,35606,8903,1,110200000,110200000,13351,4450,8901,4450,0,1,4452,241504
168,4450,1600,1100,1760000,2,35606,8903,1,110200000,110200000,13351,4450,8901,4450,0,1,4452,241068
168,4450,1600,1100,1760000,2,35606,8903,1,110200000,110200000,13351,4450,8901,4450,0,1,4452,240141
168,4450,1600,1100,1760000,2,35606,8903,1,110200000,110200000,13351,4450,8901,4450,0,1,4452,282257
168,4450,1600,1100,1760000,2,35606,8903,1,110200000,110200000,13351,4450,8901,4450,0,1,4452,281721

168,4850,1600,1100,1760000,2,38806,9703,1,118840000,118840000,14551,4850,9701,4850,0,1,4852,2493362
168,4850,1600,1100,1760000,2,38806,9703,1,118840000,118840000,14551,4850,9701,4850,0,1,4852,257793
168,4850,1600,1100,1760000,2,38806,9703,1,118840000,118840000,14551,4850,9701,4850,0,1,4852,266195
168,4850,1600,1100,1760000,2,38806,9703,1,118840000,118840000,14551,4850,9701,4850,0,1,4852,258944
168,4850,1600,1100,1760000,2,38806,9703,1,118840000,118840000,14551,4850,9701,4850,0,1,4852,265493
168,4850,1600,1100,1760000,2,38806,9703,1,118840000,118840000,14551,4850,9701,4850,0,1,4852,315754
168,4850,1600,1100,1760000,2,38806,9703,1,118840000,118840000,14551,4850,9701,4850,0,1,4852,316331

168,5250,1600,1100,1760000,2,42006,10503,1,127480000,127480000,15751,5250,10501,5250,0,1,5252,2708029
168,5250,1600,1100,1760000,2,42006,10503,1,127480000,127480000,15751,5250,10501,5250,0,1,5252,305709
168,5250,1600,1100,1760000,2,42006,10503,1,127480000,127480000,15751,5250,10501,5250,0,1,5252,301567
168,5250,1600,1100,1760000,2,42006,10503,1,127480000,127480000,15751,5250,10501,5250,0,1,5252,304977
168,5250,1600,1100,1760000,2,42006,10503,1,127480000,127480000,15751,5250,10501,5250,0,1,5252,302352
168,5250,1600,1100,1760000,2,42006,10503,1,127480000,127480000,15751,5250,10501,5250,0,1,5252,369370
168,5250,1600,1100,1760000,2,42006,10503,1,127480000,127480000,15751,5250,10501,5250,0,1,5252,369965

168,5650,1600,1100,1760000,2,45206,11303,1,136120000,136120000,16951,5650,11301,5650,0,1,5652,2925192
168,5650,1600,1100,1760000,2,45206,11303,1,136120000,136120000,16951,5650,11301,5650,0,1,5652,300195
168,5650,1600,1100,1760000,2,45206,11303,1,136120000,136120000,16951,5650,11301,5650,0,1,5652,298136
168,5650,1600,1100,1760000,2,45206,11303,1,136120000,136120000,16951,5650,11301,5650,0,1,5652,299451
168,5650,1600,1100,1760000,2,45206,11303,1,136120000,136120000,16951,5650,11301,5650,0,1,5652,296901
168,5650,1600,1100,1760000,2,45206,11303,1,136120000,136120000,16951,5650,11301,5650,0,1,5652,361683
168,5650,1600,1100,1760000,2,45206,11303,1,136120000,136120000,16951,5650,11301,5650,0,1,5652,359535

168,6050,1600,1100,1760000,2,48406,12103,1,144760000,144760000,18151,6050,12101,6050,0,1,6052,3131522
168,6050,1600,1100,1760000,2,48406,12103,1,144760000,144760000,18151,6050,12101,6050,0,1,6052,316356
168,6050,1600,1100,1760000,2,48406,12103,1,144760000,144760000,18151,6050,12101,6050,0,1,6052,318967
168,6050,1600,1100,1760000,2,48406,12103,1,144760000,144760000,18151,6050,12101,6050,0,1,6052,317624
168,6050,1600,1100,1760000,2,48406,12103,1,144760000,144760000,18151,6050,12101,6050,0,1,6052,319754
168,6050,1600,1100,1760000,2,48406,12103,1,144760000,144760000,18151,6050,12101,6050,0,1,6052,378080
168,6050,1600,1100,1760000,2,48406,12103,1,144760000,144760000,18151,6050,12101,6050,0,1,6052,378698

168,6450,1600,1100,1760000,2,51606,12903,1,153400000,153400000,19351,6450,12901,6450,0,1,6452,3194495
168,6450,1600,1100,1760000,2,51606,12903,1,153400000,153400000,19351,6450,12901,6450,0,1,6452,336338
168,6450,1600,1100,1760000,2,51606,12903,1,153400000,153400000,19351,6450,12901,6450,0,1,6452,337604
168,6450,1600,1100,1760000,2,51606,12903,1,153400000,153400000,19351,6450,12901,6450,0,1,6452,332826
168,6450,1600,1100,1760000,2,51606,12903,1,153400000,153400000,19351,6450,12901,6450,0,1,6452,337049
168,6450,1600,1100,1760000,2,51606,12903,1,153400000,153400000,19351,6450,12901,6450,0,1,6452,396878
168,6450,1600,1100,1760000,2,51606,12903,1,153400000,153400000,19351,6450,12901,6450,0,1,6452,396240

168,6850,1600,1100,1760000,2,54806,13703,1,162040000,162040000,20551,6850,13701,6850,0,1,6852,3317385
168,6850,1600,1100,1760000,2,54806,13703,1,162040000,162040000,20551,6850,13701,6850,0,1,6852,359255
168,6850,1600,1100,1760000,2,54806,13703,1,162040000,162040000,20551,6850,13701,6850,0,1,6852,358426
168,6850,1600,1100,1760000,2,54806,13703,1,162040000,162040000,20551,6850,13701,6850,0,1,6852,353948
168,6850,1600,1100,1760000,2,54806,13703,1,162040000,162040000,20551,6850,13701,6850,0,1,6852,357568
168,6850,1600,1100,1760000,2,54806,13703,1,162040000,162040000,20551,6850,13701,6850,0,1,6852,420836
168,6850,1600,1100,1760000,2,54806,13703,1,162040000,162040000,20551,6850,13701,6850,0,1,6852,421487

168,50,1600,700,1120000,2,406,103,1,9880000,9880000,151,50,101,50,0,1,52,12986
168,50,1600,700,1120000,2,406,103,1,9880000,9880000,151,50,101,50,0,1,52,21000
168,50,1600,700,1120000,2,406,103,1,9880000,9880000,151,50,101,50,0,1,52,18501
168,50,1600,700,1120000,2,406,103,1,9880000,9880000,151,50,101,50,0,1,52,19412
168,50,1600,700,1120000,2,406,103,1,9880000,9880000,151,50,101,50,0,1,52,20078
168,50,1600,700,1120000,2,406,103,1,9880000,9880000,151,50,101,50,0,1,52,22899
168,50,1600,700,1120000,2,406,103,1,9880000,9880000,151,50,101,50,0,1,52,23392

168,450,1600,700,1120000,2,3606,903,1,17240000,17240000,1351,450,901,450,0,1,452,114610
168,450,1600,700,1120000,2,3606,903,1,17240000,17240000,1351,450,901,450,0,1,452,35596
168,450,1600,700,1120000,2,3606,903,1,17240000,17240000,1351,450,901,450,0,1,452,38813
168,450,1600,700,1120000,2,3606,903,1,17240000,17240000,1351,450,901,450,0,1,452,35043
168,450,1600,700,1120000,2,3606,903,1,17240000,17240000,1351,450,901,450,0,1,452,38211
168,450,1600,700,1120000,2,3606,903,1,17240000,17240000,1351,450,901,450,0,1,452,40656
168,450,1600,700,1120000,2,3606,903,1,17240000,17240000,1351,450,901,450,0,1,452,41173

168,850,1600,700,1120000,2,6806,1703,1,24600000,24600000,2551,850,1701,850,0,1,852,240036
168,850,1600,700,1120000,2,6806,1703,1,24600000,24600000,2551,850,1701,850,0,1,852,48183
168,850,1600,700,1120000,2,6806,1703,1,24600000,24600000,2551,850,1701,850,0,1,852,50502
168,850,1600,700,1120000,2,6806,1703,1,24600000,24600000,2551,850,1701,850,0,1,852,49776
168,850,1600,700,1120000,2,6806,1703,1,24600000,24600000,2551,850,1701,850,0,1,852,48797
168,850,1600,700,1120000,2,6806,1703,1,24600000,24600000,2551,850,1701,850,0,1,852,54679
168,850,1600,700,1120000,2,6806,1703,1,24600000,24600000,2551,850,1701,850,0,1,852,53416

168,1250,1600,700,1120000,2,10006,2503,1,31960000,31960000,3751,1250,2501,1250,0,1,1252,349737
168,1250,1600,700,1120000,2,10006,2503,1,31960000,31960000,3751,1250,2501,1250,0,1,1252,63784
168,1250,1600,700,1120000,2,10006,2503,1,31960000,31960000,3751,1250,2501,1250,0,1,1252,61729
168,1250,1600,700,1120000,2,10006,2503,1,31960000,31960000,3751,1250,2501,1250,0,1,1252,63519
168,1250,1600,700,1120000,2,10006,2503,1,31960000,31960000,3751,1250,2501,1250,0,1,1252,63041
168,1250,1600,700,1120000,2,10006,2503,1,31960000,31960000,3751,1250,2501,1250,0,1,1252,70253
168,1250,1600,700,1120000,2,10006,2503,1,31960000,31960000,3751,1250,2501,1250,0,1,1252,69704

168,1650,1600,700,1120000,2,13206,3303,1,39320000,39320000,4951,1650,3301,1650,0,1,1652,470639
168,1650,1600,700,1120000,2,13206,3303,1,39320000,39320000,4951,1650,3301,1650,0,1,1652,74466
168,1650,1600,700,1120000,2,13206,3303,1,39320000,39320000,4951,1650,3301,1650,0,1,1652,78060
168,1650,1600,700,1120000,2,13206,3303,1,39320000,39320000,4951,1650,3301,1650,0,1,1652,77522
168,1650,1600,700,1120000,2,13206,3303,1,39320000,39320000,4951,1650,3301,1650,0,1,1652,78366
168,1650,1600,700,1120000,2,13206,3303,1,39320000,39320000,4951,1650,3301,1650,0,1,1652,85609
168,1650,1600,700,1120000,2,13206,3303,1,39320000,39320000,4951,1650,3301,1650,0,1,1652,85021

168,2050,1600,700,1120000,2,16406,4103,1,46680000,46680000,6151,2050,4101,2050,0,1,2052,612325
168,2050,1600,700,1120000,2,16406,4103,1,46680000,46680000,6151,2050,4101,2050,0,1,2052,90791
168,2050,1600,700,1120000,2,16406,4103,1,46680000,46680000,6151,2050,4101,2050,0,1,2052,89009
168,2050,1600,700,1120000,2,16406,4103,1,46680000,46680000,6151,2050,4101,2050,0,1,2052,91379
168,2050,1600,700,1120000,2,16406,4103,1,46680000,46680000,6151,2050,4101,2050,0,1,2052,89939
168,2050,1600,700,1120000,2,16406,4103,1,46680000,46680000,6151,2050,4101,2050,0,1,2052,99766
168,2050,1600,700,1120000,2,16406,4103,1,46680000,46680000,6151,2050,4101,2050,0,1,2052,101142

168,2450,1600,700,1120000,2,19606,4903,1,54040000,54040000,7351,2450,4901,2450,0,1,2452,710857
168,2450,1600,700,1120000,2,19606,4903,1,54040000,54040000,7351,2450,4901,2450,0,1,2452,105216
168,2450,1600,700,1120000,2,19606,4903,1,54040000,54040000,7351,2450,4901,2450,0,1,2452,106296
168,2450,1600,700,1120000,2,19606,4903,1,54040000,54040000,7351,2450,4901,2450,0,1,2452,107364
168,2450,1600,700,1120000,2,19606,4903,1,54040000,54040000,7351,2450,4901,2450,0,1,2452,106758
168,2450,1600,700,1120000,2,19606,4903,1,54040000,54040000,7351,2450,4901,2450,0,1,2452,117359
168,2450,1600,700,1120000,2,19606,4903,1,54040000,54040000,7351,2450,4901,2450,0,1,2452,118002

168,2850,1600,700,1120000,2,22806,5703,1,61400000,61400000,8551,2850,5701,2850,0,1,2852,826321
168,2850,1600,700,1120000,2,22806,5703,1,61400000,61400000,8551,2850,5701,2850,0,1,2852,122033
168,2850,1600,700,1120000,2,22806,5703,1,61400000,61400000,8551,2850,5701,2850,0,1,2852,121080
168,2850,1600,700,1120000,2,22806,5703,1,61400000,61400000,8551,2850,5701,2850,0,1,2852,121656
168,2850,1600,700,1120000,2,22806,5703,1,61400000,61400000,8551,2850,5701,2850,0,1,2852,120417
168,2850,1600,700,1120000,2,22806,5703,1,61400000,61400000,8551,2850,5701,2850,0,1,2852,134553
168,2850,1600,700,1120000,2,22806,5703,1,61400000,61400000,8551,2850,5701,2850,0,1,2852,135222

168,3250,1600,700,1120000,2,26006,6503,1,68760000,68760000,9751,3250,6501,3250,0,1,3252,956748
168,3250,1600,700,1120000,2,26006,6503,1,68760000,68760000,9751,3250,6501,3250,0,1,3252,133678
168,3250,1600,700,1120000,2,26006,6503,1,68760000,68760000,9751,3250,6501,3250,0,1,3252,132676
168,3250,1600,700,1120000,2,26006,6503,1,68760000,68760000,9751,3250,6501,3250,0,1,3252,133282
168,3250,1600,700,1120000,2,26006,6503,1,68760000,68760000,9751,3250,6501,3250,0,1,3252,131952
168,3250,1600,700,1120000,2,26006,6503,1,68760000,68760000,9751,3250,6501,3250,0,1,3252,156820
168,3250,1600,700,1120000,2,26006,6503,1,68760000,68760000,9751,3250,6501,3250,0,1,3252,157502

168,3650,1600,700,1120000,2,29206,7303,1,76120000,76120000,10951,3650,7301,3650,0,1,3652,1131676
168,3650,1600,700,1120000,2,29206,7303,1,76120000,76120000,10951,3650,7301,3650,0,1,3652,147099
168,3650,1600,700,1120000,2,29206,7303,1,76120000,76120000,10951,3650,7301,3650,0,1,3652,145614
168,3650,1600,700,1120000,2,29206,7303,1,76120000,76120000,10951,3650,7301,3650,0,1,3652,147754
168,3650,1600,700,1120000,2,29206,7303,1,76120000,76120000,10951,3650,7301,3650,0,1,3652,148203
168,3650,1600,700,1120000,2,29206,7303,1,76120000,76120000,10951,3650,7301,3650,0,1,3652,166779
168,3650,1600,700,1120000,2,29206,7303,1,76120000,76120000,10951,3650,7301,3650,0,1,3652,168310

168,4050,1600,700,1120000,2,32406,8103,1,83480000,83480000,12151,4050,8101,4050,0,1,4052,1272008
168,4050,1600,700,1120000,2,32406,8103,1,83480000,83480000,12151,4050,8101,4050,0,1,4052,157760
168,4050,1600,700,1120000,2,32406,8103,1,83480000,83480000,12151,4050,8101,4050,0,1,4052,153380
168,4050,1600,700,1120000,2,32406,8103,1,83480000,83480000,12151,4050,8101,4050,0,1,4052,158192
168,4050,1600,700,1120000,2,32406,8103,1,83480000,83480000,12151,4050,8101,4050,0,1,4052,157165
168,4050,1600,700,1120000,2,32406,8103,1,83480000,83480000,12151,4050,8101,4050,0,1,4052,196698
168,4050,1600,700,1120000,2,32406,8103,1,83480000,83480000,12151,4050,8101,4050,0,1,4052,197549

168,4450,1600,700,1120000,2,35606,8903,1,90840000,90840000,13351,4450,8901,4450,0,1,4452,1382861
168,4450,1600,700,1120000,2,35606,8903,1,90840000,90840000,13351,4450,8901,4450,0,1,4452,169191
168,4450,1600,700,1120000,2,35606,8903,1,90840000,90840000,13351,4450,8901,4450,0,1,4452,170336
168,4450,1600,700,1120000,2,35606,8903,1,90840000,90840000,13351,4450,8901,4450,0,1,4452,170874
168,4450,1600,700,1120000,2,35606,8903,1,90840000,90840000,13351,4450,8901,4450,0,1,4452,171589
168,4450,1600,700,1120000,2,35606,8903,1,90840000,90840000,13351,4450,8901,4450,0,1,4452,214639
168,4450,1600,700,1120000,2,35606,8903,1,90840000,90840000,13351,4450,8901,4450,0,1,4452,215199

168,4850,1600,700,1120000,2,38806,9703,1,98200000,98200000,14551,4850,9701,4850,0,1,4852,1560466
168,4850,1600,700,1120000,2,38806,9703,1,98200000,98200000,14551,4850,9701,4850,0,1,4852,189480
168,4850,1600,700,1120000,2,38806,9703,1,98200000,98200000,14551,4850,9701,4850,0,1,4852,186927
168,4850,1600,700,1120000,2,38806,9703,1,98200000,98200000,14551,4850,9701,4850,0,1,4852,189015
168,4850,1600,700,1120000,2,38806,9703,1,98200000,98200000,14551,4850,9701,4850,0,1,4852,188380
168,4850,1600,700,1120000,2,38806,9703,1,98200000,98200000,14551,4850,9701,4850,0,1,4852,219973
168,4850,1600,700,1120000,2,38806,9703,1,98200000,98200000,14551,4850,9701,4850,0,1,4852,220549

168,5250,1600,700,1120000,2,42006,10503,1,105560000,105560000,15751,5250,10501,5250,0,1,5252,1645818
168,5250,1600,700,1120000,2,42006,10503,1,105560000,105560000,15751,5250,10501,5250,0,1,5252,201096
168,5250,1600,700,1120000,2,42006,10503,1,105560000,105560000,15751,5250,10501,5250,0,1,5252,200440
168,5250,1600,700,1120000,2,42006,10503,1,105560000,105560000,15751,5250,10501,5250,0,1,5252,198981
168,5250,1600,700,1120000,2,42006,10503,1,105560000,105560000,15751,5250,10501,5250,0,1,5252,201589
168,5250,1600,700,1120000,2,42006,10503,1,105560000,105560000,15751,5250,10501,5250,0,1,5252,251709
168,5250,1600,700,1120000,2,42006,10503,1,105560000,105560000,15751,5250,10501,5250,0,1,5252,251111

168,5650,1600,700,1120000,2,45206,11303,1,112920000,112920000,16951,5650,11301,5650,0,1,5652,1794936
168,5650,1600,700,1120000,2,45206,11303,1,112920000,112920000,16951,5650,11301,5650,0,1,5652,208259
168,5650,1600,700,1120000,2,45206,11303,1,112920000,112920000,16951,5650,11301,5650,0,1,5652,208972
168,5650,1600,700,1120000,2,45206,11303,1,112920000,112920000,16951,5650,11301,5650,0,1,5652,209642
168,5650,1600,700,1120000,2,45206,11303,1,112920000,112920000,16951,5650,11301,5650,0,1,5652,210158
168,5650,1600,700,1120000,2,45206,11303,1,112920000,112920000,16951,5650,11301,5650,0,1,5652,261744
168,5650,1600,700,1120000,2,45206,11303,1,112920000,112920000,16951,5650,11301,5650,0,1,5652,262558

168,6050,1600,700,1120000,2,48406,12103,1,120280000,120280000,18151,6050,12101,6050,0,1,6052,1940672
168,6050,1600,700,1120000,2,48406,12103,1,120280000,120280000,18151,6050,12101,6050,0,1,6052,228406
168,6050,1600,700,1120000,2,48406,12103,1,120280000,120280000,18151,6050,12101,6050,0,1,6052,225669
168,6050,1600,700,1120000,2,48406,12103,1,120280000,120280000,18151,6050,12101,6050,0,1,6052,227173
168,6050,1600,700,1120000,2,48406,12103,1,120280000,120280000,18151,6050,12101,6050,0,1,6052,227867
168,6050,1600,700,1120000,2,48406,12103,1,120280000,120280000,18151,6050,12101,6050,0,1,6052,281615
168,6050,1600,700,1120000,2,48406,12103,1,120280000,120280000,18151,6050,12101,6050,0,1,6052,282235

168,6450,1600,700,1120000,2,51606,12903,1,127640000,127640000,19351,6450,12901,6450,0,1,6452,2062419
168,6450,1600,700,1120000,2,51606,12903,1,127640000,127640000,19351,6450,12901,6450,0,1,6452,242300
168,6450,1600,700,1120000,2,51606,12903,1,127640000,127640000,19351,6450,12901,6450,0,1,6452,241676
168,6450,1600,700,1120000,2,51606,12903,1,127640000,127640000,19351,6450,12901,6450,0,1,6452,240444
168,6450,1600,700,1120000,2,51606,12903,1,127640000,127640000,19351,6450,12901,6450,0,1,6452,243117
168,6450,1600,700,1120000,2,51606,12903,1,127640000,127640000,19351,6450,12901,6450,0,1,6452,300232
168,6450,1600,700,1120000,2,51606,12903,1,127640000,127640000,19351,6450,12901,6450,0,1,6452,299592

168,6850,1600,700,1120000,2,54806,13703,1,135000000,135000000,20551,6850,13701,6850,0,1,6852,2058231
168,6850,1600,700,1120000,2,54806,13703,1,135000000,135000000,20551,6850,13701,6850,0,1,6852,256824
168,6850,1600,700,1120000,2,54806,13703,1,135000000,135000000,20551,6850,13701,6850,0,1,6852,255999
168,6850,1600,700,1120000,2,54806,13703,1,135000000,135000000,20551,6850,13701,6850,0,1,6852,253454
168,6850,1600,700,1120000,2,54806,13703,1,135000000,135000000,20551,6850,13701,6850,0,1,6852,255138
168,6850,1600,700,1120000,2,54806,13703,1,135000000,135000000,20551,6850,13701,6850,0,1,6852,308837
168,6850,1600,700,1120000,2,54806,13703,1,135000000,135000000,20551,6850,13701,6850,0,1,6852,308184

168,50,1600,300,480000,2,406,103,1,4600000,4600000,151,50,101,50,0,1,52,5350
168,50,1600,300,480000,2,406,103,1,4600000,4600000,151,50,101,50,0,1,52,15218
168,50,1600,300,480000,2,406,103,1,4600000,4600000,151,50,101,50,0,1,52,15564
168,50,1600,300,480000,2,406,103,1,4600000,4600000,151,50,101,50,0,1,52,14798
168,50,1600,300,480000,2,406,103,1,4600000,4600000,151,50,101,50,0,1,52,12963
168,50,1600,300,480000,2,406,103,1,4600000,4600000,151,50,101,50,0,1,52,17025
168,50,1600,300,480000,2,406,103,1,4600000,4600000,151,50,101,50,0,1,52,17515

168,450,1600,300,480000,2,3606,903,1,10680000,10680000,1351,450,901,450,0,1,452,52418
168,450,1600,300,480000,2,3606,903,1,10680000,10680000,1351,450,901,450,0,1,452,25242
168,450,1600,300,480000,2,3606,903,1,10680000,10680000,1351,450,901,450,0,1,452,28545
168,450,1600,300,480000,2,3606,903,1,10680000,10680000,1351,450,901,450,0,1,452,27597
168,450,1600,300,480000,2,3606,903,1,10680000,10680000,1351,450,901,450,0,1,452,29202
168,450,1600,300,480000,2,3606,903,1,10680000,10680000,1351,450,901,450,0,1,452,30710
168,450,1600,300,480000,2,3606,903,1,10680000,10680000,1351,450,901,450,0,1,452,30197

168,850,1600,300,480000,2,6806,1703,1,16760000,16760000,2551,850,1701,850,0,1,852,97800
168,850,1600,300,480000,2,6806,1703,1,16760000,16760000,2551,850,1701,850,0,1,852,32466
168,850,1600,300,480000,2,6806,1703,1,16760000,16760000,2551,850,1701,850,0,1,852,31966
168,850,1600,300,480000,2,6806,1703,1,16760000,16760000,2551,850,1701,850,0,1,852,31355
168,850,1600,300,480000,2,6806,1703,1,16760000,16760000,2551,850,1701,850,0,1,852,30062
168,850,1600,300,480000,2,6806,1703,1,16760000,16760000,2551,850,1701,850,0,1,852,36572
168,850,1600,300,480000,2,6806,1703,1,16760000,16760000,2551,850,1701,850,0,1,852,36030

168,1250,1600,300,480000,2,10006,2503,1,22840000,22840000,3751,1250,2501,1250,0,1,1252,158970
168,1250,1600,300,480000,2,10006,2503,1,22840000,22840000,3751,1250,2501,1250,0,1,1252,41014
168,1250,1600,300,480000,2,10006,2503,1,22840000,22840000,3751,1250,2501,1250,0,1,1252,41486
168,1250,1600,300,480000,2,10006,2503,1,22840000,22840000,3751,1250,2501,1250,0,1,1252,42453
168,1250,1600,300,480000,2,10006,2503,1,22840000,22840000,3751,1250,2501,1250,0,1,1252,36519
168,1250,1600,300,480000,2,10006,2503,1,22840000,22840000,3751,1250,2501,1250,0,1,1252,45946
168,1250,1600,300,480000,2,10006,2503,1,22840000,22840000,3751,1250,2501,1250,0,1,1252,46518

168,1650,1600,300,480000,2,13206,3303,1,28920000,28920000,4951,1650,3301,1650,0,1,1652,198692
168,1650,1600,300,480000,2,13206,3303,1,28920000,28920000,4951,1650,3301,1650,0,1,1652,50622
168,1650,1600,300,480000,2,13206,3303,1,28920000,28920000,4951,1650,3301,1650,0,1,1652,47594
168,1650,1600,300,480000,2,13206,3303,1,28920000,28920000,4951,1650,3301,1650,0,1,1652,51849
168,1650,1600,300,480000,2,13206,3303,1,28920000,28920000,4951,1650,3301,1650,0,1,1652,51291
168,1650,1600,300,480000,2,13206,3303,1,28920000,28920000,4951,1650,3301,1650,0,1,1652,56887
168,1650,1600,300,480000,2,13206,3303,1,28920000,28920000,4951,1650,3301,1650,0,1,1652,56278

168,2050,1600,300,480000,2,16406,4103,1,35000000,35000000,6151,2050,4101,2050,0,1,2052,247458
168,2050,1600,300,480000,2,16406,4103,1,35000000,35000000,6151,2050,4101,2050,0,1,2052,60810
168,2050,1600,300,480000,2,16406,4103,1,35000000,35000000,6151,2050,4101,2050,0,1,2052,61334
168,2050,1600,300,480000,2,16406,4103,1,35000000,35000000,6151,2050,4101,2050,0,1,2052,59304
168,2050,1600,300,480000,2,16406,4103,1,35000000,35000000,6151,2050,4101,2050,0,1,2052,61669
168,2050,1600,300,480000,2,16406,4103,1,35000000,35000000,6151,2050,4101,2050,0,1,2052,67212
168,2050,1600,300,480000,2,16406,4103,1,35000000,35000000,6151,2050,4101,2050,0,1,2052,66578

168,2450,1600,300,480000,2,19606,4903,1,41080000,41080000,7351,2450,4901,2450,0,1,2452,297304
168,2450,1600,300,480000,2,19606,4903,1,41080000,41080000,7351,2450,4901,2450,0,1,2452,68901
168,2450,1600,300,480000,2,19606,4903,1,41080000,41080000,7351,2450,4901,2450,0,1,2452,68348
168,2450,1600,300,480000,2,19606,4903,1,41080000,41080000,7351,2450,4901,2450,0,1,2452,67718
168,2450,1600,300,480000,2,19606,4903,1,41080000,41080000,7351,2450,4901,2450,0,1,2452,69275
168,2450,1600,300,480000,2,19606,4903,1,41080000,41080000,7351,2450,4901,2450,0,1,2452,77420
168,2450,1600,300,480000,2,19606,4903,1,41080000,41080000,7351,2450,4901,2450,0,1,2452,75987

168,2850,1600,300,480000,2,22806,5703,1,47160000,47160000,8551,2850,5701,2850,0,1,2852,366315
168,2850,1600,300,480000,2,22806,5703,1,47160000,47160000,8551,2850,5701,2850,0,1,2852,74460
168,2850,1600,300,480000,2,22806,5703,1,47160000,47160000,8551,2850,5701,2850,0,1,2852,75129
168,2850,1600,300,480000,2,22806,5703,1,47160000,47160000,8551,2850,5701,2850,0,1,2852,75722
168,2850,1600,300,480000,2,22806,5703,1,47160000,47160000,8551,2850,5701,2850,0,1,2852,76129
168,2850,1600,300,480000,2,22806,5703,1,47160000,47160000,8551,2850,5701,2850,0,1,2852,87527
168,2850,1600,300,480000,2,22806,5703,1,47160000,47160000,8551,2850,5701,2850,0,1,2852,89152

168,3250,1600,300,480000,2,26006,6503,1,53240000,53240000,9751,3250,6501,3250,0,1,3252,394869
168,3250,1600,300,480000,2,26006,6503,1,53240000,53240000,9751,3250,6501,3250,0,1,3252,81878
168,3250,1600,300,480000,2,26006,6503,1,53240000,53240000,9751,3250,6501,3250,0,1,3252,84765
168,3250,1600,300,480000,2,26006,6503,1,53240000,53240000,9751,3250,6501,3250,0,1,3252,84105
168,3250,1600,300,480000,2,26006,6503,1,53240000,53240000,9751,3250,6501,3250,0,1,3252,83340
168,3250,1600,300,480000,2,26006,6503,1,53240000,53240000,9751,3250,6501,3250,0,1,3252,97490
168,3250,1600,300,480000,2,26006,6503,1,53240000,53240000,9751,3250,6501,3250,0,1,3252,98301

168,3650,1600,300,480000,2,29206,7303,1,59320000,59320000,10951,3650,7301,3650,0,1,3652,444411
168,3650,1600,300,480000,2,29206,7303,1,59320000,59320000,10951,3650,7301,3650,0,1,3652,90138
168,3650,1600,300,480000,2,29206,7303,1,59320000,59320000,10951,3650,7301,3650,0,1,3652,89741
168,3650,1600,300,480000,2,29206,7303,1,59320000,59320000,10951,3650,7301,3650,0,1,3652,88476
168,3650,1600,300,480000,2,29206,7303,1,59320000,59320000,10951,3650,7301,3650,0,1,3652,89166
168,3650,1600,300,480000,2,29206,7303,1,59320000,59320000,10951,3650,7301,3650,0,1,3652,121833
168,3650,1600,300,480000,2,29206,7303,1,59320000,59320000,10951,3650,7301,3650,0,1,3652,121007

168,4050,1600,300,480000,2,32406,8103,1,65400000,65400000,12151,4050,8101,4050,0,1,4052,494301
168,4050,1600,300,480000,2,32406,8103,1,65400000,65400000,12151,4050,8101,4050,0,1,4052,97329
168,4050,1600,300,480000,2,32406,8103,1,65400000,65400000,12151,4050,8101,4050,0,1,4052,95645
168,4050,1600,300,480000,2,32406,8103,1,65400000,65400000,12151,4050,8101,4050,0,1,4052,96913
168,4050,1600,300,480000,2,32406,8103,1,65400000,65400000,12151,4050,8101,4050,0,1,4052,96311
168,4050,1600,300,480000,2,32406,8103,1,65400000,65400000,12151,4050,8101,4050,0,1,4052,134737
168,4050,1600,300,480000,2,32406,8103,1,65400000,65400000,12151,4050,8101,4050,0,1,4052,135606

168,4450,1600,300,480000,2,35606,8903,1,71480000,71480000,13351,4450,8901,4450,0,1,4452,575805
168,4450,1600,300,480000,2,35606,8903,1,71480000,71480000,13351,4450,8901,4450,0,1,4452,108060
168,4450,1600,300,480000,2,35606,8903,1,71480000,71480000,13351,4450,8901,4450,0,1,4452,108788
168,4450,1600,300,480000,2,35606,8903,1,71480000,71480000,13351,4450,8901,4450,0,1,4452,109474
168,4450,1600,300,480000,2,35606,8903,1,71480000,71480000,13351,4450,8901,4450,0,1,4452,109984
168,4450,1600,300,480000,2,35606,8903,1,71480000,71480000,13351,4450,8901,4450,0,1,4452,129586
168,4450,1600,300,480000,2,35606,8903,1,71480000,71480000,13351,4450,8901,4450,0,1,4452,130494

168,4850,1600,300,480000,2,38806,9703,1,77560000,77560000,14551,4850,9701,4850,0,1,4852,591764
168,4850,1600,300,480000,2,38806,9703,1,77560000,77560000,14551,4850,9701,4850,0,1,4852,114651
168,4850,1600,300,480000,2,38806,9703,1,77560000,77560000,14551,4850,9701,4850,0,1,4852,116476
168,4850,1600,300,480000,2,38806,9703,1,77560000,77560000,14551,4850,9701,4850,0,1,4852,115992
168,4850,1600,300,480000,2,38806,9703,1,77560000,77560000,14551,4850,9701,4850,0,1,4852,115350
168,4850,1600,300,480000,2,38806,9703,1,77560000,77560000,14551,4850,9701,4850,0,1,4852,150279
168,4850,1600,300,480000,2,38806,9703,1,77560000,77560000,14551,4850,9701,4850,0,1,4852,149378

168,5250,1600,300,480000,2,42006,10503,1,83640000,83640000,15751,5250,10501,5250,0,1,5252,642002
168,5250,1600,300,480000,2,42006,10503,1,83640000,83640000,15751,5250,10501,5250,0,1,5252,124791
168,5250,1600,300,480000,2,42006,10503,1,83640000,83640000,15751,5250,10501,5250,0,1,5252,129274
168,5250,1600,300,480000,2,42006,10503,1,83640000,83640000,15751,5250,10501,5250,0,1,5252,127265
168,5250,1600,300,480000,2,42006,10503,1,83640000,83640000,15751,5250,10501,5250,0,1,5252,130041
168,5250,1600,300,480000,2,42006,10503,1,83640000,83640000,15751,5250,10501,5250,0,1,5252,169349
168,5250,1600,300,480000,2,42006,10503,1,83640000,83640000,15751,5250,10501,5250,0,1,5252,168401

168,5650,1600,300,480000,2,45206,11303,1,89720000,89720000,16951,5650,11301,5650,0,1,5652,692274
168,5650,1600,300,480000,2,45206,11303,1,89720000,89720000,16951,5650,11301,5650,0,1,5652,130069
168,5650,1600,300,480000,2,45206,11303,1,89720000,89720000,16951,5650,11301,5650,0,1,5652,134966
168,5650,1600,300,480000,2,45206,11303,1,89720000,89720000,16951,5650,11301,5650,0,1,5652,132166
168,5650,1600,300,480000,2,45206,11303,1,89720000,89720000,16951,5650,11301,5650,0,1,5652,135748
168,5650,1600,300,480000,2,45206,11303,1,89720000,89720000,16951,5650,11301,5650,0,1,5652,183674
168,5650,1600,300,480000,2,45206,11303,1,89720000,89720000,16951,5650,11301,5650,0,1,5652,184676

168,6050,1600,300,480000,2,48406,12103,1,95800000,95800000,18151,6050,12101,6050,0,1,6052,754627
168,6050,1600,300,480000,2,48406,12103,1,95800000,95800000,18151,6050,12101,6050,0,1,6052,143325
168,6050,1600,300,480000,2,48406,12103,1,95800000,95800000,18151,6050,12101,6050,0,1,6052,145693
168,6050,1600,300,480000,2,48406,12103,1,95800000,95800000,18151,6050,12101,6050,0,1,6052,142167
168,6050,1600,300,480000,2,48406,12103,1,95800000,95800000,18151,6050,12101,6050,0,1,6052,146498
168,6050,1600,300,480000,2,48406,12103,1,95800000,95800000,18151,6050,12101,6050,0,1,6052,201530
168,6050,1600,300,480000,2,48406,12103,1,95800000,95800000,18151,6050,12101,6050,0,1,6052,200757

168,6450,1600,300,480000,2,51606,12903,1,101880000,101880000,19351,6450,12901,6450,0,1,6452,868507
168,6450,1600,300,480000,2,51606,12903,1,101880000,101880000,19351,6450,12901,6450,0,1,6452,149781
168,6450,1600,300,480000,2,51606,12903,1,101880000,101880000,19351,6450,12901,6450,0,1,6452,150584
168,6450,1600,300,480000,2,51606,12903,1,101880000,101880000,19351,6450,12901,6450,0,1,6452,148921
168,6450,1600,300,480000,2,51606,12903,1,101880000,101880000,19351,6450,12901,6450,0,1,6452,147379
168,6450,1600,300,480000,2,51606,12903,1,101880000,101880000,19351,6450,12901,6450,0,1,6452,212887
168,6450,1600,300,480000,2,51606,12903,1,101880000,101880000,19351,6450,12901,6450,0,1,6452,213713

168,6850,1600,300,480000,2,54806,13703,1,107960000,107960000,20551,6850,13701,6850,0,1,6852,838195
168,6850,1600,300,480000,2,54806,13703,1,107960000,107960000,20551,6850,13701,6850,0,1,6852,154757
168,6850,1600,300,480000,2,54806,13703,1,107960000,107960000,20551,6850,13701,6850,0,1,6852,154018
168,6850,1600,300,480000,2,54806,13703,1,107960000,107960000,20551,6850,13701,6850,0,1,6852,153246
168,6850,1600,300,480000,2,54806,13703,1,107960000,107960000,20551,6850,13701,6850,0,1,6852,155361
168,6850,1600,300,480000,2,54806,13703,1,107960000,107960000,20551,6850,13701,6850,0,1,6852,213208
168,6850,1600,300,480000,2,54806,13703,1,107960000,107960000,20551,6850,13701,6850,0,1,6852,213862

168,50,1200,7100,8520000,2,406,103,1,71480000,71480000,151,50,101,50,0,1,52,114238
168,50,1200,7100,8520000,2,406,103,1,71480000,71480000,151,50,101,50,0,1,52,130592
168,50,1200,7100,8520000,2,406,103,1,71480000,71480000,151,50,101,50,0,1,52,131232
168,50,1200,7100,8520000,2,406,103,1,71480000,71480000,151,50,101,50,0,1,52,130907
168,50,1200,7100,8520000,2,406,103,1,71480000,71480000,151,50,101,50,0,1,52,130052
168,50,1200,7100,8520000,2,406,103,1,71480000,71480000,151,50,101,50,0,1,52,131919
168,50,1200,7100,8520000,2,406,103,1,71480000,71480000,151,50,101,50,0,1,52,131547

168,450,1200,7100,8520000,2,3606,903,1,98040000,98040000,1351,450,901,450,0,1,452,1156276
168,450,1200,7100,8520000,2,3606,903,1,98040000,98040000,1351,450,901,450,0,1,452,176915
168,450,1200,7100,8520000,2,3606,903,1,98040000,98040000,1351,450,901,450,0,1,452,176289
168,450,1200,7100,8520000,2,3606,903,1,98040000,98040000,1351,450,901,450,0,1,452,179353
168,450,1200,7100,8520000,2,3606,903,1,98040000,98040000,1351,450,901,450,0,1,452,166596
168,450,1200,7100,8520000,2,3606,903,1,98040000,98040000,1351,450,901,450,0,1,452,204800
168,450,1200,7100,8520000,2,3606,903,1,98040000,98040000,1351,450,901,450,0,1,452,202955

168,850,1200,7100,8520000,2,6806,1703,1,124600000,124600000,2551,850,1701,850,0,1,852,2430095
168,850,1200,7100,8520000,2,6806,1703,1,124600000,124600000,2551,850,1701,850,0,1,852,278225
168,850,1200,7100,8520000,2,6806,1703,1,124600000,124600000,2551,850,1701,850,0,1,852,252531
168,850,1200,7100,8520000,2,6806,1703,1,124600000,124600000,2551,850,1701,850,0,1,852,261695
168,850,1200,7100,8520000,2,6806,1703,1,124600000,124600000,2551,850,1701,850,0,1,852,225167
168,850,1200,7100,8520000,2,6806,1703,1,124600000,124600000,2551,850,1701,850,0,1,852,274601
168,850,1200,7100,8520000,2,6806,1703,1,124600000,124600000,2551,850,1701,850,0,1,852,280563

168,1250,1200,7100,8520000,2,10006,2503,1,151160000,151160000,3751,1250,2501,1250,0,1,1252,3642514
168,1250,1200,7100,8520000,2,10006,2503,1,151160000,151160000,3751,1250,2501,1250,0,1,1252,338593
168,1250,1200,7100,8520000,2,10006,2503,1,151160000,151160000,3751,1250,2501,1250,0,1,1252,335456
168,1250,1200,7100,8520000,2,10006,2503,1,151160000,151160000,3751,1250,2501,1250,0,1,1252,337650
168,1250,1200,7100,8520000,2,10006,2503,1,151160000,151160000,3751,1250,2501,1250,0,1,1252,334280
168,1250,1200,7100,8520000,2,10006,2503,1,151160000,151160000,3751,1250,2501,1250,0,1,1252,356476
168,1250,1200,7100,8520000,2,10006,2503,1,151160000,151160000,3751,1250,2501,1250,0,1,1252,359254

168,1650,1200,7100,8520000,2,13206,3303,1,177720000,177720000,4951,1650,3301,1650,0,1,1652,4787888
168,1650,1200,7100,8520000,2,13206,3303,1,177720000,177720000,4951,1650,3301,1650,0,1,1652,420441
168,1650,1200,7100,8520000,2,13206,3303,1,177720000,177720000,4951,1650,3301,1650,0,1,1652,418951
168,1650,1200,7100,8520000,2,13206,3303,1,177720000,177720000,4951,1650,3301,1650,0,1,1652,420889
168,1650,1200,7100,8520000,2,13206,3303,1,177720000,177720000,4951,1650,3301,1650,0,1,1652,421143
168,1650,1200,7100,8520000,2,13206,3303,1,177720000,177720000,4951,1650,3301,1650,0,1,1652,458780
168,1650,1200,7100,8520000,2,13206,3303,1,177720000,177720000,4951,1650,3301,1650,0,1,1652,458347

168,2050,1200,7100,8520000,2,16406,4103,1,204280000,204280000,6151,2050,4101,2050,0,1,2052,5946551
168,2050,1200,7100,8520000,2,16406,4103,1,204280000,204280000,6151,2050,4101,2050,0,1,2052,501572
168,2050,1200,7100,8520000,2,16406,4103,1,204280000,204280000,6151,2050,4101,2050,0,1,2052,502845
168,2050,1200,7100,8520000,2,16406,4103,1,204280000,204280000,6151,2050,4101,2050,0,1,2052,503234
168,2050,1200,7100,8520000,2,16406,4103,1,204280000,204280000,6151,2050,4101,2050,0,1,2052,503759
168,2050,1200,7100,8520000,2,16406,4103,1,204280000,204280000,6151,2050,4101,2050,0,1,2052,550101
168,2050,1200,7100,8520000,2,16406,4103,1,204280000,204280000,6151,2050,4101,2050,0,1,2052,549668

168,2450,1200,7100,8520000,2,19606,4903,1,230840000,230840000,7351,2450,4901,2450,0,1,2452,6924323
168,2450,1200,7100,8520000,2,19606,4903,1,230840000,230840000,7351,2450,4901,2450,0,1,2452,584989
168,2450,1200,7100,8520000,2,19606,4903,1,230840000,230840000,7351,2450,4901,2450,0,1,2452,582860
168,2450,1200,7100,8520000,2,19606,4903,1,230840000,230840000,7351,2450,4901,2450,0,1,2452,584499
168,2450,1200,7100,8520000,2,19606,4903,1,230840000,230840000,7351,2450,4901,2450,0,1,2452,585286
168,2450,1200,7100,8520000,2,19606,4903,1,230840000,230840000,7351,2450,4901,2450,0,1,2452,639387
168,2450,1200,7100,8520000,2,19606,4903,1,230840000,230840000,7351,2450,4901,2450,0,1,2452,638942

168,2850,1200,7100,8520000,2,22806,5703,1,257400000,257400000,8551,2850,5701,2850,0,1,2852,8370217
168,2850,1200,7100,8520000,2,22806,5703,1,257400000,257400000,8551,2850,5701,2850,0,1,2852,668551
168,2850,1200,7100,8520000,2,22806,5703,1,257400000,257400000,8551,2850,5701,2850,0,1,2852,667512
168,2850,1200,7100,8520000,2,22806,5703,1,257400000,257400000,8551,2850,5701,2850,0,1,2852,668244
168,2850,1200,7100,8520000,2,22806,5703,1,257400000,257400000,8551,2850,5701,2850,0,1,2852,667965
168,2850,1200,7100,8520000,2,22806,5703,1,257400000,257400000,8551,2850,5701,2850,0,1,2852,719736
168,2850,1200,7100,8520000,2,22806,5703,1,257400000,257400000,8551,2850,5701,2850,0,1,2852,719279

168,3250,1200,7100,8520000,2,26006,6503,1,283960000,283960000,9751,3250,6501,3250,0,1,3252,9649448
168,3250,1200,7100,8520000,2,26006,6503,1,283960000,283960000,9751,3250,6501,3250,0,1,3252,774681
168,3250,1200,7100,8520000,2,26006,6503,1,283960000,283960000,9751,3250,6501,3250,0,1,3252,808363
168,3250,1200,7100,8520000,2,26006,6503,1,283960000,283960000,9751,3250,6501,3250,0,1,3252,782564
168,3250,1200,7100,8520000,2,26006,6503,1,283960000,283960000,9751,3250,6501,3250,0,1,3252,803885
168,3250,1200,7100,8520000,2,26006,6503,1,283960000,283960000,9751,3250,6501,3250,0,1,3252,819193
168,3250,1200,7100,8520000,2,26006,6503,1,283960000,283960000,9751,3250,6501,3250,0,1,3252,818724

168,3650,1200,7100,8520000,2,29206,7303,1,310520000,310520000,10951,3650,7301,3650,0,1,3652,10668395
168,3650,1200,7100,8520000,2,29206,7303,1,310520000,310520000,10951,3650,7301,3650,0,1,3652,886958
168,3650,1200,7100,8520000,2,29206,7303,1,310520000,310520000,10951,3650,7301,3650,0,1,3652,842460
168,3650,1200,7100,8520000,2,29206,7303,1,310520000,310520000,10951,3650,7301,3650,0,1,3652,879580
168,3650,1200,7100,8520000,2,29206,7303,1,310520000,310520000,10951,3650,7301,3650,0,1,3652,846636
168,3650,1200,7100,8520000,2,29206,7303,1,310520000,310520000,10951,3650,7301,3650,0,1,3652,911922
168,3650,1200,7100,8520000,2,29206,7303,1,310520000,310520000,10951,3650,7301,3650,0,1,3652,913576

168,4050,1200,7100,8520000,2,32406,8103,1,337080000,337080000,12151,4050,8101,4050,0,1,4052,11811163
168,4050,1200,7100,8520000,2,32406,8103,1,337080000,337080000,12151,4050,8101,4050,0,1,4052,939002
168,4050,1200,7100,8520000,2,32406,8103,1,337080000,337080000,12151,4050,8101,4050,0,1,4052,931753
168,4050,1200,7100,8520000,2,32406,8103,1,337080000,337080000,12151,4050,8101,4050,0,1,4052,937818
168,4050,1200,7100,8520000,2,32406,8103,1,337080000,337080000,12151,4050,8101,4050,0,1,4052,936186
168,4050,1200,7100,8520000,2,32406,8103,1,337080000,337080000,12151,4050,8101,4050,0,1,4052,957460
168,4050,1200,7100,8520000,2,32406,8103,1,337080000,337080000,12151,4050,8101,4050,0,1,4052,956887

168,4450,1200,7100,8520000,2,35606,8903,1,363640000,363640000,13351,4450,8901,4450,0,1,4452,12879039
168,4450,1200,7100,8520000,2,35606,8903,1,363640000,363640000,13351,4450,8901,4450,0,1,4452,1054459
168,4450,1200,7100,8520000,2,35606,8903,1,363640000,363640000,13351,4450,8901,4450,0,1,4452,1056217
168,4450,1200,7100,8520000,2,35606,8903,1,363640000,363640000,13351,4450,8901,4450,0,1,4452,1057493
168,4450,1200,7100,8520000,2,35606,8903,1,363640000,363640000,13351,4450,8901,4450,0,1,4452,1063934
168,4450,1200,7100,8520000,2,35606,8903,1,363640000,363640000,13351,4450,8901,4450,0,1,4452,1066736
168,4450,1200,7100,8520000,2,35606,8903,1,363640000,363640000,13351,4450,8901,4450,0,1,4452,1066231

168,4850,1200,7100,8520000,2,38806,9703,1,390200000,390200000,14551,4850,9701,4850,0,1,4852,13884410
168,4850,1200,7100,8520000,2,38806,9703,1,390200000,390200000,14551,4850,9701,4850,0,1,4852,1179629
168,4850,1200,7100,8520000,2,38806,9703,1,390200000,390200000,14551,4850,9701,4850,0,1,4852,1176778
168,4850,1200,7100,8520000,2,38806,9703,1,390200000,390200000,14551,4850,9701,4850,0,1,4852,1181629
168,4850,1200,7100,8520000,2,38806,9703,1,390200000,390200000,14551,4850,9701,4850,0,1,4852,1136595
168,4850,1200,7100,8520000,2,38806,9703,1,390200000,390200000,14551,4850,9701,4850,0,1,4852,1182234
168,4850,1200,7100,8520000,2,38806,9703,1,390200000,390200000,14551,4850,9701,4850,0,1,4852,1182758

168,5250,1200,7100,8520000,2,42006,10503,1,416760000,416760000,15751,5250,10501,5250,0,1,5252,14567215
168,5250,1200,7100,8520000,2,42006,10503,1,416760000,416760000,15751,5250,10501,5250,0,1,5252,1238127
168,5250,1200,7100,8520000,2,42006,10503,1,416760000,416760000,15751,5250,10501,5250,0,1,5252,1233856
168,5250,1200,7100,8520000,2,42006,10503,1,416760000,416760000,15751,5250,10501,5250,0,1,5252,1239909
168,5250,1200,7100,8520000,2,42006,10503,1,416760000,416760000,15751,5250,10501,5250,0,1,5252,1240333
168,5250,1200,7100,8520000,2,42006,10503,1,416760000,416760000,15751,5250,10501,5250,0,1,5252,1239323
168,5250,1200,7100,8520000,2,42006,10503,1,416760000,416760000,15751,5250,10501,5250,0,1,5252,1238659

168,5650,1200,7100,8520000,2,45206,11303,1,443320000,443320000,16951,5650,11301,5650,0,1,5652,16753207
168,5650,1200,7100,8520000,2,45206,11303,1,443320000,443320000,16951,5650,11301,5650,0,1,5652,1339752
168,5650,1200,7100,8520000,2,45206,11303,1,443320000,443320000,16951,5650,11301,5650,0,1,5652,1338465
168,5650,1200,7100,8520000,2,45206,11303,1,443320000,443320000,16951,5650,11301,5650,0,1,5652,1340262
168,5650,1200,7100,8520000,2,45206,11303,1,443320000,443320000,16951,5650,11301,5650,0,1,5652,1343130
168,5650,1200,7100,8520000,2,45206,11303,1,443320000,443320000,16951,5650,11301,5650,0,1,5652,1332639
168,5650,1200,7100,8520000,2,45206,11303,1,443320000,443320000,16951,5650,11301,5650,0,1,5652,1330194

168,6050,1200,7100,8520000,2,48406,12103,1,469880000,469880000,18151,6050,12101,6050,0,1,6052,18463274
168,6050,1200,7100,8520000,2,48406,12103,1,469880000,469880000,18151,6050,12101,6050,0,1,6052,1453819
168,6050,1200,7100,8520000,2,48406,12103,1,469880000,469880000,18151,6050,12101,6050,0,1,6052,1455253
168,6050,1200,7100,8520000,2,48406,12103,1,469880000,469880000,18151,6050,12101,6050,0,1,6052,1454562
168,6050,1200,7100,8520000,2,48406,12103,1,469880000,469880000,18151,6050,12101,6050,0,1,6052,1447439
168,6050,1200,7100,8520000,2,48406,12103,1,469880000,469880000,18151,6050,12101,6050,0,1,6052,1441704
168,6050,1200,7100,8520000,2,48406,12103,1,469880000,469880000,18151,6050,12101,6050,0,1,6052,1445625

168,6450,1200,7100,8520000,2,51606,12903,1,496440000,496440000,19351,6450,12901,6450,0,1,6452,18792658
168,6450,1200,7100,8520000,2,51606,12903,1,496440000,496440000,19351,6450,12901,6450,0,1,6452,1487746
168,6450,1200,7100,8520000,2,51606,12903,1,496440000,496440000,19351,6450,12901,6450,0,1,6452,1491337
168,6450,1200,7100,8520000,2,51606,12903,1,496440000,496440000,19351,6450,12901,6450,0,1,6452,1492442
168,6450,1200,7100,8520000,2,51606,12903,1,496440000,496440000,19351,6450,12901,6450,0,1,6452,1491958
168,6450,1200,7100,8520000,2,51606,12903,1,496440000,496440000,19351,6450,12901,6450,0,1,6452,1486493
168,6450,1200,7100,8520000,2,51606,12903,1,496440000,496440000,19351,6450,12901,6450,0,1,6452,1485035

168,6850,1200,7100,8520000,2,54806,13703,1,523000000,523000000,20551,6850,13701,6850,0,1,6852,20441149
168,6850,1200,7100,8520000,2,54806,13703,1,523000000,523000000,20551,6850,13701,6850,0,1,6852,1655217
168,6850,1200,7100,8520000,2,54806,13703,1,523000000,523000000,20551,6850,13701,6850,0,1,6852,1654081
168,6850,1200,7100,8520000,2,54806,13703,1,523000000,523000000,20551,6850,13701,6850,0,1,6852,1654722
168,6850,1200,7100,8520000,2,54806,13703,1,523000000,523000000,20551,6850,13701,6850,0,1,6852,1647553
168,6850,1200,7100,8520000,2,54806,13703,1,523000000,523000000,20551,6850,13701,6850,0,1,6852,1604167
168,6850,1200,7100,8520000,2,54806,13703,1,523000000,523000000,20551,6850,13701,6850,0,1,6852,1588581

168,50,1200,6700,8040000,2,406,103,1,67480000,67480000,151,50,101,50,0,1,52,108691
168,50,1200,6700,8040000,2,406,103,1,67480000,67480000,151,50,101,50,0,1,52,84625
168,50,1200,6700,8040000,2,406,103,1,67480000,67480000,151,50,101,50,0,1,52,88239
168,50,1200,6700,8040000,2,406,103,1,67480000,67480000,151,50,101,50,0,1,52,85805
168,50,1200,6700,8040000,2,406,103,1,67480000,67480000,151,50,101,50,0,1,52,87763
168,50,1200,6700,8040000,2,406,103,1,67480000,67480000,151,50,101,50,0,1,52,107851
168,50,1200,6700,8040000,2,406,103,1,67480000,67480000,151,50,101,50,0,1,52,107370

168,450,1200,6700,8040000,2,3606,903,1,92760000,92760000,1351,450,901,450,0,1,452,1007910
168,450,1200,6700,8040000,2,3606,903,1,92760000,92760000,1351,450,901,450,0,1,452,160475
168,450,1200,6700,8040000,2,3606,903,1,92760000,92760000,1351,450,901,450,0,1,452,154012
168,450,1200,6700,8040000,2,3606,903,1,92760000,92760000,1351,450,901,450,0,1,452,145183
168,450,1200,6700,8040000,2,3606,903,1,92760000,92760000,1351,450,901,450,0,1,452,159984
168,450,1200,6700,8040000,2,3606,903,1,92760000,92760000,1351,450,901,450,0,1,452,189076
168,450,1200,6700,8040000,2,3606,903,1,92760000,92760000,1351,450,901,450,0,1,452,189589

168,850,1200,6700,8040000,2,6806,1703,1,118040000,118040000,2551,850,1701,850,0,1,852,2201906
168,850,1200,6700,8040000,2,6806,1703,1,118040000,118040000,2551,850,1701,850,0,1,852,256062
168,850,1200,6700,8040000,2,6806,1703,1,118040000,118040000,2551,850,1701,850,0,1,852,257187
168,850,1200,6700,8040000,2,6806,1703,1,118040000,118040000,2551,850,1701,850,0,1,852,257568
168,850,1200,6700,8040000,2,6806,1703,1,118040000,118040000,2551,850,1701,850,0,1,852,239464
168,850,1200,6700,8040000,2,6806,1703,1,118040000,118040000,2551,850,1701,850,0,1,852,258949
168,850,1200,6700,8040000,2,6806,1703,1,118040000,118040000,2551,850,1701,850,0,1,852,258540

168,1250,1200,6700,8040000,2,10006,2503,1,143320000,143320000,3751,1250,2501,1250,0,1,1252,3341278
168,1250,1200,6700,8040000,2,10006,2503,1,143320000,143320000,3751,1250,2501,1250,0,1,1252,317740
168,1250,1200,6700,8040000,2,10006,2503,1,143320000,143320000,3751,1250,2501,1250,0,1,1252,318931
168,1250,1200,6700,8040000,2,10006,2503,1,143320000,143320000,3751,1250,2501,1250,0,1,1252,315286
168,1250,1200,6700,8040000,2,10006,2503,1,143320000,143320000,3751,1250,2501,1250,0,1,1252,318506
168,1250,1200,6700,8040000,2,10006,2503,1,143320000,143320000,3751,1250,2501,1250,0,1,1252,338624
168,1250,1200,6700,8040000,2,10006,2503,1,143320000,143320000,3751,1250,2501,1250,0,1,1252,339033

168,1650,1200,6700,8040000,2,13206,3303,1,168600000,168600000,4951,1650,3301,1650,0,1,1652,4539425
168,1650,1200,6700,8040000,2,13206,3303,1,168600000,168600000,4951,1650,3301,1650,0,1,1652,398156
168,1650,1200,6700,8040000,2,13206,3303,1,168600000,168600000,4951,1650,3301,1650,0,1,1652,395801
168,1650,1200,6700,8040000,2,13206,3303,1,168600000,168600000,4951,1650,3301,1650,0,1,1652,398643
168,1650,1200,6700,8040000,2,13206,3303,1,168600000,168600000,4951,1650,3301,1650,0,1,1652,397561
168,1650,1200,6700,8040000,2,13206,3303,1,168600000,168600000,4951,1650,3301,1650,0,1,1652,432658
168,1650,1200,6700,8040000,2,13206,3303,1,168600000,168600000,4951,1650,3301,1650,0,1,1652,433078

168,2050,1200,6700,8040000,2,16406,4103,1,193880000,193880000,6151,2050,4101,2050,0,1,2052,5372579
168,2050,1200,6700,8040000,2,16406,4103,1,193880000,193880000,6151,2050,4101,2050,0,1,2052,476859
168,2050,1200,6700,8040000,2,16406,4103,1,193880000,193880000,6151,2050,4101,2050,0,1,2052,474953
168,2050,1200,6700,8040000,2,16406,4103,1,193880000,193880000,6151,2050,4101,2050,0,1,2052,477460
168,2050,1200,6700,8040000,2,16406,4103,1,193880000,193880000,6151,2050,4101,2050,0,1,2052,477983
168,2050,1200,6700,8040000,2,16406,4103,1,193880000,193880000,6151,2050,4101,2050,0,1,2052,518655
168,2050,1200,6700,8040000,2,16406,4103,1,193880000,193880000,6151,2050,4101,2050,0,1,2052,518219

168,2450,1200,6700,8040000,2,19606,4903,1,219160000,219160000,7351,2450,4901,2450,0,1,2452,6607195
168,2450,1200,6700,8040000,2,19606,4903,1,219160000,219160000,7351,2450,4901,2450,0,1,2452,557986
168,2450,1200,6700,8040000,2,19606,4903,1,219160000,219160000,7351,2450,4901,2450,0,1,2452,556250
168,2450,1200,6700,8040000,2,19606,4903,1,219160000,219160000,7351,2450,4901,2450,0,1,2452,557580
168,2450,1200,6700,8040000,2,19606,4903,1,219160000,219160000,7351,2450,4901,2450,0,1,2452,558527
168,2450,1200,6700,8040000,2,19606,4903,1,219160000,219160000,7351,2450,4901,2450,0,1,2452,601350
168,2450,1200,6700,8040000,2,19606,4903,1,219160000,219160000,7351,2450,4901,2450,0,1,2452,600905

168,2850,1200,6700,8040000,2,22806,5703,1,244440000,244440000,8551,2850,5701,2850,0,1,2852,7829343
168,2850,1200,6700,8040000,2,22806,5703,1,244440000,244440000,8551,2850,5701,2850,0,1,2852,677412
168,2850,1200,6700,8040000,2,22806,5703,1,244440000,244440000,8551,2850,5701,2850,0,1,2852,681589
168,2850,1200,6700,8040000,2,22806,5703,1,244440000,244440000,8551,2850,5701,2850,0,1,2852,638719
168,2850,1200,6700,8040000,2,22806,5703,1,244440000,244440000,8551,2850,5701,2850,0,1,2852,672726
168,2850,1200,6700,8040000,2,22806,5703,1,244440000,244440000,8551,2850,5701,2850,0,1,2852,699631
168,2850,1200,6700,8040000,2,22806,5703,1,244440000,244440000,8551,2850,5701,2850,0,1,2852,699173

168,3250,1200,6700,8040000,2,26006,6503,1,269720000,269720000,9751,3250,6501,3250,0,1,3252,8888584
168,3250,1200,6700,8040000,2,26006,6503,1,269720000,269720000,9751,3250,6501,3250,0,1,3252,719470
168,3250,1200,6700,8040000,2,26006,6503,1,269720000,269720000,9751,3250,6501,3250,0,1,3252,717998
168,3250,1200,6700,8040000,2,26006,6503,1,269720000,269720000,9751,3250,6501,3250,0,1,3252,726396
168,3250,1200,6700,8040000,2,26006,6503,1,269720000,269720000,9751,3250,6501,3250,0,1,3252,720275
168,3250,1200,6700,8040000,2,26006,6503,1,269720000,269720000,9751,3250,6501,3250,0,1,3252,778428
168,3250,1200,6700,8040000,2,26006,6503,1,269720000,269720000,9751,3250,6501,3250,0,1,3252,780763

168,3650,1200,6700,8040000,2,29206,7303,1,295000000,295000000,10951,3650,7301,3650,0,1,3652,10251878
168,3650,1200,6700,8040000,2,29206,7303,1,295000000,295000000,10951,3650,7301,3650,0,1,3652,787568
168,3650,1200,6700,8040000,2,29206,7303,1,295000000,295000000,10951,3650,7301,3650,0,1,3652,785791
168,3650,1200,6700,8040000,2,29206,7303,1,295000000,295000000,10951,3650,7301,3650,0,1,3652,784529
168,3650,1200,6700,8040000,2,29206,7303,1,295000000,295000000,10951,3650,7301,3650,0,1,3652,786847
168,3650,1200,6700,8040000,2,29206,7303,1,295000000,295000000,10951,3650,7301,3650,0,1,3652,830459
168,3650,1200,6700,8040000,2,29206,7303,1,295000000,295000000,10951,3650,7301,3650,0,1,3652,828743

168,4050,1200,6700,8040000,2,32406,8103,1,320280000,320280000,12151,4050,8101,4050,0,1,4052,10611308
168,4050,1200,6700,8040000,2,32406,8103,1,320280000,320280000,12151,4050,8101,4050,0,1,4052,900708
168,4050,1200,6700,8040000,2,32406,8103,1,320280000,320280000,12151,4050,8101,4050,0,1,4052,894756
168,4050,1200,6700,8040000,2,32406,8103,1,320280000,320280000,12151,4050,8101,4050,0,1,4052,902141
168,4050,1200,6700,8040000,2,32406,8103,1,320280000,320280000,12151,4050,8101,4050,0,1,4052,903440
168,4050,1200,6700,8040000,2,32406,8103,1,320280000,320280000,12151,4050,8101,4050,0,1,4052,919517
168,4050,1200,6700,8040000,2,32406,8103,1,320280000,320280000,12151,4050,8101,4050,0,1,4052,919026

168,4450,1200,6700,8040000,2,35606,8903,1,345560000,345560000,13351,4450,8901,4450,0,1,4452,12801789
168,4450,1200,6700,8040000,2,35606,8903,1,345560000,345560000,13351,4450,8901,4450,0,1,4452,1000849
168,4450,1200,6700,8040000,2,35606,8903,1,345560000,345560000,13351,4450,8901,4450,0,1,4452,1027409
168,4450,1200,6700,8040000,2,35606,8903,1,345560000,345560000,13351,4450,8901,4450,0,1,4452,1008133
168,4450,1200,6700,8040000,2,35606,8903,1,345560000,345560000,13351,4450,8901,4450,0,1,4452,1032399
168,4450,1200,6700,8040000,2,35606,8903,1,345560000,345560000,13351,4450,8901,4450,0,1,4452,1029984
168,4450,1200,6700,8040000,2,35606,8903,1,345560000,345560000,13351,4450,8901,4450,0,1,4452,1029335

168,4850,1200,6700,8040000,2,38806,9703,1,370840000,370840000,14551,4850,9701,4850,0,1,4852,13260172
168,4850,1200,6700,8040000,2,38806,9703,1,370840000,370840000,14551,4850,9701,4850,0,1,4852,1091456
168,4850,1200,6700,8040000,2,38806,9703,1,370840000,370840000,14551,4850,9701,4850,0,1,4852,1057021
168,4850,1200,6700,8040000,2,38806,9703,1,370840000,370840000,14551,4850,9701,4850,0,1,4852,1096964
168,4850,1200,6700,8040000,2,38806,9703,1,370840000,370840000,14551,4850,9701,4850,0,1,4852,1059427
168,4850,1200,6700,8040000,2,38806,9703,1,370840000,370840000,14551,4850,9701,4850,0,1,4852,1105757
168,4850,1200,6700,8040000,2,38806,9703,1,370840000,370840000,14551,4850,9701,4850,0,1,4852,1107581

168,5250,1200,6700,8040000,2,42006,10503,1,396120000,396120000,15751,5250,10501,5250,0,1,5252,14271433
168,5250,1200,6700,8040000,2,42006,10503,1,396120000,396120000,15751,5250,10501,5250,0,1,5252,1159033
168,5250,1200,6700,8040000,2,42006,10503,1,396120000,396120000,15751,5250,10501,5250,0,1,5252,1162699
168,5250,1200,6700,8040000,2,42006,10503,1,396120000,396120000,15751,5250,10501,5250,0,1,5252,1164005
168,5250,1200,6700,8040000,2,42006,10503,1,396120000,396120000,15751,5250,10501,5250,0,1,5252,1164587
168,5250,1200,6700,8040000,2,42006,10503,1,396120000,396120000,15751,5250,10501,5250,0,1,5252,1167145
168,5250,1200,6700,8040000,2,42006,10503,1,396120000,396120000,15751,5250,10501,5250,0,1,5252,1166605

168,5650,1200,6700,8040000,2,45206,11303,1,421400000,421400000,16951,5650,11301,5650,0,1,5652,16508916
168,5650,1200,6700,8040000,2,45206,11303,1,421400000,421400000,16951,5650,11301,5650,0,1,5652,1263941
168,5650,1200,6700,8040000,2,45206,11303,1,421400000,421400000,16951,5650,11301,5650,0,1,5652,1268345
168,5650,1200,6700,8040000,2,45206,11303,1,421400000,421400000,16951,5650,11301,5650,0,1,5652,1260316
168,5650,1200,6700,8040000,2,45206,11303,1,421400000,421400000,16951,5650,11301,5650,0,1,5652,1273143
168,5650,1200,6700,8040000,2,45206,11303,1,421400000,421400000,16951,5650,11301,5650,0,1,5652,1265601
168,5650,1200,6700,8040000,2,45206,11303,1,421400000,421400000,16951,5650,11301,5650,0,1,5652,1265118

168,6050,1200,6700,8040000,2,48406,12103,1,446680000,446680000,18151,6050,12101,6050,0,1,6052,17464649
168,6050,1200,6700,8040000,2,48406,12103,1,446680000,446680000,18151,6050,12101,6050,0,1,6052,1405279
168,6050,1200,6700,8040000,2,48406,12103,1,446680000,446680000,18151,6050,12101,6050,0,1,6052,1399160
168,6050,1200,6700,8040000,2,48406,12103,1,446680000,446680000,18151,6050,12101,6050,0,1,6052,1413831
168,6050,1200,6700,8040000,2,48406,12103,1,446680000,446680000,18151,6050,12101,6050,0,1,6052,1255304
168,6050,1200,6700,8040000,2,48406,12103,1,446680000,446680000,18151,6050,12101,6050,0,1,6052,1392926
168,6050,1200,6700,8040000,2,48406,12103,1,446680000,446680000,18151,6050,12101,6050,0,1,6052,1376400

168,6450,1200,6700,8040000,2,51606,12903,1,471960000,471960000,19351,6450,12901,6450,0,1,6452,18394768
168,6450,1200,6700,8040000,2,51606,12903,1,471960000,471960000,19351,6450,12901,6450,0,1,6452,1430142
168,6450,1200,6700,8040000,2,51606,12903,1,471960000,471960000,19351,6450,12901,6450,0,1,6452,1429089
168,6450,1200,6700,8040000,2,51606,12903,1,471960000,471960000,19351,6450,12901,6450,0,1,6452,1431202
168,6450,1200,6700,8040000,2,51606,12903,1,471960000,471960000,19351,6450,12901,6450,0,1,6452,1434356
168,6450,1200,6700,8040000,2,51606,12903,1,471960000,471960000,19351,6450,12901,6450,0,1,6452,1410210
168,6450,1200,6700,8040000,2,51606,12903,1,471960000,471960000,19351,6450,12901,6450,0,1,6452,1408935

168,6850,1200,6700,8040000,2,54806,13703,1,497240000,497240000,20551,6850,13701,6850,0,1,6852,19558103
168,6850,1200,6700,8040000,2,54806,13703,1,497240000,497240000,20551,6850,13701,6850,0,1,6852,1555134
168,6850,1200,6700,8040000,2,54806,13703,1,497240000,497240000,20551,6850,13701,6850,0,1,6852,1499917
168,6850,1200,6700,8040000,2,54806,13703,1,497240000,497240000,20551,6850,13701,6850,0,1,6852,1542453
168,6850,1200,6700,8040000,2,54806,13703,1,497240000,497240000,20551,6850,13701,6850,0,1,6852,1538002
168,6850,1200,6700,8040000,2,54806,13703,1,497240000,497240000,20551,6850,13701,6850,0,1,6852,1526074
168,6850,1200,6700,8040000,2,54806,13703,1,497240000,497240000,20551,6850,13701,6850,0,1,6852,1532491

168,50,1200,6300,7560000,2,406,103,1,63480000,63480000,151,50,101,50,0,1,52,104228
168,50,1200,6300,7560000,2,406,103,1,63480000,63480000,151,50,101,50,0,1,52,75975
168,50,1200,6300,7560000,2,406,103,1,63480000,63480000,151,50,101,50,0,1,52,84301
168,50,1200,6300,7560000,2,406,103,1,63480000,63480000,151,50,101,50,0,1,52,84975
168,50,1200,6300,7560000,2,406,103,1,63480000,63480000,151,50,101,50,0,1,52,83664
168,50,1200,6300,7560000,2,406,103,1,63480000,63480000,151,50,101,50,0,1,52,102311
168,50,1200,6300,7560000,2,406,103,1,63480000,63480000,151,50,101,50,0,1,52,102800

168,450,1200,6300,7560000,2,3606,903,1,87480000,87480000,1351,450,901,450,0,1,452,953812
168,450,1200,6300,7560000,2,3606,903,1,87480000,87480000,1351,450,901,450,0,1,452,158433
168,450,1200,6300,7560000,2,3606,903,1,87480000,87480000,1351,450,901,450,0,1,452,156735
168,450,1200,6300,7560000,2,3606,903,1,87480000,87480000,1351,450,901,450,0,1,452,158209
168,450,1200,6300,7560000,2,3606,903,1,87480000,87480000,1351,450,901,450,0,1,452,157679
168,450,1200,6300,7560000,2,3606,903,1,87480000,87480000,1351,450,901,450,0,1,452,181882
168,450,1200,6300,7560000,2,3606,903,1,87480000,87480000,1351,450,901,450,0,1,452,182392

168,850,1200,6300,7560000,2,6806,1703,1,111480000,111480000,2551,850,1701,850,0,1,852,2096603
168,850,1200,6300,7560000,2,6806,1703,1,111480000,111480000,2551,850,1701,850,0,1,852,242986
168,850,1200,6300,7560000,2,6806,1703,1,111480000,111480000,2551,850,1701,850,0,1,852,239798
168,850,1200,6300,7560000,2,6806,1703,1,111480000,111480000,2551,850,1701,850,0,1,852,243200
168,850,1200,6300,7560000,2,6806,1703,1,111480000,111480000,2551,850,1701,850,0,1,852,242147
168,850,1200,6300,7560000,2,6806,1703,1,111480000,111480000,2551,850,1701,850,0,1,852,243724
168,850,1200,6300,7560000,2,6806,1703,1,111480000,111480000,2551,850,1701,850,0,1,852,244127

168,1250,1200,6300,7560000,2,10006,2503,1,135480000,135480000,3751,1250,2501,1250,0,1,1252,3144051
168,1250,1200,6300,7560000,2,10006,2503,1,135480000,135480000,3751,1250,2501,1250,0,1,1252,297451
168,1250,1200,6300,7560000,2,10006,2503,1,135480000,135480000,3751,1250,2501,1250,0,1,1252,296788
168,1250,1200,6300,7560000,2,10006,2503,1,135480000,135480000,3751,1250,2501,1250,0,1,1252,297218
168,1250,1200,6300,7560000,2,10006,2503,1,135480000,135480000,3751,1250,2501,1250,0,1,1252,296254
168,1250,1200,6300,7560000,2,10006,2503,1,135480000,135480000,3751,1250,2501,1250,0,1,1252,321105
168,1250,1200,6300,7560000,2,10006,2503,1,135480000,135480000,3751,1250,2501,1250,0,1,1252,320699

168,1650,1200,6300,7560000,2,13206,3303,1,159480000,159480000,4951,1650,3301,1650,0,1,1652,4052764
168,1650,1200,6300,7560000,2,13206,3303,1,159480000,159480000,4951,1650,3301,1650,0,1,1652,375530
168,1650,1200,6300,7560000,2,13206,3303,1,159480000,159480000,4951,1650,3301,1650,0,1,1652,377123
168,1650,1200,6300,7560000,2,13206,3303,1,159480000,159480000,4951,1650,3301,1650,0,1,1652,376874
168,1650,1200,6300,7560000,2,13206,3303,1,159480000,159480000,4951,1650,3301,1650,0,1,1652,376434
168,1650,1200,6300,7560000,2,13206,3303,1,159480000,159480000,4951,1650,3301,1650,0,1,1652,404721
168,1650,1200,6300,7560000,2,13206,3303,1,159480000,159480000,4951,1650,3301,1650,0,1,1652,404301

168,2050,1200,6300,7560000,2,16406,4103,1,183480000,183480000,6151,2050,4101,2050,0,1,2052,5321627
168,2050,1200,6300,7560000,2,16406,4103,1,183480000,183480000,6151,2050,4101,2050,0,1,2052,449966
168,2050,1200,6300,7560000,2,16406,4103,1,183480000,183480000,6151,2050,4101,2050,0,1,2052,447979
168,2050,1200,6300,7560000,2,16406,4103,1,183480000,183480000,6151,2050,4101,2050,0,1,2052,450237
168,2050,1200,6300,7560000,2,16406,4103,1,183480000,183480000,6151,2050,4101,2050,0,1,2052,449504
168,2050,1200,6300,7560000,2,16406,4103,1,183480000,183480000,6151,2050,4101,2050,0,1,2052,486226
168,2050,1200,6300,7560000,2,16406,4103,1,183480000,183480000,6151,2050,4101,2050,0,1,2052,485793

168,2450,1200,6300,7560000,2,19606,4903,1,207480000,207480000,7351,2450,4901,2450,0,1,2452,6358440
168,2450,1200,6300,7560000,2,19606,4903,1,207480000,207480000,7351,2450,4901,2450,0,1,2452,526981
168,2450,1200,6300,7560000,2,19606,4903,1,207480000,207480000,7351,2450,4901,2450,0,1,2452,529792
168,2450,1200,6300,7560000,2,19606,4903,1,207480000,207480000,7351,2450,4901,2450,0,1,2452,530351
168,2450,1200,6300,7560000,2,19606,4903,1,207480000,207480000,7351,2450,4901,2450,0,1,2452,535108
168,2450,1200,6300,7560000,2,19606,4903,1,207480000,207480000,7351,2450,4901,2450,0,1,2452,566158
168,2450,1200,6300,7560000,2,19606,4903,1,207480000,207480000,7351,2450,4901,2450,0,1,2452,565712

168,2850,1200,6300,7560000,2,22806,5703,1,231480000,231480000,8551,2850,5701,2850,0,1,2852,6964791
168,2850,1200,6300,7560000,2,22806,5703,1,231480000,231480000,8551,2850,5701,2850,0,1,2852,607756
168,2850,1200,6300,7560000,2,22806,5703,1,231480000,231480000,8551,2850,5701,2850,0,1,2852,609587
168,2850,1200,6300,7560000,2,22806,5703,1,231480000,231480000,8551,2850,5701,2850,0,1,2852,604138
168,2850,1200,6300,7560000,2,22806,5703,1,231480000,231480000,8551,2850,5701,2850,0,1,2852,607336
168,2850,1200,6300,7560000,2,22806,5703,1,231480000,231480000,8551,2850,5701,2850,0,1,2852,650255
168,2850,1200,6300,7560000,2,22806,5703,1,231480000,231480000,8551,2850,5701,2850,0,1,2852,649793

168,3250,1200,6300,7560000,2,26006,6503,1,255480000,255480000,9751,3250,6501,3250,0,1,3252,8064980
168,3250,1200,6300,7560000,2,26006,6503,1,255480000,255480000,9751,3250,6501,3250,0,1,3252,690726
168,3250,1200,6300,7560000,2,26006,6503,1,255480000,255480000,9751,3250,6501,3250,0,1,3252,674529
168,3250,1200,6300,7560000,2,26006,6503,1,255480000,255480000,9751,3250,6501,3250,0,1,3252,692695
168,3250,1200,6300,7560000,2,26006,6503,1,255480000,255480000,9751,3250,6501,3250,0,1,3252,673564
168,3250,1200,6300,7560000,2,26006,6503,1,255480000,255480000,9751,3250,6501,3250,0,1,3252,751046
168,3250,1200,6300,7560000,2,26006,6503,1,255480000,255480000,9751,3250,6501,3250,0,1,3252,754057

168,3650,1200,6300,7560000,2,29206,7303,1,279480000,279480000,10951,3650,7301,3650,0,1,3652,9539605
168,3650,1200,6300,7560000,2,29206,7303,1,279480000,279480000,10951,3650,7301,3650,0,1,3652,752847
168,3650,1200,6300,7560000,2,29206,7303,1,279480000,279480000,10951,3650,7301,3650,0,1,3652,749873
168,3650,1200,6300,7560000,2,29206,7303,1,279480000,279480000,10951,3650,7301,3650,0,1,3652,752181
168,3650,1200,6300,7560000,2,29206,7303,1,279480000,279480000,10951,3650,7301,3650,0,1,3652,751131
168,3650,1200,6300,7560000,2,29206,7303,1,279480000,279480000,10951,3650,7301,3650,0,1,3652,792115
168,3650,1200,6300,7560000,2,29206,7303,1,279480000,279480000,10951,3650,7301,3650,0,1,3652,791641

168,4050,1200,6300,7560000,2,32406,8103,1,303480000,303480000,12151,4050,8101,4050,0,1,4052,10617056
168,4050,1200,6300,7560000,2,32406,8103,1,303480000,303480000,12151,4050,8101,4050,0,1,4052,841643
168,4050,1200,6300,7560000,2,32406,8103,1,303480000,303480000,12151,4050,8101,4050,0,1,4052,838641
168,4050,1200,6300,7560000,2,32406,8103,1,303480000,303480000,12151,4050,8101,4050,0,1,4052,846512
168,4050,1200,6300,7560000,2,32406,8103,1,303480000,303480000,12151,4050,8101,4050,0,1,4052,845284
168,4050,1200,6300,7560000,2,32406,8103,1,303480000,303480000,12151,4050,8101,4050,0,1,4052,866745
168,4050,1200,6300,7560000,2,32406,8103,1,303480000,303480000,12151,4050,8101,4050,0,1,4052,866257

168,4450,1200,6300,7560000,2,35606,8903,1,327480000,327480000,13351,4450,8901,4450,0,1,4452,11719363
168,4450,1200,6300,7560000,2,35606,8903,1,327480000,327480000,13351,4450,8901,4450,0,1,4452,936624
168,4450,1200,6300,7560000,2,35606,8903,1,327480000,327480000,13351,4450,8901,4450,0,1,4452,966361
168,4450,1200,6300,7560000,2,35606,8903,1,327480000,327480000,13351,4450,8901,4450,0,1,4452,934453
168,4450,1200,6300,7560000,2,35606,8903,1,327480000,327480000,13351,4450,8901,4450,0,1,4452,971163
168,4450,1200,6300,7560000,2,35606,8903,1,327480000,327480000,13351,4450,8901,4450,0,1,4452,971676
168,4450,1200,6300,7560000,2,35606,8903,1,327480000,327480000,13351,4450,8901,4450,0,1,4452,970647

168,4850,1200,6300,7560000,2,38806,9703,1,351480000,351480000,14551,4850,9701,4850,0,1,4852,12318966
168,4850,1200,6300,7560000,2,38806,9703,1,351480000,351480000,14551,4850,9701,4850,0,1,4852,1029421
168,4850,1200,6300,7560000,2,38806,9703,1,351480000,351480000,14551,4850,9701,4850,0,1,4852,983243
168,4850,1200,6300,7560000,2,38806,9703,1,351480000,351480000,14551,4850,9701,4850,0,1,4852,1030865
168,4850,1200,6300,7560000,2,38806,9703,1,351480000,351480000,14551,4850,9701,4850,0,1,4852,991941
168,4850,1200,6300,7560000,2,38806,9703,1,351480000,351480000,14551,4850,9701,4850,0,1,4852,1042478
168,4850,1200,6300,7560000,2,38806,9703,1,351480000,351480000,14551,4850,9701,4850,0,1,4852,1042996

168,5250,1200,6300,7560000,2,42006,10503,1,375480000,375480000,15751,5250,10501,5250,0,1,5252,13407820
168,5250,1200,6300,7560000,2,42006,10503,1,375480000,375480000,15751,5250,10501,5250,0,1,5252,1097089
168,5250,1200,6300,7560000,2,42006,10503,1,375480000,375480000,15751,5250,10501,5250,0,1,5252,1093351
168,5250,1200,6300,7560000,2,42006,10503,1,375480000,375480000,15751,5250,10501,5250,0,1,5252,1099233
168,5250,1200,6300,7560000,2,42006,10503,1,375480000,375480000,15751,5250,10501,5250,0,1,5252,1099744
168,5250,1200,6300,7560000,2,42006,10503,1,375480000,375480000,15751,5250,10501,5250,0,1,5252,1102643
168,5250,1200,6300,7560000,2,42006,10503,1,375480000,375480000,15751,5250,10501,5250,0,1,5252,1102106

168,5650,1200,6300,7560000,2,45206,11303,1,399480000,399480000,16951,5650,11301,5650,0,1,5652,15751577
168,5650,1200,6300,7560000,2,45206,11303,1,399480000,399480000,16951,5650,11301,5650,0,1,5652,1210838
168,5650,1200,6300,7560000,2,45206,11303,1,399480000,399480000,16951,5650,11301,5650,0,1,5652,1212263
168,5650,1200,6300,7560000,2,45206,11303,1,399480000,399480000,16951,5650,11301,5650,0,1,5652,1211354
168,5650,1200,6300,7560000,2,45206,11303,1,399480000,399480000,16951,5650,11301,5650,0,1,5652,1212693
168,5650,1200,6300,7560000,2,45206,11303,1,399480000,399480000,16951,5650,11301,5650,0,1,5652,1211901
168,5650,1200,6300,7560000,2,45206,11303,1,399480000,399480000,16951,5650,11301,5650,0,1,5652,1211588

168,6050,1200,6300,7560000,2,48406,12103,1,423480000,423480000,18151,6050,12101,6050,0,1,6052,15633338
168,6050,1200,6300,7560000,2,48406,12103,1,423480000,423480000,18151,6050,12101,6050,0,1,6052,1301646
168,6050,1200,6300,7560000,2,48406,12103,1,423480000,423480000,18151,6050,12101,6050,0,1,6052,1275228
168,6050,1200,6300,7560000,2,48406,12103,1,423480000,423480000,18151,6050,12101,6050,0,1,6052,1300956
168,6050,1200,6300,7560000,2,48406,12103,1,423480000,423480000,18151,6050,12101,6050,0,1,6052,1286114
168,6050,1200,6300,7560000,2,48406,12103,1,423480000,423480000,18151,6050,12101,6050,0,1,6052,1289322
168,6050,1200,6300,7560000,2,48406,12103,1,423480000,423480000,18151,6050,12101,6050,0,1,6052,1286872

168,6450,1200,6300,7560000,2,51606,12903,1,447480000,447480000,19351,6450,12901,6450,0,1,6452,16655938
168,6450,1200,6300,7560000,2,51606,12903,1,447480000,447480000,19351,6450,12901,6450,0,1,6452,1340848
168,6450,1200,6300,7560000,2,51606,12903,1,447480000,447480000,19351,6450,12901,6450,0,1,6452,1335140
168,6450,1200,6300,7560000,2,51606,12903,1,447480000,447480000,19351,6450,12901,6450,0,1,6452,1341386
168,6450,1200,6300,7560000,2,51606,12903,1,447480000,447480000,19351,6450,12901,6450,0,1,6452,1342115
168,6450,1200,6300,7560000,2,51606,12903,1,447480000,447480000,19351,6450,12901,6450,0,1,6452,1329474
168,6450,1200,6300,7560000,2,51606,12903,1,447480000,447480000,19351,6450,12901,6450,0,1,6452,1328330

168,6850,1200,6300,7560000,2,54806,13703,1,471480000,471480000,20551,6850,13701,6850,0,1,6852,17314806
168,6850,1200,6300,7560000,2,54806,13703,1,471480000,471480000,20551,6850,13701,6850,0,1,6852,1446348
168,6850,1200,6300,7560000,2,54806,13703,1,471480000,471480000,20551,6850,13701,6850,0,1,6852,1461463
168,6850,1200,6300,7560000,2,54806,13703,1,471480000,471480000,20551,6850,13701,6850,0,1,6852,1458015
168,6850,1200,6300,7560000,2,54806,13703,1,471480000,471480000,20551,6850,13701,6850,0,1,6852,1474948
168,6850,1200,6300,7560000,2,54806,13703,1,471480000,471480000,20551,6850,13701,6850,0,1,6852,1451597
168,6850,1200,6300,7560000,2,54806,13703,1,471480000,471480000,20551,6850,13701,6850,0,1,6852,1458638

168,50,1200,5900,7080000,2,406,103,1,59480000,59480000,151,50,101,50,0,1,52,95246
168,50,1200,5900,7080000,2,406,103,1,59480000,59480000,151,50,101,50,0,1,52,76935
168,50,1200,5900,7080000,2,406,103,1,59480000,59480000,151,50,101,50,0,1,52,77407
168,50,1200,5900,7080000,2,406,103,1,59480000,59480000,151,50,101,50,0,1,52,66780
168,50,1200,5900,7080000,2,406,103,1,59480000,59480000,151,50,101,50,0,1,52,73870
168,50,1200,5900,7080000,2,406,103,1,59480000,59480000,151,50,101,50,0,1,52,95267
168,50,1200,5900,7080000,2,406,103,1,59480000,59480000,151,50,101,50,0,1,52,95756

168,450,1200,5900,7080000,2,3606,903,1,82200000,82200000,1351,450,901,450,0,1,452,887715
168,450,1200,5900,7080000,2,3606,903,1,82200000,82200000,1351,450,901,450,0,1,452,149443
168,450,1200,5900,7080000,2,3606,903,1,82200000,82200000,1351,450,901,450,0,1,452,149219
168,450,1200,5900,7080000,2,3606,903,1,82200000,82200000,1351,450,901,450,0,1,452,148779
168,450,1200,5900,7080000,2,3606,903,1,82200000,82200000,1351,450,901,450,0,1,452,148226
168,450,1200,5900,7080000,2,3606,903,1,82200000,82200000,1351,450,901,450,0,1,452,171486
168,450,1200,5900,7080000,2,3606,903,1,82200000,82200000,1351,450,901,450,0,1,452,171997

168,850,1200,5900,7080000,2,6806,1703,1,104920000,104920000,2551,850,1701,850,0,1,852,1877704
168,850,1200,5900,7080000,2,6806,1703,1,104920000,104920000,2551,850,1701,850,0,1,852,227881
168,850,1200,5900,7080000,2,6806,1703,1,104920000,104920000,2551,850,1701,850,0,1,852,225532
168,850,1200,5900,7080000,2,6806,1703,1,104920000,104920000,2551,850,1701,850,0,1,852,227114
168,850,1200,5900,7080000,2,6806,1703,1,104920000,104920000,2551,850,1701,850,0,1,852,227560
168,850,1200,5900,7080000,2,6806,1703,1,104920000,104920000,2551,850,1701,850,0,1,852,229647
168,850,1200,5900,7080000,2,6806,1703,1,104920000,104920000,2551,850,1701,850,0,1,852,229250

168,1250,1200,5900,7080000,2,10006,2503,1,127640000,127640000,3751,1250,2501,1250,0,1,1252,3024882
168,1250,1200,5900,7080000,2,10006,2503,1,127640000,127640000,3751,1250,2501,1250,0,1,1252,285585
168,1250,1200,5900,7080000,2,10006,2503,1,127640000,127640000,3751,1250,2501,1250,0,1,1252,284688
168,1250,1200,5900,7080000,2,10006,2503,1,127640000,127640000,3751,1250,2501,1250,0,1,1252,286081
168,1250,1200,5900,7080000,2,10006,2503,1,127640000,127640000,3751,1250,2501,1250,0,1,1252,283613
168,1250,1200,5900,7080000,2,10006,2503,1,127640000,127640000,3751,1250,2501,1250,0,1,1252,297060
168,1250,1200,5900,7080000,2,10006,2503,1,127640000,127640000,3751,1250,2501,1250,0,1,1252,297539

168,1650,1200,5900,7080000,2,13206,3303,1,150360000,150360000,4951,1650,3301,1650,0,1,1652,3886684
168,1650,1200,5900,7080000,2,13206,3303,1,150360000,150360000,4951,1650,3301,1650,0,1,1652,353053
168,1650,1200,5900,7080000,2,13206,3303,1,150360000,150360000,4951,1650,3301,1650,0,1,1652,351354
168,1650,1200,5900,7080000,2,13206,3303,1,150360000,150360000,4951,1650,3301,1650,0,1,1652,353637
168,1650,1200,5900,7080000,2,13206,3303,1,150360000,150360000,4951,1650,3301,1650,0,1,1652,354144
168,1650,1200,5900,7080000,2,13206,3303,1,150360000,150360000,4951,1650,3301,1650,0,1,1652,383064
168,1650,1200,5900,7080000,2,13206,3303,1,150360000,150360000,4951,1650,3301,1650,0,1,1652,382645

168,2050,1200,5900,7080000,2,16406,4103,1,173080000,173080000,6151,2050,4101,2050,0,1,2052,4742017
168,2050,1200,5900,7080000,2,16406,4103,1,173080000,173080000,6151,2050,4101,2050,0,1,2052,422119
168,2050,1200,5900,7080000,2,16406,4103,1,173080000,173080000,6151,2050,4101,2050,0,1,2052,420789
168,2050,1200,5900,7080000,2,16406,4103,1,173080000,173080000,6151,2050,4101,2050,0,1,2052,423399
168,2050,1200,5900,7080000,2,16406,4103,1,173080000,173080000,6151,2050,4101,2050,0,1,2052,422885
168,2050,1200,5900,7080000,2,16406,4103,1,173080000,173080000,6151,2050,4101,2050,0,1,2052,459214
168,2050,1200,5900,7080000,2,16406,4103,1,173080000,173080000,6151,2050,4101,2050,0,1,2052,458773

168,2450,1200,5900,7080000,2,19606,4903,1,195800000,195800000,7351,2450,4901,2450,0,1,2452,5618745
168,2450,1200,5900,7080000,2,19606,4903,1,195800000,195800000,7351,2450,4901,2450,0,1,2452,500670
168,2450,1200,5900,7080000,2,19606,4903,1,195800000,195800000,7351,2450,4901,2450,0,1,2452,500410
168,2450,1200,5900,7080000,2,19606,4903,1,195800000,195800000,7351,2450,4901,2450,0,1,2452,500963
168,2450,1200,5900,7080000,2,19606,4903,1,195800000,195800000,7351,2450,4901,2450,0,1,2452,499974
168,2450,1200,5900,7080000,2,19606,4903,1,195800000,195800000,7351,2450,4901,2450,0,1,2452,535531
168,2450,1200,5900,7080000,2,19606,4903,1,195800000,195800000,7351,2450,4901,2450,0,1,2452,535085

168,2850,1200,5900,7080000,2,22806,5703,1,218520000,218520000,8551,2850,5701,2850,0,1,2852,7055692
168,2850,1200,5900,7080000,2,22806,5703,1,218520000,218520000,8551,2850,5701,2850,0,1,2852,564211
168,2850,1200,5900,7080000,2,22806,5703,1,218520000,218520000,8551,2850,5701,2850,0,1,2852,560880
168,2850,1200,5900,7080000,2,22806,5703,1,218520000,218520000,8551,2850,5701,2850,0,1,2852,564715
168,2850,1200,5900,7080000,2,22806,5703,1,218520000,218520000,8551,2850,5701,2850,0,1,2852,565029
168,2850,1200,5900,7080000,2,22806,5703,1,218520000,218520000,8551,2850,5701,2850,0,1,2852,613610
168,2850,1200,5900,7080000,2,22806,5703,1,218520000,218520000,8551,2850,5701,2850,0,1,2852,614070

168,3250,1200,5900,7080000,2,26006,6503,1,241240000,241240000,9751,3250,6501,3250,0,1,3252,8075769
168,3250,1200,5900,7080000,2,26006,6503,1,241240000,241240000,9751,3250,6501,3250,0,1,3252,636027
168,3250,1200,5900,7080000,2,26006,6503,1,241240000,241240000,9751,3250,6501,3250,0,1,3252,650400
168,3250,1200,5900,7080000,2,26006,6503,1,241240000,241240000,9751,3250,6501,3250,0,1,3252,632964
168,3250,1200,5900,7080000,2,26006,6503,1,241240000,241240000,9751,3250,6501,3250,0,1,3252,654340
168,3250,1200,5900,7080000,2,26006,6503,1,241240000,241240000,9751,3250,6501,3250,0,1,3252,688360
168,3250,1200,5900,7080000,2,26006,6503,1,241240000,241240000,9751,3250,6501,3250,0,1,3252,687725

168,3650,1200,5900,7080000,2,29206,7303,1,263960000,263960000,10951,3650,7301,3650,0,1,3652,8898122
168,3650,1200,5900,7080000,2,29206,7303,1,263960000,263960000,10951,3650,7301,3650,0,1,3652,720633
168,3650,1200,5900,7080000,2,29206,7303,1,263960000,263960000,10951,3650,7301,3650,0,1,3652,709419
168,3650,1200,5900,7080000,2,29206,7303,1,263960000,263960000,10951,3650,7301,3650,0,1,3652,722645
168,3650,1200,5900,7080000,2,29206,7303,1,263960000,263960000,10951,3650,7301,3650,0,1,3652,708478
168,3650,1200,5900,7080000,2,29206,7303,1,263960000,263960000,10951,3650,7301,3650,0,1,3652,773487
168,3650,1200,5900,7080000,2,29206,7303,1,263960000,263960000,10951,3650,7301,3650,0,1,3652,776752

168,4050,1200,5900,7080000,2,32406,8103,1,286680000,286680000,12151,4050,8101,4050,0,1,4052,10044568
168,4050,1200,5900,7080000,2,32406,8103,1,286680000,286680000,12151,4050,8101,4050,0,1,4052,784472
168,4050,1200,5900,7080000,2,32406,8103,1,286680000,286680000,12151,4050,8101,4050,0,1,4052,787719
168,4050,1200,5900,7080000,2,32406,8103,1,286680000,286680000,12151,4050,8101,4050,0,1,4052,788496
168,4050,1200,5900,7080000,2,32406,8103,1,286680000,286680000,12151,4050,8101,4050,0,1,4052,786583
168,4050,1200,5900,7080000,2,32406,8103,1,286680000,286680000,12151,4050,8101,4050,0,1,4052,814554
168,4050,1200,5900,7080000,2,32406,8103,1,286680000,286680000,12151,4050,8101,4050,0,1,4052,814066

168,4450,1200,5900,7080000,2,35606,8903,1,309400000,309400000,13351,4450,8901,4450,0,1,4452,10997007
168,4450,1200,5900,7080000,2,35606,8903,1,309400000,309400000,13351,4450,8901,4450,0,1,4452,866102
168,4450,1200,5900,7080000,2,35606,8903,1,309400000,309400000,13351,4450,8901,4450,0,1,4452,854988
168,4450,1200,5900,7080000,2,35606,8903,1,309400000,309400000,13351,4450,8901,4450,0,1,4452,864849
168,4450,1200,5900,7080000,2,35606,8903,1,309400000,309400000,13351,4450,8901,4450,0,1,4452,866907
168,4450,1200,5900,7080000,2,35606,8903,1,309400000,309400000,13351,4450,8901,4450,0,1,4452,886965
168,4450,1200,5900,7080000,2,35606,8903,1,309400000,309400000,13351,4450,8901,4450,0,1,4452,886467

168,4850,1200,5900,7080000,2,38806,9703,1,332120000,332120000,14551,4850,9701,4850,0,1,4852,11787496
168,4850,1200,5900,7080000,2,38806,9703,1,332120000,332120000,14551,4850,9701,4850,0,1,4852,937939
168,4850,1200,5900,7080000,2,38806,9703,1,332120000,332120000,14551,4850,9701,4850,0,1,4852,975237
168,4850,1200,5900,7080000,2,38806,9703,1,332120000,332120000,14551,4850,9701,4850,0,1,4852,935710
168,4850,1200,5900,7080000,2,38806,9703,1,332120000,332120000,14551,4850,9701,4850,0,1,4852,974251
168,4850,1200,5900,7080000,2,38806,9703,1,332120000,332120000,14551,4850,9701,4850,0,1,4852,977714
168,4850,1200,5900,7080000,2,38806,9703,1,332120000,332120000,14551,4850,9701,4850,0,1,4852,977193

168,5250,1200,5900,7080000,2,42006,10503,1,354840000,354840000,15751,5250,10501,5250,0,1,5252,12777740
168,5250,1200,5900,7080000,2,42006,10503,1,354840000,354840000,15751,5250,10501,5250,0,1,5252,1080377
168,5250,1200,5900,7080000,2,42006,10503,1,354840000,354840000,15751,5250,10501,5250,0,1,5252,1034381
168,5250,1200,5900,7080000,2,42006,10503,1,354840000,354840000,15751,5250,10501,5250,0,1,5252,1073139
168,5250,1200,5900,7080000,2,42006,10503,1,354840000,354840000,15751,5250,10501,5250,0,1,5252,1052334
168,5250,1200,5900,7080000,2,42006,10503,1,354840000,354840000,15751,5250,10501,5250,0,1,5252,1082728
168,5250,1200,5900,7080000,2,42006,10503,1,354840000,354840000,15751,5250,10501,5250,0,1,5252,1080888

168,5650,1200,5900,7080000,2,45206,11303,1,377560000,377560000,16951,5650,11301,5650,0,1,5652,13421544
168,5650,1200,5900,7080000,2,45206,11303,1,377560000,377560000,16951,5650,11301,5650,0,1,5652,1088891
168,5650,1200,5900,7080000,2,45206,11303,1,377560000,377560000,16951,5650,11301,5650,0,1,5652,1075883
168,5650,1200,5900,7080000,2,45206,11303,1,377560000,377560000,16951,5650,11301,5650,0,1,5652,1087598
168,5650,1200,5900,7080000,2,45206,11303,1,377560000,377560000,16951,5650,11301,5650,0,1,5652,1089744
168,5650,1200,5900,7080000,2,45206,11303,1,377560000,377560000,16951,5650,11301,5650,0,1,5652,1101617
168,5650,1200,5900,7080000,2,45206,11303,1,377560000,377560000,16951,5650,11301,5650,0,1,5652,1101083

168,6050,1200,5900,7080000,2,48406,12103,1,400280000,400280000,18151,6050,12101,6050,0,1,6052,14668627
168,6050,1200,5900,7080000,2,48406,12103,1,400280000,400280000,18151,6050,12101,6050,0,1,6052,1191496
168,6050,1200,5900,7080000,2,48406,12103,1,400280000,400280000,18151,6050,12101,6050,0,1,6052,1184188
168,6050,1200,5900,7080000,2,48406,12103,1,400280000,400280000,18151,6050,12101,6050,0,1,6052,1189884
168,6050,1200,5900,7080000,2,48406,12103,1,400280000,400280000,18151,6050,12101,6050,0,1,6052,1195627
168,6050,1200,5900,7080000,2,48406,12103,1,400280000,400280000,18151,6050,12101,6050,0,1,6052,1194603
168,6050,1200,5900,7080000,2,48406,12103,1,400280000,400280000,18151,6050,12101,6050,0,1,6052,1195171

168,6450,1200,5900,7080000,2,51606,12903,1,423000000,423000000,19351,6450,12901,6450,0,1,6452,15999460
168,6450,1200,5900,7080000,2,51606,12903,1,423000000,423000000,19351,6450,12901,6450,0,1,6452,1341179
168,6450,1200,5900,7080000,2,51606,12903,1,423000000,423000000,19351,6450,12901,6450,0,1,6452,1259644
168,6450,1200,5900,7080000,2,51606,12903,1,423000000,423000000,19351,6450,12901,6450,0,1,6452,1332044
168,6450,1200,5900,7080000,2,51606,12903,1,423000000,423000000,19351,6450,12901,6450,0,1,6452,1328182
168,6450,1200,5900,7080000,2,51606,12903,1,423000000,423000000,19351,6450,12901,6450,0,1,6452,1318133
168,6450,1200,5900,7080000,2,51606,12903,1,423000000,423000000,19351,6450,12901,6450,0,1,6452,1327179

168,6850,1200,5900,7080000,2,54806,13703,1,445720000,445720000,20551,6850,13701,6850,0,1,6852,16447545
168,6850,1200,5900,7080000,2,54806,13703,1,445720000,445720000,20551,6850,13701,6850,0,1,6852,1371462
168,6850,1200,5900,7080000,2,54806,13703,1,445720000,445720000,20551,6850,13701,6850,0,1,6852,1366532
168,6850,1200,5900,7080000,2,54806,13703,1,445720000,445720000,20551,6850,13701,6850,0,1,6852,1276231
168,6850,1200,5900,7080000,2,54806,13703,1,445720000,445720000,20551,6850,13701,6850,0,1,6852,1374340
168,6850,1200,5900,7080000,2,54806,13703,1,445720000,445720000,20551,6850,13701,6850,0,1,6852,1350606
168,6850,1200,5900,7080000,2,54806,13703,1,445720000,445720000,20551,6850,13701,6850,0,1,6852,1349372

168,50,1200,5500,6600000,2,406,103,1,55480000,55480000,151,50,101,50,0,1,52,90052
168,50,1200,5500,6600000,2,406,103,1,55480000,55480000,151,50,101,50,0,1,52,74105
168,50,1200,5500,6600000,2,406,103,1,55480000,55480000,151,50,101,50,0,1,52,74567
168,50,1200,5500,6600000,2,406,103,1,55480000,55480000,151,50,101,50,0,1,52,66669
168,50,1200,5500,6600000,2,406,103,1,55480000,55480000,151,50,101,50,0,1,52,75492
168,50,1200,5500,6600000,2,406,103,1,55480000,55480000,151,50,101,50,0,1,52,90560
168,50,1200,5500,6600000,2,406,103,1,55480000,55480000,151,50,101,50,0,1,52,89351

168,450,1200,5500,6600000,2,3606,903,1,76920000,76920000,1351,450,901,450,0,1,452,831902
168,450,1200,5500,6600000,2,3606,903,1,76920000,76920000,1351,450,901,450,0,1,452,140378
168,450,1200,5500,6600000,2,3606,903,1,76920000,76920000,1351,450,901,450,0,1,452,139708
168,450,1200,5500,6600000,2,3606,903,1,76920000,76920000,1351,450,901,450,0,1,452,139146
168,450,1200,5500,6600000,2,3606,903,1,76920000,76920000,1351,450,901,450,0,1,452,140155
168,450,1200,5500,6600000,2,3606,903,1,76920000,76920000,1351,450,901,450,0,1,452,161577
168,450,1200,5500,6600000,2,3606,903,1,76920000,76920000,1351,450,901,450,0,1,452,161062

168,850,1200,5500,6600000,2,6806,1703,1,98360000,98360000,2551,850,1701,850,0,1,852,1755918
168,850,1200,5500,6600000,2,6806,1703,1,98360000,98360000,2551,850,1701,850,0,1,852,208411
168,850,1200,5500,6600000,2,6806,1703,1,98360000,98360000,2551,850,1701,850,0,1,852,207620
168,850,1200,5500,6600000,2,6806,1703,1,98360000,98360000,2551,850,1701,850,0,1,852,206626
168,850,1200,5500,6600000,2,6806,1703,1,98360000,98360000,2551,850,1701,850,0,1,852,208816
168,850,1200,5500,6600000,2,6806,1703,1,98360000,98360000,2551,850,1701,850,0,1,852,212636
168,850,1200,5500,6600000,2,6806,1703,1,98360000,98360000,2551,850,1701,850,0,1,852,213037

168,1250,1200,5500,6600000,2,10006,2503,1,119800000,119800000,3751,1250,2501,1250,0,1,1252,2746843
168,1250,1200,5500,6600000,2,10006,2503,1,119800000,119800000,3751,1250,2501,1250,0,1,1252,274079
168,1250,1200,5500,6600000,2,10006,2503,1,119800000,119800000,3751,1250,2501,1250,0,1,1252,274657
168,1250,1200,5500,6600000,2,10006,2503,1,119800000,119800000,3751,1250,2501,1250,0,1,1252,273390
168,1250,1200,5500,6600000,2,10006,2503,1,119800000,119800000,3751,1250,2501,1250,0,1,1252,278156
168,1250,1200,5500,6600000,2,10006,2503,1,119800000,119800000,3751,1250,2501,1250,0,1,1252,280928
168,1250,1200,5500,6600000,2,10006,2503,1,119800000,119800000,3751,1250,2501,1250,0,1,1252,281343

168,1650,1200,5500,6600000,2,13206,3303,1,141240000,141240000,4951,1650,3301,1650,0,1,1652,3692606
168,1650,1200,5500,6600000,2,13206,3303,1,141240000,141240000,4951,1650,3301,1650,0,1,1652,328056
168,1650,1200,5500,6600000,2,13206,3303,1,141240000,141240000,4951,1650,3301,1650,0,1,1652,327603
168,1650,1200,5500,6600000,2,13206,3303,1,141240000,141240000,4951,1650,3301,1650,0,1,1652,324877
168,1650,1200,5500,6600000,2,13206,3303,1,141240000,141240000,4951,1650,3301,1650,0,1,1652,328307
168,1650,1200,5500,6600000,2,13206,3303,1,141240000,141240000,4951,1650,3301,1650,0,1,1652,355307
168,1650,1200,5500,6600000,2,13206,3303,1,141240000,141240000,4951,1650,3301,1650,0,1,1652,354884

168,2050,1200,5500,6600000,2,16406,4103,1,162680000,162680000,6151,2050,4101,2050,0,1,2052,4400676
168,2050,1200,5500,6600000,2,16406,4103,1,162680000,162680000,6151,2050,4101,2050,0,1,2052,401101
168,2050,1200,5500,6600000,2,16406,4103,1,162680000,162680000,6151,2050,4101,2050,0,1,2052,406500
168,2050,1200,5500,6600000,2,16406,4103,1,162680000,162680000,6151,2050,4101,2050,0,1,2052,402947
168,2050,1200,5500,6600000,2,16406,4103,1,162680000,162680000,6151,2050,4101,2050,0,1,2052,405505
168,2050,1200,5500,6600000,2,16406,4103,1,162680000,162680000,6151,2050,4101,2050,0,1,2052,428617
168,2050,1200,5500,6600000,2,16406,4103,1,162680000,162680000,6151,2050,4101,2050,0,1,2052,443252

168,2450,1200,5500,6600000,2,19606,4903,1,184120000,184120000,7351,2450,4901,2450,0,1,2452,5148885
168,2450,1200,5500,6600000,2,19606,4903,1,184120000,184120000,7351,2450,4901,2450,0,1,2452,488373
168,2450,1200,5500,6600000,2,19606,4903,1,184120000,184120000,7351,2450,4901,2450,0,1,2452,465118
168,2450,1200,5500,6600000,2,19606,4903,1,184120000,184120000,7351,2450,4901,2450,0,1,2452,480564
168,2450,1200,5500,6600000,2,19606,4903,1,184120000,184120000,7351,2450,4901,2450,0,1,2452,461932
168,2450,1200,5500,6600000,2,19606,4903,1,184120000,184120000,7351,2450,4901,2450,0,1,2452,518737
168,2450,1200,5500,6600000,2,19606,4903,1,184120000,184120000,7351,2450,4901,2450,0,1,2452,496617

168,2850,1200,5500,6600000,2,22806,5703,1,205560000,205560000,8551,2850,5701,2850,0,1,2852,6798143
168,2850,1200,5500,6600000,2,22806,5703,1,205560000,205560000,8551,2850,5701,2850,0,1,2852,522978
168,2850,1200,5500,6600000,2,22806,5703,1,205560000,205560000,8551,2850,5701,2850,0,1,2852,524636
168,2850,1200,5500,6600000,2,22806,5703,1,205560000,205560000,8551,2850,5701,2850,0,1,2852,525986
168,2850,1200,5500,6600000,2,22806,5703,1,205560000,205560000,8551,2850,5701,2850,0,1,2852,525434
168,2850,1200,5500,6600000,2,22806,5703,1,205560000,205560000,8551,2850,5701,2850,0,1,2852,570828
168,2850,1200,5500,6600000,2,22806,5703,1,205560000,205560000,8551,2850,5701,2850,0,1,2852,570371

168,3250,1200,5500,6600000,2,26006,6503,1,227000000,227000000,9751,3250,6501,3250,0,1,3252,7394669
168,3250,1200,5500,6600000,2,26006,6503,1,227000000,227000000,9751,3250,6501,3250,0,1,3252,588937
168,3250,1200,5500,6600000,2,26006,6503,1,227000000,227000000,9751,3250,6501,3250,0,1,3252,587511
168,3250,1200,5500,6600000,2,26006,6503,1,227000000,227000000,9751,3250,6501,3250,0,1,3252,588620
168,3250,1200,5500,6600000,2,26006,6503,1,227000000,227000000,9751,3250,6501,3250,0,1,3252,588114
168,3250,1200,5500,6600000,2,26006,6503,1,227000000,227000000,9751,3250,6501,3250,0,1,3252,639390
168,3250,1200,5500,6600000,2,26006,6503,1,227000000,227000000,9751,3250,6501,3250,0,1,3252,638929

168,3650,1200,5500,6600000,2,29206,7303,1,248440000,248440000,10951,3650,7301,3650,0,1,3652,8136228
168,3650,1200,5500,6600000,2,29206,7303,1,248440000,248440000,10951,3650,7301,3650,0,1,3652,657965
168,3650,1200,5500,6600000,2,29206,7303,1,248440000,248440000,10951,3650,7301,3650,0,1,3652,659412
168,3650,1200,5500,6600000,2,29206,7303,1,248440000,248440000,10951,3650,7301,3650,0,1,3652,659853
168,3650,1200,5500,6600000,2,29206,7303,1,248440000,248440000,10951,3650,7301,3650,0,1,3652,660444
168,3650,1200,5500,6600000,2,29206,7303,1,248440000,248440000,10951,3650,7301,3650,0,1,3652,707232
168,3650,1200,5500,6600000,2,29206,7303,1,248440000,248440000,10951,3650,7301,3650,0,1,3652,706753

168,4050,1200,5500,6600000,2,32406,8103,1,269880000,269880000,12151,4050,8101,4050,0,1,4052,9374356
168,4050,1200,5500,6600000,2,32406,8103,1,269880000,269880000,12151,4050,8101,4050,0,1,4052,742264
168,4050,1200,5500,6600000,2,32406,8103,1,269880000,269880000,12151,4050,8101,4050,0,1,4052,731041
168,4050,1200,5500,6600000,2,32406,8103,1,269880000,269880000,12151,4050,8101,4050,0,1,4052,740462
168,4050,1200,5500,6600000,2,32406,8103,1,269880000,269880000,12151,4050,8101,4050,0,1,4052,746778
168,4050,1200,5500,6600000,2,32406,8103,1,269880000,269880000,12151,4050,8101,4050,0,1,4052,771828
168,4050,1200,5500,6600000,2,32406,8103,1,269880000,269880000,12151,4050,8101,4050,0,1,4052,771341

168,4450,1200,5500,6600000,2,35606,8903,1,291320000,291320000,13351,4450,8901,4450,0,1,4452,9553418
168,4450,1200,5500,6600000,2,35606,8903,1,291320000,291320000,13351,4450,8901,4450,0,1,4452,829727
168,4450,1200,5500,6600000,2,35606,8903,1,291320000,291320000,13351,4450,8901,4450,0,1,4452,835046
168,4450,1200,5500,6600000,2,35606,8903,1,291320000,291320000,13351,4450,8901,4450,0,1,4452,833189
168,4450,1200,5500,6600000,2,35606,8903,1,291320000,291320000,13351,4450,8901,4450,0,1,4452,787789
168,4450,1200,5500,6600000,2,35606,8903,1,291320000,291320000,13351,4450,8901,4450,0,1,4452,860140
168,4450,1200,5500,6600000,2,35606,8903,1,291320000,291320000,13351,4450,8901,4450,0,1,4452,862515

168,4850,1200,5500,6600000,2,38806,9703,1,312760000,312760000,14551,4850,9701,4850,0,1,4852,11172354
168,4850,1200,5500,6600000,2,38806,9703,1,312760000,312760000,14551,4850,9701,4850,0,1,4852,877014
168,4850,1200,5500,6600000,2,38806,9703,1,312760000,312760000,14551,4850,9701,4850,0,1,4852,871217
168,4850,1200,5500,6600000,2,38806,9703,1,312760000,312760000,14551,4850,9701,4850,0,1,4852,878509
168,4850,1200,5500,6600000,2,38806,9703,1,312760000,312760000,14551,4850,9701,4850,0,1,4852,879905
168,4850,1200,5500,6600000,2,38806,9703,1,312760000,312760000,14551,4850,9701,4850,0,1,4852,897908
168,4850,1200,5500,6600000,2,38806,9703,1,312760000,312760000,14551,4850,9701,4850,0,1,4852,897389

168,5250,1200,5500,6600000,2,42006,10503,1,334200000,334200000,15751,5250,10501,5250,0,1,5252,12174963
168,5250,1200,5500,6600000,2,42006,10503,1,334200000,334200000,15751,5250,10501,5250,0,1,5252,948346
168,5250,1200,5500,6600000,2,42006,10503,1,334200000,334200000,15751,5250,10501,5250,0,1,5252,951774
168,5250,1200,5500,6600000,2,42006,10503,1,334200000,334200000,15751,5250,10501,5250,0,1,5252,952777
168,5250,1200,5500,6600000,2,42006,10503,1,334200000,334200000,15751,5250,10501,5250,0,1,5252,954128
168,5250,1200,5500,6600000,2,42006,10503,1,334200000,334200000,15751,5250,10501,5250,0,1,5252,966973
168,5250,1200,5500,6600000,2,42006,10503,1,334200000,334200000,15751,5250,10501,5250,0,1,5252,966445

168,5650,1200,5500,6600000,2,45206,11303,1,355640000,355640000,16951,5650,11301,5650,0,1,5652,12835948
168,5650,1200,5500,6600000,2,45206,11303,1,355640000,355640000,16951,5650,11301,5650,0,1,5652,1032204
168,5650,1200,5500,6600000,2,45206,11303,1,355640000,355640000,16951,5650,11301,5650,0,1,5652,1026513
168,5650,1200,5500,6600000,2,45206,11303,1,355640000,355640000,16951,5650,11301,5650,0,1,5652,1034664
168,5650,1200,5500,6600000,2,45206,11303,1,355640000,355640000,16951,5650,11301,5650,0,1,5652,1042586
168,5650,1200,5500,6600000,2,45206,11303,1,355640000,355640000,16951,5650,11301,5650,0,1,5652,1045872
168,5650,1200,5500,6600000,2,45206,11303,1,355640000,355640000,16951,5650,11301,5650,0,1,5652,1045332

168,6050,1200,5500,6600000,2,48406,12103,1,377080000,377080000,18151,6050,12101,6050,0,1,6052,13484717
168,6050,1200,5500,6600000,2,48406,12103,1,377080000,377080000,18151,6050,12101,6050,0,1,6052,1153199
168,6050,1200,5500,6600000,2,48406,12103,1,377080000,377080000,18151,6050,12101,6050,0,1,6052,1142503
168,6050,1200,5500,6600000,2,48406,12103,1,377080000,377080000,18151,6050,12101,6050,0,1,6052,1149274
168,6050,1200,5500,6600000,2,48406,12103,1,377080000,377080000,18151,6050,12101,6050,0,1,6052,1104361
168,6050,1200,5500,6600000,2,48406,12103,1,377080000,377080000,18151,6050,12101,6050,0,1,6052,1155082
168,6050,1200,5500,6600000,2,48406,12103,1,377080000,377080000,18151,6050,12101,6050,0,1,6052,1154372

168,6450,1200,5500,6600000,2,51606,12903,1,398520000,398520000,19351,6450,12901,6450,0,1,6452,13473889
168,6450,1200,5500,6600000,2,51606,12903,1,398520000,398520000,19351,6450,12901,6450,0,1,6452,1171372
168,6450,1200,5500,6600000,2,51606,12903,1,398520000,398520000,19351,6450,12901,6450,0,1,6452,1172009
168,6450,1200,5500,6600000,2,51606,12903,1,398520000,398520000,19351,6450,12901,6450,0,1,6452,1174442
168,6450,1200,5500,6600000,2,51606,12903,1,398520000,398520000,19351,6450,12901,6450,0,1,6452,1173304
168,6450,1200,5500,6600000,2,51606,12903,1,398520000,398520000,19351,6450,12901,6450,0,1,6452,1175629
168,6450,1200,5500,6600000,2,51606,12903,1,398520000,398520000,19351,6450,12901,6450,0,1,6452,1175072

168,6850,1200,5500,6600000,2,54806,13703,1,419960000,419960000,20551,6850,13701,6850,0,1,6852,15337152
168,6850,1200,5500,6600000,2,54806,13703,1,419960000,419960000,20551,6850,13701,6850,0,1,6852,1252469
168,6850,1200,5500,6600000,2,54806,13703,1,419960000,419960000,20551,6850,13701,6850,0,1,6852,1251560
168,6850,1200,5500,6600000,2,54806,13703,1,419960000,419960000,20551,6850,13701,6850,0,1,6852,1251911
168,6850,1200,5500,6600000,2,54806,13703,1,419960000,419960000,20551,6850,13701,6850,0,1,6852,1255599
168,6850,1200,5500,6600000,2,54806,13703,1,419960000,419960000,20551,6850,13701,6850,0,1,6852,1253061
168,6850,1200,5500,6600000,2,54806,13703,1,419960000,419960000,20551,6850,13701,6850,0,1,6852,1251096

168,50,1200,5100,6120000,2,406,103,1,51480000,51480000,151,50,101,50,0,1,52,83281
168,50,1200,5100,6120000,2,406,103,1,51480000,51480000,151,50,101,50,0,1,52,64519
168,50,1200,5100,6120000,2,406,103,1,51480000,51480000,151,50,101,50,0,1,52,57489
168,50,1200,5100,6120000,2,406,103,1,51480000,51480000,151,50,101,50,0,1,52,68408
168,50,1200,5100,6120000,2,406,103,1,51480000,51480000,151,50,101,50,0,1,52,67937
168,50,1200,5100,6120000,2,406,103,1,51480000,51480000,151,50,101,50,0,1,52,84047
168,50,1200,5100,6120000,2,406,103,1,51480000,51480000,151,50,101,50,0,1,52,83558

168,450,1200,5100,6120000,2,3606,903,1,71640000,71640000,1351,450,901,450,0,1,452,710829
168,450,1200,5100,6120000,2,3606,903,1,71640000,71640000,1351,450,901,450,0,1,452,123690
168,450,1200,5100,6120000,2,3606,903,1,71640000,71640000,1351,450,901,450,0,1,452,121822
168,450,1200,5100,6120000,2,3606,903,1,71640000,71640000,1351,450,901,450,0,1,452,123204
168,450,1200,5100,6120000,2,3606,903,1,71640000,71640000,1351,450,901,450,0,1,452,122844
168,450,1200,5100,6120000,2,3606,903,1,71640000,71640000,1351,450,901,450,0,1,452,147275
168,450,1200,5100,6120000,2,3606,903,1,71640000,71640000,1351,450,901,450,0,1,452,146764

168,850,1200,5100,6120000,2,6806,1703,1,91800000,91800000,2551,850,1701,850,0,1,852,1598874
168,850,1200,5100,6120000,2,6806,1703,1,91800000,91800000,2551,850,1701,850,0,1,852,198333
168,850,1200,5100,6120000,2,6806,1703,1,91800000,91800000,2551,850,1701,850,0,1,852,196762
168,850,1200,5100,6120000,2,6806,1703,1,91800000,91800000,2551,850,1701,850,0,1,852,195275
168,850,1200,5100,6120000,2,6806,1703,1,91800000,91800000,2551,850,1701,850,0,1,852,196398
168,850,1200,5100,6120000,2,6806,1703,1,91800000,91800000,2551,850,1701,850,0,1,852,210911
168,850,1200,5100,6120000,2,6806,1703,1,91800000,91800000,2551,850,1701,850,0,1,852,210350

168,1250,1200,5100,6120000,2,10006,2503,1,111960000,111960000,3751,1250,2501,1250,0,1,1252,2539250
168,1250,1200,5100,6120000,2,10006,2503,1,111960000,111960000,3751,1250,2501,1250,0,1,1252,259515
168,1250,1200,5100,6120000,2,10006,2503,1,111960000,111960000,3751,1250,2501,1250,0,1,1252,284448
168,1250,1200,5100,6120000,2,10006,2503,1,111960000,111960000,3751,1250,2501,1250,0,1,1252,284053
168,1250,1200,5100,6120000,2,10006,2503,1,111960000,111960000,3751,1250,2501,1250,0,1,1252,252244
168,1250,1200,5100,6120000,2,10006,2503,1,111960000,111960000,3751,1250,2501,1250,0,1,1252,284791
168,1250,1200,5100,6120000,2,10006,2503,1,111960000,111960000,3751,1250,2501,1250,0,1,1252,284599

168,1650,1200,5100,6120000,2,13206,3303,1,132120000,132120000,4951,1650,3301,1650,0,1,1652,3286913
168,1650,1200,5100,6120000,2,13206,3303,1,132120000,132120000,4951,1650,3301,1650,0,1,1652,304696
168,1650,1200,5100,6120000,2,13206,3303,1,132120000,132120000,4951,1650,3301,1650,0,1,1652,315993
168,1650,1200,5100,6120000,2,13206,3303,1,132120000,132120000,4951,1650,3301,1650,0,1,1652,314926
168,1650,1200,5100,6120000,2,13206,3303,1,132120000,132120000,4951,1650,3301,1650,0,1,1652,307930
168,1650,1200,5100,6120000,2,13206,3303,1,132120000,132120000,4951,1650,3301,1650,0,1,1652,334182
168,1650,1200,5100,6120000,2,13206,3303,1,132120000,132120000,4951,1650,3301,1650,0,1,1652,330544

168,2050,1200,5100,6120000,2,16406,4103,1,152280000,152280000,6151,2050,4101,2050,0,1,2052,4005306
168,2050,1200,5100,6120000,2,16406,4103,1,152280000,152280000,6151,2050,4101,2050,0,1,2052,372692
168,2050,1200,5100,6120000,2,16406,4103,1,152280000,152280000,6151,2050,4101,2050,0,1,2052,368323
168,2050,1200,5100,6120000,2,16406,4103,1,152280000,152280000,6151,2050,4101,2050,0,1,2052,369329
168,2050,1200,5100,6120000,2,16406,4103,1,152280000,152280000,6151,2050,4101,2050,0,1,2052,371697
168,2050,1200,5100,6120000,2,16406,4103,1,152280000,152280000,6151,2050,4101,2050,0,1,2052,393747
168,2050,1200,5100,6120000,2,16406,4103,1,152280000,152280000,6151,2050,4101,2050,0,1,2052,393313

168,2450,1200,5100,6120000,2,19606,4903,1,172440000,172440000,7351,2450,4901,2450,0,1,2452,5140865
168,2450,1200,5100,6120000,2,19606,4903,1,172440000,172440000,7351,2450,4901,2450,0,1,2452,430168
168,2450,1200,5100,6120000,2,19606,4903,1,172440000,172440000,7351,2450,4901,2450,0,1,2452,428162
168,2450,1200,5100,6120000,2,19606,4903,1,172440000,172440000,7351,2450,4901,2450,0,1,2452,430455
168,2450,1200,5100,6120000,2,19606,4903,1,172440000,172440000,7351,2450,4901,2450,0,1,2452,429688
168,2450,1200,5100,6120000,2,19606,4903,1,172440000,172440000,7351,2450,4901,2450,0,1,2452,463614
168,2450,1200,5100,6120000,2,19606,4903,1,172440000,172440000,7351,2450,4901,2450,0,1,2452,463168

168,2850,1200,5100,6120000,2,22806,5703,1,192600000,192600000,8551,2850,5701,2850,0,1,2852,5792885
168,2850,1200,5100,6120000,2,22806,5703,1,192600000,192600000,8551,2850,5701,2850,0,1,2852,490807
168,2850,1200,5100,6120000,2,22806,5703,1,192600000,192600000,8551,2850,5701,2850,0,1,2852,490388
168,2850,1200,5100,6120000,2,22806,5703,1,192600000,192600000,8551,2850,5701,2850,0,1,2852,491361
168,2850,1200,5100,6120000,2,22806,5703,1,192600000,192600000,8551,2850,5701,2850,0,1,2852,489090
168,2850,1200,5100,6120000,2,22806,5703,1,192600000,192600000,8551,2850,5701,2850,0,1,2852,532536
168,2850,1200,5100,6120000,2,22806,5703,1,192600000,192600000,8551,2850,5701,2850,0,1,2852,532992

168,3250,1200,5100,6120000,2,26006,6503,1,212760000,212760000,9751,3250,6501,3250,0,1,3252,6598182
168,3250,1200,5100,6120000,2,26006,6503,1,212760000,212760000,9751,3250,6501,3250,0,1,3252,552945
168,3250,1200,5100,6120000,2,26006,6503,1,212760000,212760000,9751,3250,6501,3250,0,1,3252,552627
168,3250,1200,5100,6120000,2,26006,6503,1,212760000,212760000,9751,3250,6501,3250,0,1,3252,549914
168,3250,1200,5100,6120000,2,26006,6503,1,212760000,212760000,9751,3250,6501,3250,0,1,3252,552121
168,3250,1200,5100,6120000,2,26006,6503,1,212760000,212760000,9751,3250,6501,3250,0,1,3252,602632
168,3250,1200,5100,6120000,2,26006,6503,1,212760000,212760000,9751,3250,6501,3250,0,1,3252,602166

168,3650,1200,5100,6120000,2,29206,7303,1,232920000,232920000,10951,3650,7301,3650,0,1,3652,7438227
168,3650,1200,5100,6120000,2,29206,7303,1,232920000,232920000,10951,3650,7301,3650,0,1,3652,614486
168,3650,1200,5100,6120000,2,29206,7303,1,232920000,232920000,10951,3650,7301,3650,0,1,3652,617524
168,3650,1200,5100,6120000,2,29206,7303,1,232920000,232920000,10951,3650,7301,3650,0,1,3652,618126
168,3650,1200,5100,6120000,2,29206,7303,1,232920000,232920000,10951,3650,7301,3650,0,1,3652,621517
168,3650,1200,5100,6120000,2,29206,7303,1,232920000,232920000,10951,3650,7301,3650,0,1,3652,660980
168,3650,1200,5100,6120000,2,29206,7303,1,232920000,232920000,10951,3650,7301,3650,0,1,3652,660504

168,4050,1200,5100,6120000,2,32406,8103,1,253080000,253080000,12151,4050,8101,4050,0,1,4052,8214644
168,4050,1200,5100,6120000,2,32406,8103,1,253080000,253080000,12151,4050,8101,4050,0,1,4052,719720
168,4050,1200,5100,6120000,2,32406,8103,1,253080000,253080000,12151,4050,8101,4050,0,1,4052,709924
168,4050,1200,5100,6120000,2,32406,8103,1,253080000,253080000,12151,4050,8101,4050,0,1,4052,725279
168,4050,1200,5100,6120000,2,32406,8103,1,253080000,253080000,12151,4050,8101,4050,0,1,4052,686454
168,4050,1200,5100,6120000,2,32406,8103,1,253080000,253080000,12151,4050,8101,4050,0,1,4052,742670
168,4050,1200,5100,6120000,2,32406,8103,1,253080000,253080000,12151,4050,8101,4050,0,1,4052,751785

168,4450,1200,5100,6120000,2,35606,8903,1,273240000,273240000,13351,4450,8901,4450,0,1,4452,9432098
168,4450,1200,5100,6120000,2,35606,8903,1,273240000,273240000,13351,4450,8901,4450,0,1,4452,732663
168,4450,1200,5100,6120000,2,35606,8903,1,273240000,273240000,13351,4450,8901,4450,0,1,4452,727174
168,4450,1200,5100,6120000,2,35606,8903,1,273240000,273240000,13351,4450,8901,4450,0,1,4452,732134
168,4450,1200,5100,6120000,2,35606,8903,1,273240000,273240000,13351,4450,8901,4450,0,1,4452,731413
168,4450,1200,5100,6120000,2,35606,8903,1,273240000,273240000,13351,4450,8901,4450,0,1,4452,794289
168,4450,1200,5100,6120000,2,35606,8903,1,273240000,273240000,13351,4450,8901,4450,0,1,4452,767209

168,4850,1200,5100,6120000,2,38806,9703,1,293400000,293400000,14551,4850,9701,4850,0,1,4852,9860107
168,4850,1200,5100,6120000,2,38806,9703,1,293400000,293400000,14551,4850,9701,4850,0,1,4852,807189
168,4850,1200,5100,6120000,2,38806,9703,1,293400000,293400000,14551,4850,9701,4850,0,1,4852,800351
168,4850,1200,5100,6120000,2,38806,9703,1,293400000,293400000,14551,4850,9701,4850,0,1,4852,805818
168,4850,1200,5100,6120000,2,38806,9703,1,293400000,293400000,14551,4850,9701,4850,0,1,4852,808488
168,4850,1200,5100,6120000,2,38806,9703,1,293400000,293400000,14551,4850,9701,4850,0,1,4852,833452
168,4850,1200,5100,6120000,2,38806,9703,1,293400000,293400000,14551,4850,9701,4850,0,1,4852,832938

168,5250,1200,5100,6120000,2,42006,10503,1,313560000,313560000,15751,5250,10501,5250,0,1,5252,11044453
168,5250,1200,5100,6120000,2,42006,10503,1,313560000,313560000,15751,5250,10501,5250,0,1,5252,887373
168,5250,1200,5100,6120000,2,42006,10503,1,313560000,313560000,15751,5250,10501,5250,0,1,5252,867585
168,5250,1200,5100,6120000,2,42006,10503,1,313560000,313560000,15751,5250,10501,5250,0,1,5252,885565
168,5250,1200,5100,6120000,2,42006,10503,1,313560000,313560000,15751,5250,10501,5250,0,1,5252,909166
168,5250,1200,5100,6120000,2,42006,10503,1,313560000,313560000,15751,5250,10501,5250,0,1,5252,914987
168,5250,1200,5100,6120000,2,42006,10503,1,313560000,313560000,15751,5250,10501,5250,0,1,5252,914453

168,5650,1200,5100,6120000,2,45206,11303,1,333720000,333720000,16951,5650,11301,5650,0,1,5652,11644665
168,5650,1200,5100,6120000,2,45206,11303,1,333720000,333720000,16951,5650,11301,5650,0,1,5652,976975
168,5650,1200,5100,6120000,2,45206,11303,1,333720000,333720000,16951,5650,11301,5650,0,1,5652,959285
168,5650,1200,5100,6120000,2,45206,11303,1,333720000,333720000,16951,5650,11301,5650,0,1,5652,971812
168,5650,1200,5100,6120000,2,45206,11303,1,333720000,333720000,16951,5650,11301,5650,0,1,5652,970196
168,5650,1200,5100,6120000,2,45206,11303,1,333720000,333720000,16951,5650,11301,5650,0,1,5652,981093
168,5650,1200,5100,6120000,2,45206,11303,1,333720000,333720000,16951,5650,11301,5650,0,1,5652,980560

168,6050,1200,5100,6120000,2,48406,12103,1,353880000,353880000,18151,6050,12101,6050,0,1,6052,12841151
168,6050,1200,5100,6120000,2,48406,12103,1,353880000,353880000,18151,6050,12101,6050,0,1,6052,1050733
168,6050,1200,5100,6120000,2,48406,12103,1,353880000,353880000,18151,6050,12101,6050,0,1,6052,1064443
168,6050,1200,5100,6120000,2,48406,12103,1,353880000,353880000,18151,6050,12101,6050,0,1,6052,1058360
168,6050,1200,5100,6120000,2,48406,12103,1,353880000,353880000,18151,6050,12101,6050,0,1,6052,1039349
168,6050,1200,5100,6120000,2,48406,12103,1,353880000,353880000,18151,6050,12101,6050,0,1,6052,1070191
168,6050,1200,5100,6120000,2,48406,12103,1,353880000,353880000,18151,6050,12101,6050,0,1,6052,1067620

168,6450,1200,5100,6120000,2,51606,12903,1,374040000,374040000,19351,6450,12901,6450,0,1,6452,12707778
168,6450,1200,5100,6120000,2,51606,12903,1,374040000,374040000,19351,6450,12901,6450,0,1,6452,1118639
168,6450,1200,5100,6120000,2,51606,12903,1,374040000,374040000,19351,6450,12901,6450,0,1,6452,1073018
168,6450,1200,5100,6120000,2,51606,12903,1,374040000,374040000,19351,6450,12901,6450,0,1,6452,1114315
168,6450,1200,5100,6120000,2,51606,12903,1,374040000,374040000,19351,6450,12901,6450,0,1,6452,1117923
168,6450,1200,5100,6120000,2,51606,12903,1,374040000,374040000,19351,6450,12901,6450,0,1,6452,1111112
168,6450,1200,5100,6120000,2,51606,12903,1,374040000,374040000,19351,6450,12901,6450,0,1,6452,1110011

168,6850,1200,5100,6120000,2,54806,13703,1,394200000,394200000,20551,6850,13701,6850,0,1,6852,14978080
168,6850,1200,5100,6120000,2,54806,13703,1,394200000,394200000,20551,6850,13701,6850,0,1,6852,1163054
168,6850,1200,5100,6120000,2,54806,13703,1,394200000,394200000,20551,6850,13701,6850,0,1,6852,1120156
168,6850,1200,5100,6120000,2,54806,13703,1,394200000,394200000,20551,6850,13701,6850,0,1,6852,1128433
168,6850,1200,5100,6120000,2,54806,13703,1,394200000,394200000,20551,6850,13701,6850,0,1,6852,1163979
168,6850,1200,5100,6120000,2,54806,13703,1,394200000,394200000,20551,6850,13701,6850,0,1,6852,1164336
168,6850,1200,5100,6120000,2,54806,13703,1,394200000,394200000,20551,6850,13701,6850,0,1,6852,1163486

168,50,1200,4700,5640000,2,406,103,1,47480000,47480000,151,50,101,50,0,1,52,75242
168,50,1200,4700,5640000,2,406,103,1,47480000,47480000,151,50,101,50,0,1,52,60854
168,50,1200,4700,5640000,2,406,103,1,47480000,47480000,151,50,101,50,0,1,52,63023
168,50,1200,4700,5640000,2,406,103,1,47480000,47480000,151,50,101,50,0,1,52,53410
168,50,1200,4700,5640000,2,406,103,1,47480000,47480000,151,50,101,50,0,1,52,63495
168,50,1200,4700,5640000,2,406,103,1,47480000,47480000,151,50,101,50,0,1,52,77138
168,50,1200,4700,5640000,2,406,103,1,47480000,47480000,151,50,101,50,0,1,52,77624

168,450,1200,4700,5640000,2,3606,903,1,66360000,66360000,1351,450,901,450,0,1,452,661195
168,450,1200,4700,5640000,2,3606,903,1,66360000,66360000,1351,450,901,450,0,1,452,119349
168,450,1200,4700,5640000,2,3606,903,1,66360000,66360000,1351,450,901,450,0,1,452,120983
168,450,1200,4700,5640000,2,3606,903,1,66360000,66360000,1351,450,901,450,0,1,452,120764
168,450,1200,4700,5640000,2,3606,903,1,66360000,66360000,1351,450,901,450,0,1,452,120323
168,450,1200,4700,5640000,2,3606,903,1,66360000,66360000,1351,450,901,450,0,1,452,138438
168,450,1200,4700,5640000,2,3606,903,1,66360000,66360000,1351,450,901,450,0,1,452,138944

168,850,1200,4700,5640000,2,6806,1703,1,85240000,85240000,2551,850,1701,850,0,1,852,1387351
168,850,1200,4700,5640000,2,6806,1703,1,85240000,85240000,2551,850,1701,850,0,1,852,177250
168,850,1200,4700,5640000,2,6806,1703,1,85240000,85240000,2551,850,1701,850,0,1,852,177938
168,850,1200,4700,5640000,2,6806,1703,1,85240000,85240000,2551,850,1701,850,0,1,852,176281
168,850,1200,4700,5640000,2,6806,1703,1,85240000,85240000,2551,850,1701,850,0,1,852,177705
168,850,1200,4700,5640000,2,6806,1703,1,85240000,85240000,2551,850,1701,850,0,1,852,199840
168,850,1200,4700,5640000,2,6806,1703,1,85240000,85240000,2551,850,1701,850,0,1,852,199313

168,1250,1200,4700,5640000,2,10006,2503,1,104120000,104120000,3751,1250,2501,1250,0,1,1252,2424955
168,1250,1200,4700,5640000,2,10006,2503,1,104120000,104120000,3751,1250,2501,1250,0,1,1252,245158
168,1250,1200,4700,5640000,2,10006,2503,1,104120000,104120000,3751,1250,2501,1250,0,1,1252,246720
168,1250,1200,4700,5640000,2,10006,2503,1,104120000,104120000,3751,1250,2501,1250,0,1,1252,242534
168,1250,1200,4700,5640000,2,10006,2503,1,104120000,104120000,3751,1250,2501,1250,0,1,1252,240145
168,1250,1200,4700,5640000,2,10006,2503,1,104120000,104120000,3751,1250,2501,1250,0,1,1252,246061
168,1250,1200,4700,5640000,2,10006,2503,1,104120000,104120000,3751,1250,2501,1250,0,1,1252,245866

168,1650,1200,4700,5640000,2,13206,3303,1,123000000,123000000,4951,1650,3301,1650,0,1,1652,3056683
168,1650,1200,4700,5640000,2,13206,3303,1,123000000,123000000,4951,1650,3301,1650,0,1,1652,286275
168,1650,1200,4700,5640000,2,13206,3303,1,123000000,123000000,4951,1650,3301,1650,0,1,1652,288343
168,1650,1200,4700,5640000,2,13206,3303,1,123000000,123000000,4951,1650,3301,1650,0,1,1652,290906
168,1650,1200,4700,5640000,2,13206,3303,1,123000000,123000000,4951,1650,3301,1650,0,1,1652,286891
168,1650,1200,4700,5640000,2,13206,3303,1,123000000,123000000,4951,1650,3301,1650,0,1,1652,321966
168,1650,1200,4700,5640000,2,13206,3303,1,123000000,123000000,4951,1650,3301,1650,0,1,1652,320065

168,2050,1200,4700,5640000,2,16406,4103,1,141880000,141880000,6151,2050,4101,2050,0,1,2052,3694258
168,2050,1200,4700,5640000,2,16406,4103,1,141880000,141880000,6151,2050,4101,2050,0,1,2052,344568
168,2050,1200,4700,5640000,2,16406,4103,1,141880000,141880000,6151,2050,4101,2050,0,1,2052,342870
168,2050,1200,4700,5640000,2,16406,4103,1,141880000,141880000,6151,2050,4101,2050,0,1,2052,345693
168,2050,1200,4700,5640000,2,16406,4103,1,141880000,141880000,6151,2050,4101,2050,0,1,2052,345181
168,2050,1200,4700,5640000,2,16406,4103,1,141880000,141880000,6151,2050,4101,2050,0,1,2052,379219
168,2050,1200,4700,5640000,2,16406,4103,1,141880000,141880000,6151,2050,4101,2050,0,1,2052,376470

168,2450,1200,4700,5640000,2,19606,4903,1,160760000,160760000,7351,2450,4901,2450,0,1,2452,4462199
168,2450,1200,4700,5640000,2,19606,4903,1,160760000,160760000,7351,2450,4901,2450,0,1,2452,396728
168,2450,1200,4700,5640000,2,19606,4903,1,160760000,160760000,7351,2450,4901,2450,0,1,2452,393697
168,2450,1200,4700,5640000,2,19606,4903,1,160760000,160760000,7351,2450,4901,2450,0,1,2452,396192
168,2450,1200,4700,5640000,2,19606,4903,1,160760000,160760000,7351,2450,4901,2450,0,1,2452,395574
168,2450,1200,4700,5640000,2,19606,4903,1,160760000,160760000,7351,2450,4901,2450,0,1,2452,428497
168,2450,1200,4700,5640000,2,19606,4903,1,160760000,160760000,7351,2450,4901,2450,0,1,2452,428050

168,2850,1200,4700,5640000,2,22806,5703,1,179640000,179640000,8551,2850,5701,2850,0,1,2852,5297603
168,2850,1200,4700,5640000,2,22806,5703,1,179640000,179640000,8551,2850,5701,2850,0,1,2852,452608
168,2850,1200,4700,5640000,2,22806,5703,1,179640000,179640000,8551,2850,5701,2850,0,1,2852,451332
168,2850,1200,4700,5640000,2,22806,5703,1,179640000,179640000,8551,2850,5701,2850,0,1,2852,453026
168,2850,1200,4700,5640000,2,22806,5703,1,179640000,179640000,8551,2850,5701,2850,0,1,2852,453583
168,2850,1200,4700,5640000,2,22806,5703,1,179640000,179640000,8551,2850,5701,2850,0,1,2852,500176
168,2850,1200,4700,5640000,2,22806,5703,1,179640000,179640000,8551,2850,5701,2850,0,1,2852,500638

168,3250,1200,4700,5640000,2,26006,6503,1,198520000,198520000,9751,3250,6501,3250,0,1,3252,5885219
168,3250,1200,4700,5640000,2,26006,6503,1,198520000,198520000,9751,3250,6501,3250,0,1,3252,511680
168,3250,1200,4700,5640000,2,26006,6503,1,198520000,198520000,9751,3250,6501,3250,0,1,3252,510575
168,3250,1200,4700,5640000,2,26006,6503,1,198520000,198520000,9751,3250,6501,3250,0,1,3252,511167
168,3250,1200,4700,5640000,2,26006,6503,1,198520000,198520000,9751,3250,6501,3250,0,1,3252,512001
168,3250,1200,4700,5640000,2,26006,6503,1,198520000,198520000,9751,3250,6501,3250,0,1,3252,561476
168,3250,1200,4700,5640000,2,26006,6503,1,198520000,198520000,9751,3250,6501,3250,0,1,3252,561012

168,3650,1200,4700,5640000,2,29206,7303,1,217400000,217400000,10951,3650,7301,3650,0,1,3652,7000843
168,3650,1200,4700,5640000,2,29206,7303,1,217400000,217400000,10951,3650,7301,3650,0,1,3652,573170
168,3650,1200,4700,5640000,2,29206,7303,1,217400000,217400000,10951,3650,7301,3650,0,1,3652,573809
168,3650,1200,4700,5640000,2,29206,7303,1,217400000,217400000,10951,3650,7301,3650,0,1,3652,572421
168,3650,1200,4700,5640000,2,29206,7303,1,217400000,217400000,10951,3650,7301,3650,0,1,3652,578904
168,3650,1200,4700,5640000,2,29206,7303,1,217400000,217400000,10951,3650,7301,3650,0,1,3652,631056
168,3650,1200,4700,5640000,2,29206,7303,1,217400000,217400000,10951,3650,7301,3650,0,1,3652,630580

168,4050,1200,4700,5640000,2,32406,8103,1,236280000,236280000,12151,4050,8101,4050,0,1,4052,7522766
168,4050,1200,4700,5640000,2,32406,8103,1,236280000,236280000,12151,4050,8101,4050,0,1,4052,630880
168,4050,1200,4700,5640000,2,32406,8103,1,236280000,236280000,12151,4050,8101,4050,0,1,4052,627911
168,4050,1200,4700,5640000,2,32406,8103,1,236280000,236280000,12151,4050,8101,4050,0,1,4052,626028
168,4050,1200,4700,5640000,2,32406,8103,1,236280000,236280000,12151,4050,8101,4050,0,1,4052,628812
168,4050,1200,4700,5640000,2,32406,8103,1,236280000,236280000,12151,4050,8101,4050,0,1,4052,673149
168,4050,1200,4700,5640000,2,32406,8103,1,236280000,236280000,12151,4050,8101,4050,0,1,4052,672582

168,4450,1200,4700,5640000,2,35606,8903,1,255160000,255160000,13351,4450,8901,4450,0,1,4452,8951868
168,4450,1200,4700,5640000,2,35606,8903,1,255160000,255160000,13351,4450,8901,4450,0,1,4452,685707
168,4450,1200,4700,5640000,2,35606,8903,1,255160000,255160000,13351,4450,8901,4450,0,1,4452,699533
168,4450,1200,4700,5640000,2,35606,8903,1,255160000,255160000,13351,4450,8901,4450,0,1,4452,695618
168,4450,1200,4700,5640000,2,35606,8903,1,255160000,255160000,13351,4450,8901,4450,0,1,4452,686768
168,4450,1200,4700,5640000,2,35606,8903,1,255160000,255160000,13351,4450,8901,4450,0,1,4452,762204
168,4450,1200,4700,5640000,2,35606,8903,1,255160000,255160000,13351,4450,8901,4450,0,1,4452,754130

168,4850,1200,4700,5640000,2,38806,9703,1,274040000,274040000,14551,4850,9701,4850,0,1,4852,9460850
168,4850,1200,4700,5640000,2,38806,9703,1,274040000,274040000,14551,4850,9701,4850,0,1,4852,727895
168,4850,1200,4700,5640000,2,38806,9703,1,274040000,274040000,14551,4850,9701,4850,0,1,4852,724394
168,4850,1200,4700,5640000,2,38806,9703,1,274040000,274040000,14551,4850,9701,4850,0,1,4852,727501
168,4850,1200,4700,5640000,2,38806,9703,1,274040000,274040000,14551,4850,9701,4850,0,1,4852,726935
168,4850,1200,4700,5640000,2,38806,9703,1,274040000,274040000,14551,4850,9701,4850,0,1,4852,783190
168,4850,1200,4700,5640000,2,38806,9703,1,274040000,274040000,14551,4850,9701,4850,0,1,4852,782673

168,5250,1200,4700,5640000,2,42006,10503,1,292920000,292920000,15751,5250,10501,5250,0,1,5252,9563855
168,5250,1200,4700,5640000,2,42006,10503,1,292920000,292920000,15751,5250,10501,5250,0,1,5252,806477
168,5250,1200,4700,5640000,2,42006,10503,1,292920000,292920000,15751,5250,10501,5250,0,1,5252,805446
168,5250,1200,4700,5640000,2,42006,10503,1,292920000,292920000,15751,5250,10501,5250,0,1,5252,802071
168,5250,1200,4700,5640000,2,42006,10503,1,292920000,292920000,15751,5250,10501,5250,0,1,5252,807833
168,5250,1200,4700,5640000,2,42006,10503,1,292920000,292920000,15751,5250,10501,5250,0,1,5252,833076
168,5250,1200,4700,5640000,2,42006,10503,1,292920000,292920000,15751,5250,10501,5250,0,1,5252,832552

168,5650,1200,4700,5640000,2,45206,11303,1,311800000,311800000,16951,5650,11301,5650,0,1,5652,10816609
168,5650,1200,4700,5640000,2,45206,11303,1,311800000,311800000,16951,5650,11301,5650,0,1,5652,879728
168,5650,1200,4700,5640000,2,45206,11303,1,311800000,311800000,16951,5650,11301,5650,0,1,5652,877325
168,5650,1200,4700,5640000,2,45206,11303,1,311800000,311800000,16951,5650,11301,5650,0,1,5652,881731
168,5650,1200,4700,5640000,2,45206,11303,1,311800000,311800000,16951,5650,11301,5650,0,1,5652,889663
168,5650,1200,4700,5640000,2,45206,11303,1,311800000,311800000,16951,5650,11301,5650,0,1,5652,903400
168,5650,1200,4700,5640000,2,45206,11303,1,311800000,311800000,16951,5650,11301,5650,0,1,5652,903932

168,6050,1200,4700,5640000,2,48406,12103,1,330680000,330680000,18151,6050,12101,6050,0,1,6052,10941236
168,6050,1200,4700,5640000,2,48406,12103,1,330680000,330680000,18151,6050,12101,6050,0,1,6052,969252
168,6050,1200,4700,5640000,2,48406,12103,1,330680000,330680000,18151,6050,12101,6050,0,1,6052,976969
168,6050,1200,4700,5640000,2,48406,12103,1,330680000,330680000,18151,6050,12101,6050,0,1,6052,971397
168,6050,1200,4700,5640000,2,48406,12103,1,330680000,330680000,18151,6050,12101,6050,0,1,6052,890078
168,6050,1200,4700,5640000,2,48406,12103,1,330680000,330680000,18151,6050,12101,6050,0,1,6052,985763
168,6050,1200,4700,5640000,2,48406,12103,1,330680000,330680000,18151,6050,12101,6050,0,1,6052,987539

168,6450,1200,4700,5640000,2,51606,12903,1,349560000,349560000,19351,6450,12901,6450,0,1,6452,12401797
168,6450,1200,4700,5640000,2,51606,12903,1,349560000,349560000,19351,6450,12901,6450,0,1,6452,999529
168,6450,1200,4700,5640000,2,51606,12903,1,349560000,349560000,19351,6450,12901,6450,0,1,6452,960441
168,6450,1200,4700,5640000,2,51606,12903,1,349560000,349560000,19351,6450,12901,6450,0,1,6452,1007466
168,6450,1200,4700,5640000,2,51606,12903,1,349560000,349560000,19351,6450,12901,6450,0,1,6452,1009037
168,6450,1200,4700,5640000,2,51606,12903,1,349560000,349560000,19351,6450,12901,6450,0,1,6452,1016934
168,6450,1200,4700,5640000,2,51606,12903,1,349560000,349560000,19351,6450,12901,6450,0,1,6452,1016372

168,6850,1200,4700,5640000,2,54806,13703,1,368440000,368440000,20551,6850,13701,6850,0,1,6852,13066150
168,6850,1200,4700,5640000,2,54806,13703,1,368440000,368440000,20551,6850,13701,6850,0,1,6852,1073339
168,6850,1200,4700,5640000,2,54806,13703,1,368440000,368440000,20551,6850,13701,6850,0,1,6852,1052496
168,6850,1200,4700,5640000,2,54806,13703,1,368440000,368440000,20551,6850,13701,6850,0,1,6852,1043457
168,6850,1200,4700,5640000,2,54806,13703,1,368440000,368440000,20551,6850,13701,6850,0,1,6852,1081997
168,6850,1200,4700,5640000,2,54806,13703,1,368440000,368440000,20551,6850,13701,6850,0,1,6852,1079395
168,6850,1200,4700,5640000,2,54806,13703,1,368440000,368440000,20551,6850,13701,6850,0,1,6852,1078678

168,50,1200,4300,5160000,2,406,103,1,43480000,43480000,151,50,101,50,0,1,52,65641
168,50,1200,4300,5160000,2,406,103,1,43480000,43480000,151,50,101,50,0,1,52,61238
168,50,1200,4300,5160000,2,406,103,1,43480000,43480000,151,50,101,50,0,1,52,60769
168,50,1200,4300,5160000,2,406,103,1,43480000,43480000,151,50,101,50,0,1,52,49785
168,50,1200,4300,5160000,2,406,103,1,43480000,43480000,151,50,101,50,0,1,52,57118
168,50,1200,4300,5160000,2,406,103,1,43480000,43480000,151,50,101,50,0,1,52,73975
168,50,1200,4300,5160000,2,406,103,1,43480000,43480000,151,50,101,50,0,1,52,72767

168,450,1200,4300,5160000,2,3606,903,1,61080000,61080000,1351,450,901,450,0,1,452,622386
168,450,1200,4300,5160000,2,3606,903,1,61080000,61080000,1351,450,901,450,0,1,452,112006
168,450,1200,4300,5160000,2,3606,903,1,61080000,61080000,1351,450,901,450,0,1,452,114001
168,450,1200,4300,5160000,2,3606,903,1,61080000,61080000,1351,450,901,450,0,1,452,93885
168,450,1200,4300,5160000,2,3606,903,1,61080000,61080000,1351,450,901,450,0,1,452,113518
168,450,1200,4300,5160000,2,3606,903,1,61080000,61080000,1351,450,901,450,0,1,452,130806
168,450,1200,4300,5160000,2,3606,903,1,61080000,61080000,1351,450,901,450,0,1,452,133321

168,850,1200,4300,5160000,2,6806,1703,1,78680000,78680000,2551,850,1701,850,0,1,852,1310017
168,850,1200,4300,5160000,2,6806,1703,1,78680000,78680000,2551,850,1701,850,0,1,852,167292
168,850,1200,4300,5160000,2,6806,1703,1,78680000,78680000,2551,850,1701,850,0,1,852,167798
168,850,1200,4300,5160000,2,6806,1703,1,78680000,78680000,2551,850,1701,850,0,1,852,166667
168,850,1200,4300,5160000,2,6806,1703,1,78680000,78680000,2551,850,1701,850,0,1,852,165104
168,850,1200,4300,5160000,2,6806,1703,1,78680000,78680000,2551,850,1701,850,0,1,852,185236
168,850,1200,4300,5160000,2,6806,1703,1,78680000,78680000,2551,850,1701,850,0,1,852,182518

168,1250,1200,4300,5160000,2,10006,2503,1,96280000,96280000,3751,1250,2501,1250,0,1,1252,2081666
168,1250,1200,4300,5160000,2,10006,2503,1,96280000,96280000,3751,1250,2501,1250,0,1,1252,225254
168,1250,1200,4300,5160000,2,10006,2503,1,96280000,96280000,3751,1250,2501,1250,0,1,1252,225684
168,1250,1200,4300,5160000,2,10006,2503,1,96280000,96280000,3751,1250,2501,1250,0,1,1252,224498
168,1250,1200,4300,5160000,2,10006,2503,1,96280000,96280000,3751,1250,2501,1250,0,1,1252,226354
168,1250,1200,4300,5160000,2,10006,2503,1,96280000,96280000,3751,1250,2501,1250,0,1,1252,226880
168,1250,1200,4300,5160000,2,10006,2503,1,96280000,96280000,3751,1250,2501,1250,0,1,1252,227292

168,1650,1200,4300,5160000,2,13206,3303,1,113880000,113880000,4951,1650,3301,1650,0,1,1652,2908545
168,1650,1200,4300,5160000,2,13206,3303,1,113880000,113880000,4951,1650,3301,1650,0,1,1652,268930
168,1650,1200,4300,5160000,2,13206,3303,1,113880000,113880000,4951,1650,3301,1650,0,1,1652,263475
168,1650,1200,4300,5160000,2,13206,3303,1,113880000,113880000,4951,1650,3301,1650,0,1,1652,264557
168,1650,1200,4300,5160000,2,13206,3303,1,113880000,113880000,4951,1650,3301,1650,0,1,1652,264109
168,1650,1200,4300,5160000,2,13206,3303,1,113880000,113880000,4951,1650,3301,1650,0,1,1652,282258
168,1650,1200,4300,5160000,2,13206,3303,1,113880000,113880000,4951,1650,3301,1650,0,1,1652,282678

168,2050,1200,4300,5160000,2,16406,4103,1,131480000,131480000,6151,2050,4101,2050,0,1,2052,3468361
168,2050,1200,4300,5160000,2,16406,4103,1,131480000,131480000,6151,2050,4101,2050,0,1,2052,314417
168,2050,1200,4300,5160000,2,16406,4103,1,131480000,131480000,6151,2050,4101,2050,0,1,2052,312803
168,2050,1200,4300,5160000,2,16406,4103,1,131480000,131480000,6151,2050,4101,2050,0,1,2052,311381
168,2050,1200,4300,5160000,2,16406,4103,1,131480000,131480000,6151,2050,4101,2050,0,1,2052,313716
168,2050,1200,4300,5160000,2,16406,4103,1,131480000,131480000,6151,2050,4101,2050,0,1,2052,345028
168,2050,1200,4300,5160000,2,16406,4103,1,131480000,131480000,6151,2050,4101,2050,0,1,2052,345465

168,2450,1200,4300,5160000,2,19606,4903,1,149080000,149080000,7351,2450,4901,2450,0,1,2452,4012613
168,2450,1200,4300,5160000,2,19606,4903,1,149080000,149080000,7351,2450,4901,2450,0,1,2452,366723
168,2450,1200,4300,5160000,2,19606,4903,1,149080000,149080000,7351,2450,4901,2450,0,1,2452,381093
168,2450,1200,4300,5160000,2,19606,4903,1,149080000,149080000,7351,2450,4901,2450,0,1,2452,360802
168,2450,1200,4300,5160000,2,19606,4903,1,149080000,149080000,7351,2450,4901,2450,0,1,2452,366137
168,2450,1200,4300,5160000,2,19606,4903,1,149080000,149080000,7351,2450,4901,2450,0,1,2452,400914
168,2450,1200,4300,5160000,2,19606,4903,1,149080000,149080000,7351,2450,4901,2450,0,1,2452,400398

168,2850,1200,4300,5160000,2,22806,5703,1,166680000,166680000,8551,2850,5701,2850,0,1,2852,4685159
168,2850,1200,4300,5160000,2,22806,5703,1,166680000,166680000,8551,2850,5701,2850,0,1,2852,417792
168,2850,1200,4300,5160000,2,22806,5703,1,166680000,166680000,8551,2850,5701,2850,0,1,2852,421077
168,2850,1200,4300,5160000,2,22806,5703,1,166680000,166680000,8551,2850,5701,2850,0,1,2852,427644
168,2850,1200,4300,5160000,2,22806,5703,1,166680000,166680000,8551,2850,5701,2850,0,1,2852,421684
168,2850,1200,4300,5160000,2,22806,5703,1,166680000,166680000,8551,2850,5701,2850,0,1,2852,488145
168,2850,1200,4300,5160000,2,22806,5703,1,166680000,166680000,8551,2850,5701,2850,0,1,2852,482819

168,3250,1200,4300,5160000,2,26006,6503,1,184280000,184280000,9751,3250,6501,3250,0,1,3252,5404051
168,3250,1200,4300,5160000,2,26006,6503,1,184280000,184280000,9751,3250,6501,3250,0,1,3252,468263
168,3250,1200,4300,5160000,2,26006,6503,1,184280000,184280000,9751,3250,6501,3250,0,1,3252,467159
168,3250,1200,4300,5160000,2,26006,6503,1,184280000,184280000,9751,3250,6501,3250,0,1,3252,467753
168,3250,1200,4300,5160000,2,26006,6503,1,184280000,184280000,9751,3250,6501,3250,0,1,3252,468579
168,3250,1200,4300,5160000,2,26006,6503,1,184280000,184280000,9751,3250,6501,3250,0,1,3252,515559
168,3250,1200,4300,5160000,2,26006,6503,1,184280000,184280000,9751,3250,6501,3250,0,1,3252,515096

168,3650,1200,4300,5160000,2,29206,7303,1,201880000,201880000,10951,3650,7301,3650,0,1,3652,5817904
168,3650,1200,4300,5160000,2,29206,7303,1,201880000,201880000,10951,3650,7301,3650,0,1,3652,519724
168,3650,1200,4300,5160000,2,29206,7303,1,201880000,201880000,10951,3650,7301,3650,0,1,3652,520727
168,3650,1200,4300,5160000,2,29206,7303,1,201880000,201880000,10951,3650,7301,3650,0,1,3652,522781
168,3650,1200,4300,5160000,2,29206,7303,1,201880000,201880000,10951,3650,7301,3650,0,1,3652,522198
168,3650,1200,4300,5160000,2,29206,7303,1,201880000,201880000,10951,3650,7301,3650,0,1,3652,576157
168,3650,1200,4300,5160000,2,29206,7303,1,201880000,201880000,10951,3650,7301,3650,0,1,3652,574749

168,4050,1200,4300,5160000,2,32406,8103,1,219480000,219480000,12151,4050,8101,4050,0,1,4052,6722165
168,4050,1200,4300,5160000,2,32406,8103,1,219480000,219480000,12151,4050,8101,4050,0,1,4052,568064
168,4050,1200,4300,5160000,2,32406,8103,1,219480000,219480000,12151,4050,8101,4050,0,1,4052,570183
168,4050,1200,4300,5160000,2,32406,8103,1,219480000,219480000,12151,4050,8101,4050,0,1,4052,571459
168,4050,1200,4300,5160000,2,32406,8103,1,219480000,219480000,12151,4050,8101,4050,0,1,4052,570864
168,4050,1200,4300,5160000,2,32406,8103,1,219480000,219480000,12151,4050,8101,4050,0,1,4052,624207
168,4050,1200,4300,5160000,2,32406,8103,1,219480000,219480000,12151,4050,8101,4050,0,1,4052,623719

168,4450,1200,4300,5160000,2,35606,8903,1,237080000,237080000,13351,4450,8901,4450,0,1,4452,7913456
168,4450,1200,4300,5160000,2,35606,8903,1,237080000,237080000,13351,4450,8901,4450,0,1,4452,630299
168,4450,1200,4300,5160000,2,35606,8903,1,237080000,237080000,13351,4450,8901,4450,0,1,4452,625377
168,4450,1200,4300,5160000,2,35606,8903,1,237080000,237080000,13351,4450,8901,4450,0,1,4452,630985
168,4450,1200,4300,5160000,2,35606,8903,1,237080000,237080000,13351,4450,8901,4450,0,1,4452,646728
168,4450,1200,4300,5160000,2,35606,8903,1,237080000,237080000,13351,4450,8901,4450,0,1,4452,678982
168,4450,1200,4300,5160000,2,35606,8903,1,237080000,237080000,13351,4450,8901,4450,0,1,4452,678481

168,4850,1200,4300,5160000,2,38806,9703,1,254680000,254680000,14551,4850,9701,4850,0,1,4852,8006026
168,4850,1200,4300,5160000,2,38806,9703,1,254680000,254680000,14551,4850,9701,4850,0,1,4852,705594
168,4850,1200,4300,5160000,2,38806,9703,1,254680000,254680000,14551,4850,9701,4850,0,1,4852,674438
168,4850,1200,4300,5160000,2,38806,9703,1,254680000,254680000,14551,4850,9701,4850,0,1,4852,679254
168,4850,1200,4300,5160000,2,38806,9703,1,254680000,254680000,14551,4850,9701,4850,0,1,4852,678537
168,4850,1200,4300,5160000,2,38806,9703,1,254680000,254680000,14551,4850,9701,4850,0,1,4852,729164
168,4850,1200,4300,5160000,2,38806,9703,1,254680000,254680000,14551,4850,9701,4850,0,1,4852,727588

168,5250,1200,4300,5160000,2,42006,10503,1,272280000,272280000,15751,5250,10501,5250,0,1,5252,9362842
168,5250,1200,4300,5160000,2,42006,10503,1,272280000,272280000,15751,5250,10501,5250,0,1,5252,725273
168,5250,1200,4300,5160000,2,42006,10503,1,272280000,272280000,15751,5250,10501,5250,0,1,5252,747749
168,5250,1200,4300,5160000,2,42006,10503,1,272280000,272280000,15751,5250,10501,5250,0,1,5252,744635
168,5250,1200,4300,5160000,2,42006,10503,1,272280000,272280000,15751,5250,10501,5250,0,1,5252,728730
168,5250,1200,4300,5160000,2,42006,10503,1,272280000,272280000,15751,5250,10501,5250,0,1,5252,807651
168,5250,1200,4300,5160000,2,42006,10503,1,272280000,272280000,15751,5250,10501,5250,0,1,5252,800731

168,5650,1200,4300,5160000,2,45206,11303,1,289880000,289880000,16951,5650,11301,5650,0,1,5652,9718939
168,5650,1200,4300,5160000,2,45206,11303,1,289880000,289880000,16951,5650,11301,5650,0,1,5652,793485
168,5650,1200,4300,5160000,2,45206,11303,1,289880000,289880000,16951,5650,11301,5650,0,1,5652,780564
168,5650,1200,4300,5160000,2,45206,11303,1,289880000,289880000,16951,5650,11301,5650,0,1,5652,791587
168,5650,1200,4300,5160000,2,45206,11303,1,289880000,289880000,16951,5650,11301,5650,0,1,5652,800440
168,5650,1200,4300,5160000,2,45206,11303,1,289880000,289880000,16951,5650,11301,5650,0,1,5652,827716
168,5650,1200,4300,5160000,2,45206,11303,1,289880000,289880000,16951,5650,11301,5650,0,1,5652,827184

168,6050,1200,4300,5160000,2,48406,12103,1,307480000,307480000,18151,6050,12101,6050,0,1,6052,10727739
168,6050,1200,4300,5160000,2,48406,12103,1,307480000,307480000,18151,6050,12101,6050,0,1,6052,838782
168,6050,1200,4300,5160000,2,48406,12103,1,307480000,307480000,18151,6050,12101,6050,0,1,6052,851198
168,6050,1200,4300,5160000,2,48406,12103,1,307480000,307480000,18151,6050,12101,6050,0,1,6052,841131
168,6050,1200,4300,5160000,2,48406,12103,1,307480000,307480000,18151,6050,12101,6050,0,1,6052,861791
168,6050,1200,4300,5160000,2,48406,12103,1,307480000,307480000,18151,6050,12101,6050,0,1,6052,884291
168,6050,1200,4300,5160000,2,48406,12103,1,307480000,307480000,18151,6050,12101,6050,0,1,6052,883749

168,6450,1200,4300,5160000,2,51606,12903,1,325080000,325080000,19351,6450,12901,6450,0,1,6452,11223116
168,6450,1200,4300,5160000,2,51606,12903,1,325080000,325080000,19351,6450,12901,6450,0,1,6452,974532
168,6450,1200,4300,5160000,2,51606,12903,1,325080000,325080000,19351,6450,12901,6450,0,1,6452,925037
168,6450,1200,4300,5160000,2,51606,12903,1,325080000,325080000,19351,6450,12901,6450,0,1,6452,911437
168,6450,1200,4300,5160000,2,51606,12903,1,325080000,325080000,19351,6450,12901,6450,0,1,6452,963755
168,6450,1200,4300,5160000,2,51606,12903,1,325080000,325080000,19351,6450,12901,6450,0,1,6452,965035
168,6450,1200,4300,5160000,2,51606,12903,1,325080000,325080000,19351,6450,12901,6450,0,1,6452,965632

168,6850,1200,4300,5160000,2,54806,13703,1,342680000,342680000,20551,6850,13701,6850,0,1,6852,12196863
168,6850,1200,4300,5160000,2,54806,13703,1,342680000,342680000,20551,6850,13701,6850,0,1,6852,935815
168,6850,1200,4300,5160000,2,54806,13703,1,342680000,342680000,20551,6850,13701,6850,0,1,6852,988924
168,6850,1200,4300,5160000,2,54806,13703,1,342680000,342680000,20551,6850,13701,6850,0,1,6852,1021159
168,6850,1200,4300,5160000,2,54806,13703,1,342680000,342680000,20551,6850,13701,6850,0,1,6852,997047
168,6850,1200,4300,5160000,2,54806,13703,1,342680000,342680000,20551,6850,13701,6850,0,1,6852,1025816
168,6850,1200,4300,5160000,2,54806,13703,1,342680000,342680000,20551,6850,13701,6850,0,1,6852,1027664

168,50,1200,3900,4680000,2,406,103,1,39480000,39480000,151,50,101,50,0,1,52,59054
168,50,1200,3900,4680000,2,406,103,1,39480000,39480000,151,50,101,50,0,1,52,49119
168,50,1200,3900,4680000,2,406,103,1,39480000,39480000,151,50,101,50,0,1,52,46951
168,50,1200,3900,4680000,2,406,103,1,39480000,39480000,151,50,101,50,0,1,52,40330
168,50,1200,3900,4680000,2,406,103,1,39480000,39480000,151,50,101,50,0,1,52,49588
168,50,1200,3900,4680000,2,406,103,1,39480000,39480000,151,50,101,50,0,1,52,60924
168,50,1200,3900,4680000,2,406,103,1,39480000,39480000,151,50,101,50,0,1,52,61415

168,450,1200,3900,4680000,2,3606,903,1,55800000,55800000,1351,450,901,450,0,1,452,532754
168,450,1200,3900,4680000,2,3606,903,1,55800000,55800000,1351,450,901,450,0,1,452,91782
168,450,1200,3900,4680000,2,3606,903,1,55800000,55800000,1351,450,901,450,0,1,452,97797
168,450,1200,3900,4680000,2,3606,903,1,55800000,55800000,1351,450,901,450,0,1,452,87288
168,450,1200,3900,4680000,2,3606,903,1,55800000,55800000,1351,450,901,450,0,1,452,99058
168,450,1200,3900,4680000,2,3606,903,1,55800000,55800000,1351,450,901,450,0,1,452,112629
168,450,1200,3900,4680000,2,3606,903,1,55800000,55800000,1351,450,901,450,0,1,452,113143

168,850,1200,3900,4680000,2,6806,1703,1,72120000,72120000,2551,850,1701,850,0,1,852,1205918
168,850,1200,3900,4680000,2,6806,1703,1,72120000,72120000,2551,850,1701,850,0,1,852,149278
168,850,1200,3900,4680000,2,6806,1703,1,72120000,72120000,2551,850,1701,850,0,1,852,149960
168,850,1200,3900,4680000,2,6806,1703,1,72120000,72120000,2551,850,1701,850,0,1,852,148338
168,850,1200,3900,4680000,2,6806,1703,1,72120000,72120000,2551,850,1701,850,0,1,852,149730
168,850,1200,3900,4680000,2,6806,1703,1,72120000,72120000,2551,850,1701,850,0,1,852,167824
168,850,1200,3900,4680000,2,6806,1703,1,72120000,72120000,2551,850,1701,850,0,1,852,167301

168,1250,1200,3900,4680000,2,10006,2503,1,88440000,88440000,3751,1250,2501,1250,0,1,1252,1808381
168,1250,1200,3900,4680000,2,10006,2503,1,88440000,88440000,3751,1250,2501,1250,0,1,1252,193114
168,1250,1200,3900,4680000,2,10006,2503,1,88440000,88440000,3751,1250,2501,1250,0,1,1252,192723
168,1250,1200,3900,4680000,2,10006,2503,1,88440000,88440000,3751,1250,2501,1250,0,1,1252,191624
168,1250,1200,3900,4680000,2,10006,2503,1,88440000,88440000,3751,1250,2501,1250,0,1,1252,193640
168,1250,1200,3900,4680000,2,10006,2503,1,88440000,88440000,3751,1250,2501,1250,0,1,1252,207739
168,1250,1200,3900,4680000,2,10006,2503,1,88440000,88440000,3751,1250,2501,1250,0,1,1252,208149

168,1650,1200,3900,4680000,2,13206,3303,1,104760000,104760000,4951,1650,3301,1650,0,1,1652,2523228
168,1650,1200,3900,4680000,2,13206,3303,1,104760000,104760000,4951,1650,3301,1650,0,1,1652,243777
168,1650,1200,3900,4680000,2,13206,3303,1,104760000,104760000,4951,1650,3301,1650,0,1,1652,243088
168,1650,1200,3900,4680000,2,13206,3303,1,104760000,104760000,4951,1650,3301,1650,0,1,1652,240916
168,1650,1200,3900,4680000,2,13206,3303,1,104760000,104760000,4951,1650,3301,1650,0,1,1652,244705
168,1650,1200,3900,4680000,2,13206,3303,1,104760000,104760000,4951,1650,3301,1650,0,1,1652,249793
168,1650,1200,3900,4680000,2,13206,3303,1,104760000,104760000,4951,1650,3301,1650,0,1,1652,249369

168,2050,1200,3900,4680000,2,16406,4103,1,121080000,121080000,6151,2050,4101,2050,0,1,2052,3022690
168,2050,1200,3900,4680000,2,16406,4103,1,121080000,121080000,6151,2050,4101,2050,0,1,2052,290929
168,2050,1200,3900,4680000,2,16406,4103,1,121080000,121080000,6151,2050,4101,2050,0,1,2052,289791
168,2050,1200,3900,4680000,2,16406,4103,1,121080000,121080000,6151,2050,4101,2050,0,1,2052,288177
168,2050,1200,3900,4680000,2,16406,4103,1,121080000,121080000,6151,2050,4101,2050,0,1,2052,290412
168,2050,1200,3900,4680000,2,16406,4103,1,121080000,121080000,6151,2050,4101,2050,0,1,2052,315469
168,2050,1200,3900,4680000,2,16406,4103,1,121080000,121080000,6151,2050,4101,2050,0,1,2052,318889

168,2450,1200,3900,4680000,2,19606,4903,1,137400000,137400000,7351,2450,4901,2450,0,1,2452,3795431
168,2450,1200,3900,4680000,2,19606,4903,1,137400000,137400000,7351,2450,4901,2450,0,1,2452,331259
168,2450,1200,3900,4680000,2,19606,4903,1,137400000,137400000,7351,2450,4901,2450,0,1,2452,332884
168,2450,1200,3900,4680000,2,19606,4903,1,137400000,137400000,7351,2450,4901,2450,0,1,2452,333909
168,2450,1200,3900,4680000,2,19606,4903,1,137400000,137400000,7351,2450,4901,2450,0,1,2452,332459
168,2450,1200,3900,4680000,2,19606,4903,1,137400000,137400000,7351,2450,4901,2450,0,1,2452,355410
168,2450,1200,3900,4680000,2,19606,4903,1,137400000,137400000,7351,2450,4901,2450,0,1,2452,355857

168,2850,1200,3900,4680000,2,22806,5703,1,153720000,153720000,8551,2850,5701,2850,0,1,2852,4235776
168,2850,1200,3900,4680000,2,22806,5703,1,153720000,153720000,8551,2850,5701,2850,0,1,2852,381133
168,2850,1200,3900,4680000,2,22806,5703,1,153720000,153720000,8551,2850,5701,2850,0,1,2852,381679
168,2850,1200,3900,4680000,2,22806,5703,1,153720000,153720000,8551,2850,5701,2850,0,1,2852,382018
168,2850,1200,3900,4680000,2,22806,5703,1,153720000,153720000,8551,2850,5701,2850,0,1,2852,387874
168,2850,1200,3900,4680000,2,22806,5703,1,153720000,153720000,8551,2850,5701,2850,0,1,2852,419748
168,2850,1200,3900,4680000,2,22806,5703,1,153720000,153720000,8551,2850,5701,2850,0,1,2852,419136

168,3250,1200,3900,4680000,2,26006,6503,1,170040000,170040000,9751,3250,6501,3250,0,1,3252,4895597
168,3250,1200,3900,4680000,2,26006,6503,1,170040000,170040000,9751,3250,6501,3250,0,1,3252,429641
168,3250,1200,3900,4680000,2,26006,6503,1,170040000,170040000,9751,3250,6501,3250,0,1,3252,428691
168,3250,1200,3900,4680000,2,26006,6503,1,170040000,170040000,9751,3250,6501,3250,0,1,3252,430473
168,3250,1200,3900,4680000,2,26006,6503,1,170040000,170040000,9751,3250,6501,3250,0,1,3252,430145
168,3250,1200,3900,4680000,2,26006,6503,1,170040000,170040000,9751,3250,6501,3250,0,1,3252,464160
168,3250,1200,3900,4680000,2,26006,6503,1,170040000,170040000,9751,3250,6501,3250,0,1,3252,463697

168,3650,1200,3900,4680000,2,29206,7303,1,186360000,186360000,10951,3650,7301,3650,0,1,3652,5563510
168,3650,1200,3900,4680000,2,29206,7303,1,186360000,186360000,10951,3650,7301,3650,0,1,3652,487669
168,3650,1200,3900,4680000,2,29206,7303,1,186360000,186360000,10951,3650,7301,3650,0,1,3652,479850
168,3650,1200,3900,4680000,2,29206,7303,1,186360000,186360000,10951,3650,7301,3650,0,1,3652,480596
168,3650,1200,3900,4680000,2,29206,7303,1,186360000,186360000,10951,3650,7301,3650,0,1,3652,481240
168,3650,1200,3900,4680000,2,29206,7303,1,186360000,186360000,10951,3650,7301,3650,0,1,3652,525257
168,3650,1200,3900,4680000,2,29206,7303,1,186360000,186360000,10951,3650,7301,3650,0,1,3652,525735

168,4050,1200,3900,4680000,2,32406,8103,1,202680000,202680000,12151,4050,8101,4050,0,1,4052,6440138
168,4050,1200,3900,4680000,2,32406,8103,1,202680000,202680000,12151,4050,8101,4050,0,1,4052,526285
168,4050,1200,3900,4680000,2,32406,8103,1,202680000,202680000,12151,4050,8101,4050,0,1,4052,542677
168,4050,1200,3900,4680000,2,32406,8103,1,202680000,202680000,12151,4050,8101,4050,0,1,4052,548456
168,4050,1200,3900,4680000,2,32406,8103,1,202680000,202680000,12151,4050,8101,4050,0,1,4052,529731
168,4050,1200,3900,4680000,2,32406,8103,1,202680000,202680000,12151,4050,8101,4050,0,1,4052,599566
168,4050,1200,3900,4680000,2,32406,8103,1,202680000,202680000,12151,4050,8101,4050,0,1,4052,606372

168,4450,1200,3900,4680000,2,35606,8903,1,219000000,219000000,13351,4450,8901,4450,0,1,4452,6757051
168,4450,1200,3900,4680000,2,35606,8903,1,219000000,219000000,13351,4450,8901,4450,0,1,4452,575816
168,4450,1200,3900,4680000,2,35606,8903,1,219000000,219000000,13351,4450,8901,4450,0,1,4452,573544
168,4450,1200,3900,4680000,2,35606,8903,1,219000000,219000000,13351,4450,8901,4450,0,1,4452,576380
168,4450,1200,3900,4680000,2,35606,8903,1,219000000,219000000,13351,4450,8901,4450,0,1,4452,576756
168,4450,1200,3900,4680000,2,35606,8903,1,219000000,219000000,13351,4450,8901,4450,0,1,4452,619694
168,4450,1200,3900,4680000,2,35606,8903,1,219000000,219000000,13351,4450,8901,4450,0,1,4452,619193

168,4850,1200,3900,4680000,2,38806,9703,1,235320000,235320000,14551,4850,9701,4850,0,1,4852,7714953
168,4850,1200,3900,4680000,2,38806,9703,1,235320000,235320000,14551,4850,9701,4850,0,1,4852,615901
168,4850,1200,3900,4680000,2,38806,9703,1,235320000,235320000,14551,4850,9701,4850,0,1,4852,617509
168,4850,1200,3900,4680000,2,38806,9703,1,235320000,235320000,14551,4850,9701,4850,0,1,4852,617114
168,4850,1200,3900,4680000,2,38806,9703,1,235320000,235320000,14551,4850,9701,4850,0,1,4852,616542
168,4850,1200,3900,4680000,2,38806,9703,1,235320000,235320000,14551,4850,9701,4850,0,1,4852,668196
168,4850,1200,3900,4680000,2,38806,9703,1,235320000,235320000,14551,4850,9701,4850,0,1,4852,668879

168,5250,1200,3900,4680000,2,42006,10503,1,251640000,251640000,15751,5250,10501,5250,0,1,5252,8370313
168,5250,1200,3900,4680000,2,42006,10503,1,251640000,251640000,15751,5250,10501,5250,0,1,5252,663521
168,5250,1200,3900,4680000,2,42006,10503,1,251640000,251640000,15751,5250,10501,5250,0,1,5252,664178
168,5250,1200,3900,4680000,2,42006,10503,1,251640000,251640000,15751,5250,10501,5250,0,1,5252,664771
168,5250,1200,3900,4680000,2,42006,10503,1,251640000,251640000,15751,5250,10501,5250,0,1,5252,665187
168,5250,1200,3900,4680000,2,42006,10503,1,251640000,251640000,15751,5250,10501,5250,0,1,5252,716129
168,5250,1200,3900,4680000,2,42006,10503,1,251640000,251640000,15751,5250,10501,5250,0,1,5252,714513

168,5650,1200,3900,4680000,2,45206,11303,1,267960000,267960000,16951,5650,11301,5650,0,1,5652,9302051
168,5650,1200,3900,4680000,2,45206,11303,1,267960000,267960000,16951,5650,11301,5650,0,1,5652,758583
168,5650,1200,3900,4680000,2,45206,11303,1,267960000,267960000,16951,5650,11301,5650,0,1,5652,762879
168,5650,1200,3900,4680000,2,45206,11303,1,267960000,267960000,16951,5650,11301,5650,0,1,5652,713938
168,5650,1200,3900,4680000,2,45206,11303,1,267960000,267960000,16951,5650,11301,5650,0,1,5652,750031
168,5650,1200,3900,4680000,2,45206,11303,1,267960000,267960000,16951,5650,11301,5650,0,1,5652,773977
168,5650,1200,3900,4680000,2,45206,11303,1,267960000,267960000,16951,5650,11301,5650,0,1,5652,773445

168,6050,1200,3900,4680000,2,48406,12103,1,284280000,284280000,18151,6050,12101,6050,0,1,6052,9657918
168,6050,1200,3900,4680000,2,48406,12103,1,284280000,284280000,18151,6050,12101,6050,0,1,6052,801292
168,6050,1200,3900,4680000,2,48406,12103,1,284280000,284280000,18151,6050,12101,6050,0,1,6052,806935
168,6050,1200,3900,4680000,2,48406,12103,1,284280000,284280000,18151,6050,12101,6050,0,1,6052,790176
168,6050,1200,3900,4680000,2,48406,12103,1,284280000,284280000,18151,6050,12101,6050,0,1,6052,791615
168,6050,1200,3900,4680000,2,48406,12103,1,284280000,284280000,18151,6050,12101,6050,0,1,6052,843623
168,6050,1200,3900,4680000,2,48406,12103,1,284280000,284280000,18151,6050,12101,6050,0,1,6052,840374

168,6450,1200,3900,4680000,2,51606,12903,1,300600000,300600000,19351,6450,12901,6450,0,1,6452,10022634
168,6450,1200,3900,4680000,2,51606,12903,1,300600000,300600000,19351,6450,12901,6450,0,1,6452,814961
168,6450,1200,3900,4680000,2,51606,12903,1,300600000,300600000,19351,6450,12901,6450,0,1,6452,812821
168,6450,1200,3900,4680000,2,51606,12903,1,300600000,300600000,19351,6450,12901,6450,0,1,6452,821764
168,6450,1200,3900,4680000,2,51606,12903,1,300600000,300600000,19351,6450,12901,6450,0,1,6452,816803
168,6450,1200,3900,4680000,2,51606,12903,1,300600000,300600000,19351,6450,12901,6450,0,1,6452,847848
168,6450,1200,3900,4680000,2,51606,12903,1,300600000,300600000,19351,6450,12901,6450,0,1,6452,848404

168,6850,1200,3900,4680000,2,54806,13703,1,316920000,316920000,20551,6850,13701,6850,0,1,6852,10726065
168,6850,1200,3900,4680000,2,54806,13703,1,316920000,316920000,20551,6850,13701,6850,0,1,6852,885781
168,6850,1200,3900,4680000,2,54806,13703,1,316920000,316920000,20551,6850,13701,6850,0,1,6852,881034
168,6850,1200,3900,4680000,2,54806,13703,1,316920000,316920000,20551,6850,13701,6850,0,1,6852,853759
168,6850,1200,3900,4680000,2,54806,13703,1,316920000,316920000,20551,6850,13701,6850,0,1,6852,861033
168,6850,1200,3900,4680000,2,54806,13703,1,316920000,316920000,20551,6850,13701,6850,0,1,6852,901409
168,6850,1200,3900,4680000,2,54806,13703,1,316920000,316920000,20551,6850,13701,6850,0,1,6852,901982

168,50,1200,3500,4200000,2,406,103,1,35480000,35480000,151,50,101,50,0,1,52,51659
168,50,1200,3500,4200000,2,406,103,1,35480000,35480000,151,50,101,50,0,1,52,47295
168,50,1200,3500,4200000,2,406,103,1,35480000,35480000,151,50,101,50,0,1,52,46845
168,50,1200,3500,4200000,2,406,103,1,35480000,35480000,151,50,101,50,0,1,52,38726
168,50,1200,3500,4200000,2,406,103,1,35480000,35480000,151,50,101,50,0,1,52,44797
168,50,1200,3500,4200000,2,406,103,1,35480000,35480000,151,50,101,50,0,1,52,56183
168,50,1200,3500,4200000,2,406,103,1,35480000,35480000,151,50,101,50,0,1,52,56672

168,450,1200,3500,4200000,2,3606,903,1,50520000,50520000,1351,450,901,450,0,1,452,499196
168,450,1200,3500,4200000,2,3606,903,1,50520000,50520000,1351,450,901,450,0,1,452,91910
168,450,1200,3500,4200000,2,3606,903,1,50520000,50520000,1351,450,901,450,0,1,452,77949
168,450,1200,3500,4200000,2,3606,903,1,50520000,50520000,1351,450,901,450,0,1,452,93259
168,450,1200,3500,4200000,2,3606,903,1,50520000,50520000,1351,450,901,450,0,1,452,92588
168,450,1200,3500,4200000,2,3606,903,1,50520000,50520000,1351,450,901,450,0,1,452,107773
168,450,1200,3500,4200000,2,3606,903,1,50520000,50520000,1351,450,901,450,0,1,452,109059

168,850,1200,3500,4200000,2,6806,1703,1,65560000,65560000,2551,850,1701,850,0,1,852,1006433
168,850,1200,3500,4200000,2,6806,1703,1,65560000,65560000,2551,850,1701,850,0,1,852,135631
168,850,1200,3500,4200000,2,6806,1703,1,65560000,65560000,2551,850,1701,850,0,1,852,135047
168,850,1200,3500,4200000,2,6806,1703,1,65560000,65560000,2551,850,1701,850,0,1,852,136320
168,850,1200,3500,4200000,2,6806,1703,1,65560000,65560000,2551,850,1701,850,0,1,852,136079
168,850,1200,3500,4200000,2,6806,1703,1,65560000,65560000,2551,850,1701,850,0,1,852,151544
168,850,1200,3500,4200000,2,6806,1703,1,65560000,65560000,2551,850,1701,850,0,1,852,152067

168,1250,1200,3500,4200000,2,10006,2503,1,80600000,80600000,3751,1250,2501,1250,0,1,1252,1582393
168,1250,1200,3500,4200000,2,10006,2503,1,80600000,80600000,3751,1250,2501,1250,0,1,1252,174401
168,1250,1200,3500,4200000,2,10006,2503,1,80600000,80600000,3751,1250,2501,1250,0,1,1252,181384
168,1250,1200,3500,4200000,2,10006,2503,1,80600000,80600000,3751,1250,2501,1250,0,1,1252,183160
168,1250,1200,3500,4200000,2,10006,2503,1,80600000,80600000,3751,1250,2501,1250,0,1,1252,183856
168,1250,1200,3500,4200000,2,10006,2503,1,80600000,80600000,3751,1250,2501,1250,0,1,1252,200649
168,1250,1200,3500,4200000,2,10006,2503,1,80600000,80600000,3751,1250,2501,1250,0,1,1252,201209

168,1650,1200,3500,4200000,2,13206,3303,1,95640000,95640000,4951,1650,3301,1650,0,1,1652,2100922
168,1650,1200,3500,4200000,2,13206,3303,1,95640000,95640000,4951,1650,3301,1650,0,1,1652,233144
168,1650,1200,3500,4200000,2,13206,3303,1,95640000,95640000,4951,1650,3301,1650,0,1,1652,232816
168,1650,1200,3500,4200000,2,13206,3303,1,95640000,95640000,4951,1650,3301,1650,0,1,1652,231269
168,1650,1200,3500,4200000,2,13206,3303,1,95640000,95640000,4951,1650,3301,1650,0,1,1652,233665
168,1650,1200,3500,4200000,2,13206,3303,1,95640000,95640000,4951,1650,3301,1650,0,1,1652,234200
168,1650,1200,3500,4200000,2,13206,3303,1,95640000,95640000,4951,1650,3301,1650,0,1,1652,233995

168,2050,1200,3500,4200000,2,16406,4103,1,110680000,110680000,6151,2050,4101,2050,0,1,2052,2850983
168,2050,1200,3500,4200000,2,16406,4103,1,110680000,110680000,6151,2050,4101,2050,0,1,2052,258859
168,2050,1200,3500,4200000,2,16406,4103,1,110680000,110680000,6151,2050,4101,2050,0,1,2052,261684
168,2050,1200,3500,4200000,2,16406,4103,1,110680000,110680000,6151,2050,4101,2050,0,1,2052,262911
168,2050,1200,3500,4200000,2,16406,4103,1,110680000,110680000,6151,2050,4101,2050,0,1,2052,278182
168,2050,1200,3500,4200000,2,16406,4103,1,110680000,110680000,6151,2050,4101,2050,0,1,2052,283376
168,2050,1200,3500,4200000,2,16406,4103,1,110680000,110680000,6151,2050,4101,2050,0,1,2052,283814

168,2450,1200,3500,4200000,2,19606,4903,1,125720000,125720000,7351,2450,4901,2450,0,1,2452,3260229
168,2450,1200,3500,4200000,2,19606,4903,1,125720000,125720000,7351,2450,4901,2450,0,1,2452,305157
168,2450,1200,3500,4200000,2,19606,4903,1,125720000,125720000,7351,2450,4901,2450,0,1,2452,305648
168,2450,1200,3500,4200000,2,19606,4903,1,125720000,125720000,7351,2450,4901,2450,0,1,2452,304581
168,2450,1200,3500,4200000,2,19606,4903,1,125720000,125720000,7351,2450,4901,2450,0,1,2452,306885
168,2450,1200,3500,4200000,2,19606,4903,1,125720000,125720000,7351,2450,4901,2450,0,1,2452,330474
168,2450,1200,3500,4200000,2,19606,4903,1,125720000,125720000,7351,2450,4901,2450,0,1,2452,330929

168,2850,1200,3500,4200000,2,22806,5703,1,140760000,140760000,8551,2850,5701,2850,0,1,2852,3989348
168,2850,1200,3500,4200000,2,22806,5703,1,140760000,140760000,8551,2850,5701,2850,0,1,2852,351549
168,2850,1200,3500,4200000,2,22806,5703,1,140760000,140760000,8551,2850,5701,2850,0,1,2852,346359
168,2850,1200,3500,4200000,2,22806,5703,1,140760000,140760000,8551,2850,5701,2850,0,1,2852,346907
168,2850,1200,3500,4200000,2,22806,5703,1,140760000,140760000,8551,2850,5701,2850,0,1,2852,347239
168,2850,1200,3500,4200000,2,22806,5703,1,140760000,140760000,8551,2850,5701,2850,0,1,2852,377596
168,2850,1200,3500,4200000,2,22806,5703,1,140760000,140760000,8551,2850,5701,2850,0,1,2852,378054

168,3250,1200,3500,4200000,2,26006,6503,1,155800000,155800000,9751,3250,6501,3250,0,1,3252,4352150
168,3250,1200,3500,4200000,2,26006,6503,1,155800000,155800000,9751,3250,6501,3250,0,1,3252,390704
168,3250,1200,3500,4200000,2,26006,6503,1,155800000,155800000,9751,3250,6501,3250,0,1,3252,392481
168,3250,1200,3500,4200000,2,26006,6503,1,155800000,155800000,9751,3250,6501,3250,0,1,3252,389884
168,3250,1200,3500,4200000,2,26006,6503,1,155800000,155800000,9751,3250,6501,3250,0,1,3252,387117
168,3250,1200,3500,4200000,2,26006,6503,1,155800000,155800000,9751,3250,6501,3250,0,1,3252,450909
168,3250,1200,3500,4200000,2,26006,6503,1,155800000,155800000,9751,3250,6501,3250,0,1,3252,450446

168,3650,1200,3500,4200000,2,29206,7303,1,170840000,170840000,10951,3650,7301,3650,0,1,3652,4955111
168,3650,1200,3500,4200000,2,29206,7303,1,170840000,170840000,10951,3650,7301,3650,0,1,3652,435283
168,3650,1200,3500,4200000,2,29206,7303,1,170840000,170840000,10951,3650,7301,3650,0,1,3652,434662
168,3650,1200,3500,4200000,2,29206,7303,1,170840000,170840000,10951,3650,7301,3650,0,1,3652,438386
168,3650,1200,3500,4200000,2,29206,7303,1,170840000,170840000,10951,3650,7301,3650,0,1,3652,433153
168,3650,1200,3500,4200000,2,29206,7303,1,170840000,170840000,10951,3650,7301,3650,0,1,3652,468159
168,3650,1200,3500,4200000,2,29206,7303,1,170840000,170840000,10951,3650,7301,3650,0,1,3652,467682

168,4050,1200,3500,4200000,2,32406,8103,1,185880000,185880000,12151,4050,8101,4050,0,1,4052,5496821
168,4050,1200,3500,4200000,2,32406,8103,1,185880000,185880000,12151,4050,8101,4050,0,1,4052,491435
168,4050,1200,3500,4200000,2,32406,8103,1,185880000,185880000,12151,4050,8101,4050,0,1,4052,490894
168,4050,1200,3500,4200000,2,32406,8103,1,185880000,185880000,12151,4050,8101,4050,0,1,4052,490277
168,4050,1200,3500,4200000,2,32406,8103,1,185880000,185880000,12151,4050,8101,4050,0,1,4052,491790
168,4050,1200,3500,4200000,2,32406,8103,1,185880000,185880000,12151,4050,8101,4050,0,1,4052,527529
168,4050,1200,3500,4200000,2,32406,8103,1,185880000,185880000,12151,4050,8101,4050,0,1,4052,527041

168,4450,1200,3500,4200000,2,35606,8903,1,200920000,200920000,13351,4450,8901,4450,0,1,4452,6250177
168,4450,1200,3500,4200000,2,35606,8903,1,200920000,200920000,13351,4450,8901,4450,0,1,4452,516945
168,4450,1200,3500,4200000,2,35606,8903,1,200920000,200920000,13351,4450,8901,4450,0,1,4452,515572
168,4450,1200,3500,4200000,2,35606,8903,1,200920000,200920000,13351,4450,8901,4450,0,1,4452,517424
168,4450,1200,3500,4200000,2,35606,8903,1,200920000,200920000,13351,4450,8901,4450,0,1,4452,518053
168,4450,1200,3500,4200000,2,35606,8903,1,200920000,200920000,13351,4450,8901,4450,0,1,4452,558717
168,4450,1200,3500,4200000,2,35606,8903,1,200920000,200920000,13351,4450,8901,4450,0,1,4452,558219

168,4850,1200,3500,4200000,2,38806,9703,1,215960000,215960000,14551,4850,9701,4850,0,1,4852,6974146
168,4850,1200,3500,4200000,2,38806,9703,1,215960000,215960000,14551,4850,9701,4850,0,1,4852,557020
168,4850,1200,3500,4200000,2,38806,9703,1,215960000,215960000,14551,4850,9701,4850,0,1,4852,554337
168,4850,1200,3500,4200000,2,38806,9703,1,215960000,215960000,14551,4850,9701,4850,0,1,4852,556059
168,4850,1200,3500,4200000,2,38806,9703,1,215960000,215960000,14551,4850,9701,4850,0,1,4852,556627
168,4850,1200,3500,4200000,2,38806,9703,1,215960000,215960000,14551,4850,9701,4850,0,1,4852,621378
168,4850,1200,3500,4200000,2,38806,9703,1,215960000,215960000,14551,4850,9701,4850,0,1,4852,620871

168,5250,1200,3500,4200000,2,42006,10503,1,231000000,231000000,15751,5250,10501,5250,0,1,5252,6963989
168,5250,1200,3500,4200000,2,42006,10503,1,231000000,231000000,15751,5250,10501,5250,0,1,5252,613218
168,5250,1200,3500,4200000,2,42006,10503,1,231000000,231000000,15751,5250,10501,5250,0,1,5252,595491
168,5250,1200,3500,4200000,2,42006,10503,1,231000000,231000000,15751,5250,10501,5250,0,1,5252,612531
168,5250,1200,3500,4200000,2,42006,10503,1,231000000,231000000,15751,5250,10501,5250,0,1,5252,618525
168,5250,1200,3500,4200000,2,42006,10503,1,231000000,231000000,15751,5250,10501,5250,0,1,5252,660277
168,5250,1200,3500,4200000,2,42006,10503,1,231000000,231000000,15751,5250,10501,5250,0,1,5252,659749

168,5650,1200,3500,4200000,2,45206,11303,1,246040000,246040000,16951,5650,11301,5650,0,1,5652,7270999
168,5650,1200,3500,4200000,2,45206,11303,1,246040000,246040000,16951,5650,11301,5650,0,1,5652,674239
168,5650,1200,3500,4200000,2,45206,11303,1,246040000,246040000,16951,5650,11301,5650,0,1,5652,658738
168,5650,1200,3500,4200000,2,45206,11303,1,246040000,246040000,16951,5650,11301,5650,0,1,5652,647651
168,5650,1200,3500,4200000,2,45206,11303,1,246040000,246040000,16951,5650,11301,5650,0,1,5652,659465
168,5650,1200,3500,4200000,2,45206,11303,1,246040000,246040000,16951,5650,11301,5650,0,1,5652,703182
168,5650,1200,3500,4200000,2,45206,11303,1,246040000,246040000,16951,5650,11301,5650,0,1,5652,702651

168,6050,1200,3500,4200000,2,48406,12103,1,261080000,261080000,18151,6050,12101,6050,0,1,6052,8310946
168,6050,1200,3500,4200000,2,48406,12103,1,261080000,261080000,18151,6050,12101,6050,0,1,6052,685221
168,6050,1200,3500,4200000,2,48406,12103,1,261080000,261080000,18151,6050,12101,6050,0,1,6052,699235
168,6050,1200,3500,4200000,2,48406,12103,1,261080000,261080000,18151,6050,12101,6050,0,1,6052,704160
168,6050,1200,3500,4200000,2,48406,12103,1,261080000,261080000,18151,6050,12101,6050,0,1,6052,688481
168,6050,1200,3500,4200000,2,48406,12103,1,261080000,261080000,18151,6050,12101,6050,0,1,6052,775660
168,6050,1200,3500,4200000,2,48406,12103,1,261080000,261080000,18151,6050,12101,6050,0,1,6052,769041

168,6450,1200,3500,4200000,2,51606,12903,1,276120000,276120000,19351,6450,12901,6450,0,1,6452,8579783
168,6450,1200,3500,4200000,2,51606,12903,1,276120000,276120000,19351,6450,12901,6450,0,1,6452,720177
168,6450,1200,3500,4200000,2,51606,12903,1,276120000,276120000,19351,6450,12901,6450,0,1,6452,718580
168,6450,1200,3500,4200000,2,51606,12903,1,276120000,276120000,19351,6450,12901,6450,0,1,6452,721444
168,6450,1200,3500,4200000,2,51606,12903,1,276120000,276120000,19351,6450,12901,6450,0,1,6452,720724
168,6450,1200,3500,4200000,2,51606,12903,1,276120000,276120000,19351,6450,12901,6450,0,1,6452,773488
168,6450,1200,3500,4200000,2,51606,12903,1,276120000,276120000,19351,6450,12901,6450,0,1,6452,774043

168,6850,1200,3500,4200000,2,54806,13703,1,291160000,291160000,20551,6850,13701,6850,0,1,6852,9620848
168,6850,1200,3500,4200000,2,54806,13703,1,291160000,291160000,20551,6850,13701,6850,0,1,6852,766404
168,6850,1200,3500,4200000,2,54806,13703,1,291160000,291160000,20551,6850,13701,6850,0,1,6852,760531
168,6850,1200,3500,4200000,2,54806,13703,1,291160000,291160000,20551,6850,13701,6850,0,1,6852,765271
168,6850,1200,3500,4200000,2,54806,13703,1,291160000,291160000,20551,6850,13701,6850,0,1,6852,765918
168,6850,1200,3500,4200000,2,54806,13703,1,291160000,291160000,20551,6850,13701,6850,0,1,6852,813932
168,6850,1200,3500,4200000,2,54806,13703,1,291160000,291160000,20551,6850,13701,6850,0,1,6852,814503

168,50,1200,3100,3720000,2,406,103,1,31480000,31480000,151,50,101,50,0,1,52,47764
168,50,1200,3100,3720000,2,406,103,1,31480000,31480000,151,50,101,50,0,1,52,40423
168,50,1200,3100,3720000,2,406,103,1,31480000,31480000,151,50,101,50,0,1,52,42992
168,50,1200,3100,3720000,2,406,103,1,31480000,31480000,151,50,101,50,0,1,52,33390
168,50,1200,3100,3720000,2,406,103,1,31480000,31480000,151,50,101,50,0,1,52,42532
168,50,1200,3100,3720000,2,406,103,1,31480000,31480000,151,50,101,50,0,1,52,50257
168,50,1200,3100,3720000,2,406,103,1,31480000,31480000,151,50,101,50,0,1,52,50746

168,450,1200,3100,3720000,2,3606,903,1,45240000,45240000,1351,450,901,450,0,1,452,436336
168,450,1200,3100,3720000,2,3606,903,1,45240000,45240000,1351,450,901,450,0,1,452,82026
168,450,1200,3100,3720000,2,3606,903,1,45240000,45240000,1351,450,901,450,0,1,452,81197
168,450,1200,3100,3720000,2,3606,903,1,45240000,45240000,1351,450,901,450,0,1,452,80216
168,450,1200,3100,3720000,2,3606,903,1,45240000,45240000,1351,450,901,450,0,1,452,81551
168,450,1200,3100,3720000,2,3606,903,1,45240000,45240000,1351,450,901,450,0,1,452,90338
168,450,1200,3100,3720000,2,3606,903,1,45240000,45240000,1351,450,901,450,0,1,452,100693

168,850,1200,3100,3720000,2,6806,1703,1,59000000,59000000,2551,850,1701,850,0,1,852,873794
168,850,1200,3100,3720000,2,6806,1703,1,59000000,59000000,2551,850,1701,850,0,1,852,122435
168,850,1200,3100,3720000,2,6806,1703,1,59000000,59000000,2551,850,1701,850,0,1,852,121858
168,850,1200,3100,3720000,2,6806,1703,1,59000000,59000000,2551,850,1701,850,0,1,852,123142
168,850,1200,3100,3720000,2,6806,1703,1,59000000,59000000,2551,850,1701,850,0,1,852,122901
168,850,1200,3100,3720000,2,6806,1703,1,59000000,59000000,2551,850,1701,850,0,1,852,136343
168,850,1200,3100,3720000,2,6806,1703,1,59000000,59000000,2551,850,1701,850,0,1,852,136878

168,1250,1200,3100,3720000,2,10006,2503,1,72760000,72760000,3751,1250,2501,1250,0,1,1252,1380126
168,1250,1200,3100,3720000,2,10006,2503,1,72760000,72760000,3751,1250,2501,1250,0,1,1252,160850
168,1250,1200,3100,3720000,2,10006,2503,1,72760000,72760000,3751,1250,2501,1250,0,1,1252,161474
168,1250,1200,3100,3720000,2,10006,2503,1,72760000,72760000,3751,1250,2501,1250,0,1,1252,162000
168,1250,1200,3100,3720000,2,10006,2503,1,72760000,72760000,3751,1250,2501,1250,0,1,1252,155362
168,1250,1200,3100,3720000,2,10006,2503,1,72760000,72760000,3751,1250,2501,1250,0,1,1252,178519
168,1250,1200,3100,3720000,2,10006,2503,1,72760000,72760000,3751,1250,2501,1250,0,1,1252,179062

168,1650,1200,3100,3720000,2,13206,3303,1,86520000,86520000,4951,1650,3301,1650,0,1,1652,2020873
168,1650,1200,3100,3720000,2,13206,3303,1,86520000,86520000,4951,1650,3301,1650,0,1,1652,201382
168,1650,1200,3100,3720000,2,13206,3303,1,86520000,86520000,4951,1650,3301,1650,0,1,1652,202383
168,1650,1200,3100,3720000,2,13206,3303,1,86520000,86520000,4951,1650,3301,1650,0,1,1652,203242
168,1650,1200,3100,3720000,2,13206,3303,1,86520000,86520000,4951,1650,3301,1650,0,1,1652,193919
168,1650,1200,3100,3720000,2,13206,3303,1,86520000,86520000,4951,1650,3301,1650,0,1,1652,208451
168,1650,1200,3100,3720000,2,13206,3303,1,86520000,86520000,4951,1650,3301,1650,0,1,1652,208874

168,2050,1200,3100,3720000,2,16406,4103,1,100280000,100280000,6151,2050,4101,2050,0,1,2052,2482263
168,2050,1200,3100,3720000,2,16406,4103,1,100280000,100280000,6151,2050,4101,2050,0,1,2052,244866
168,2050,1200,3100,3720000,2,16406,4103,1,100280000,100280000,6151,2050,4101,2050,0,1,2052,242016
168,2050,1200,3100,3720000,2,16406,4103,1,100280000,100280000,6151,2050,4101,2050,0,1,2052,245282
168,2050,1200,3100,3720000,2,16406,4103,1,100280000,100280000,6151,2050,4101,2050,0,1,2052,245747
168,2050,1200,3100,3720000,2,16406,4103,1,100280000,100280000,6151,2050,4101,2050,0,1,2052,247497
168,2050,1200,3100,3720000,2,16406,4103,1,100280000,100280000,6151,2050,4101,2050,0,1,2052,247935

168,2450,1200,3100,3720000,2,19606,4903,1,114040000,114040000,7351,2450,4901,2450,0,1,2452,3010827
168,2450,1200,3100,3720000,2,19606,4903,1,114040000,114040000,7351,2450,4901,2450,0,1,2452,274562
168,2450,1200,3100,3720000,2,19606,4903,1,114040000,114040000,7351,2450,4901,2450,0,1,2452,275892
168,2450,1200,3100,3720000,2,19606,4903,1,114040000,114040000,7351,2450,4901,2450,0,1,2452,271154
168,2450,1200,3100,3720000,2,19606,4903,1,114040000,114040000,7351,2450,4901,2450,0,1,2452,283411
168,2450,1200,3100,3720000,2,19606,4903,1,114040000,114040000,7351,2450,4901,2450,0,1,2452,293997
168,2450,1200,3100,3720000,2,19606,4903,1,114040000,114040000,7351,2450,4901,2450,0,1,2452,293547

168,2850,1200,3100,3720000,2,22806,5703,1,127800000,127800000,8551,2850,5701,2850,0,1,2852,3593966
168,2850,1200,3100,3720000,2,22806,5703,1,127800000,127800000,8551,2850,5701,2850,0,1,2852,318677
168,2850,1200,3100,3720000,2,22806,5703,1,127800000,127800000,8551,2850,5701,2850,0,1,2852,313086
168,2850,1200,3100,3720000,2,22806,5703,1,127800000,127800000,8551,2850,5701,2850,0,1,2852,312376
168,2850,1200,3100,3720000,2,22806,5703,1,127800000,127800000,8551,2850,5701,2850,0,1,2852,313697
168,2850,1200,3100,3720000,2,22806,5703,1,127800000,127800000,8551,2850,5701,2850,0,1,2852,341996
168,2850,1200,3100,3720000,2,22806,5703,1,127800000,127800000,8551,2850,5701,2850,0,1,2852,341533

168,3250,1200,3100,3720000,2,26006,6503,1,141560000,141560000,9751,3250,6501,3250,0,1,3252,4103986
168,3250,1200,3100,3720000,2,26006,6503,1,141560000,141560000,9751,3250,6501,3250,0,1,3252,342038
168,3250,1200,3100,3720000,2,26006,6503,1,141560000,141560000,9751,3250,6501,3250,0,1,3252,358503
168,3250,1200,3100,3720000,2,26006,6503,1,141560000,141560000,9751,3250,6501,3250,0,1,3252,346445
168,3250,1200,3100,3720000,2,26006,6503,1,141560000,141560000,9751,3250,6501,3250,0,1,3252,345816
168,3250,1200,3100,3720000,2,26006,6503,1,141560000,141560000,9751,3250,6501,3250,0,1,3252,411160
168,3250,1200,3100,3720000,2,26006,6503,1,141560000,141560000,9751,3250,6501,3250,0,1,3252,409243

168,3650,1200,3100,3720000,2,29206,7303,1,155320000,155320000,10951,3650,7301,3650,0,1,3652,4676492
168,3650,1200,3100,3720000,2,29206,7303,1,155320000,155320000,10951,3650,7301,3650,0,1,3652,388387
168,3650,1200,3100,3720000,2,29206,7303,1,155320000,155320000,10951,3650,7301,3650,0,1,3652,391350
168,3650,1200,3100,3720000,2,29206,7303,1,155320000,155320000,10951,3650,7301,3650,0,1,3652,389633
168,3650,1200,3100,3720000,2,29206,7303,1,155320000,155320000,10951,3650,7301,3650,0,1,3652,390110
168,3650,1200,3100,3720000,2,29206,7303,1,155320000,155320000,10951,3650,7301,3650,0,1,3652,443277
168,3650,1200,3100,3720000,2,29206,7303,1,155320000,155320000,10951,3650,7301,3650,0,1,3652,442598

168,4050,1200,3100,3720000,2,32406,8103,1,169080000,169080000,12151,4050,8101,4050,0,1,4052,4758909
168,4050,1200,3100,3720000,2,32406,8103,1,169080000,169080000,12151,4050,8101,4050,0,1,4052,431702
168,4050,1200,3100,3720000,2,32406,8103,1,169080000,169080000,12151,4050,8101,4050,0,1,4052,430869
168,4050,1200,3100,3720000,2,32406,8103,1,169080000,169080000,12151,4050,8101,4050,0,1,4052,433551
168,4050,1200,3100,3720000,2,32406,8103,1,169080000,169080000,12151,4050,8101,4050,0,1,4052,429295
168,4050,1200,3100,3720000,2,32406,8103,1,169080000,169080000,12151,4050,8101,4050,0,1,4052,466366
168,4050,1200,3100,3720000,2,32406,8103,1,169080000,169080000,12151,4050,8101,4050,0,1,4052,465879

168,4450,1200,3100,3720000,2,35606,8903,1,182840000,182840000,13351,4450,8901,4450,0,1,4452,5491682
168,4450,1200,3100,3720000,2,35606,8903,1,182840000,182840000,13351,4450,8901,4450,0,1,4452,464032
168,4450,1200,3100,3720000,2,35606,8903,1,182840000,182840000,13351,4450,8901,4450,0,1,4452,464635
168,4450,1200,3100,3720000,2,35606,8903,1,182840000,182840000,13351,4450,8901,4450,0,1,4452,465019
168,4450,1200,3100,3720000,2,35606,8903,1,182840000,182840000,13351,4450,8901,4450,0,1,4452,463400
168,4450,1200,3100,3720000,2,35606,8903,1,182840000,182840000,13351,4450,8901,4450,0,1,4452,502436
168,4450,1200,3100,3720000,2,35606,8903,1,182840000,182840000,13351,4450,8901,4450,0,1,4452,501937

168,4850,1200,3100,3720000,2,38806,9703,1,196600000,196600000,14551,4850,9701,4850,0,1,4852,5847485
168,4850,1200,3100,3720000,2,38806,9703,1,196600000,196600000,14551,4850,9701,4850,0,1,4852,504890
168,4850,1200,3100,3720000,2,38806,9703,1,196600000,196600000,14551,4850,9701,4850,0,1,4852,502856
168,4850,1200,3100,3720000,2,38806,9703,1,196600000,196600000,14551,4850,9701,4850,0,1,4852,505607
168,4850,1200,3100,3720000,2,38806,9703,1,196600000,196600000,14551,4850,9701,4850,0,1,4852,506257
168,4850,1200,3100,3720000,2,38806,9703,1,196600000,196600000,14551,4850,9701,4850,0,1,4852,553914
168,4850,1200,3100,3720000,2,38806,9703,1,196600000,196600000,14551,4850,9701,4850,0,1,4852,554427

168,5250,1200,3100,3720000,2,42006,10503,1,210360000,210360000,15751,5250,10501,5250,0,1,5252,6540453
168,5250,1200,3100,3720000,2,42006,10503,1,210360000,210360000,15751,5250,10501,5250,0,1,5252,549181
168,5250,1200,3100,3720000,2,42006,10503,1,210360000,210360000,15751,5250,10501,5250,0,1,5252,551619
168,5250,1200,3100,3720000,2,42006,10503,1,210360000,210360000,15751,5250,10501,5250,0,1,5252,551098
168,5250,1200,3100,3720000,2,42006,10503,1,210360000,210360000,15751,5250,10501,5250,0,1,5252,550099
168,5250,1200,3100,3720000,2,42006,10503,1,210360000,210360000,15751,5250,10501,5250,0,1,5252,604880
168,5250,1200,3100,3720000,2,42006,10503,1,210360000,210360000,15751,5250,10501,5250,0,1,5252,605404

168,5650,1200,3100,3720000,2,45206,11303,1,224120000,224120000,16951,5650,11301,5650,0,1,5652,7098458
168,5650,1200,3100,3720000,2,45206,11303,1,224120000,224120000,16951,5650,11301,5650,0,1,5652,588543
168,5650,1200,3100,3720000,2,45206,11303,1,224120000,224120000,16951,5650,11301,5650,0,1,5652,586410
168,5650,1200,3100,3720000,2,45206,11303,1,224120000,224120000,16951,5650,11301,5650,0,1,5652,576966
168,5650,1200,3100,3720000,2,45206,11303,1,224120000,224120000,16951,5650,11301,5650,0,1,5652,598329
168,5650,1200,3100,3720000,2,45206,11303,1,224120000,224120000,16951,5650,11301,5650,0,1,5652,640233
168,5650,1200,3100,3720000,2,45206,11303,1,224120000,224120000,16951,5650,11301,5650,0,1,5652,638713

168,6050,1200,3100,3720000,2,48406,12103,1,237880000,237880000,18151,6050,12101,6050,0,1,6052,7228321
168,6050,1200,3100,3720000,2,48406,12103,1,237880000,237880000,18151,6050,12101,6050,0,1,6052,634035
168,6050,1200,3100,3720000,2,48406,12103,1,237880000,237880000,18151,6050,12101,6050,0,1,6052,627182
168,6050,1200,3100,3720000,2,48406,12103,1,237880000,237880000,18151,6050,12101,6050,0,1,6052,617291
168,6050,1200,3100,3720000,2,48406,12103,1,237880000,237880000,18151,6050,12101,6050,0,1,6052,618538
168,6050,1200,3100,3720000,2,48406,12103,1,237880000,237880000,18151,6050,12101,6050,0,1,6052,700537
168,6050,1200,3100,3720000,2,48406,12103,1,237880000,237880000,18151,6050,12101,6050,0,1,6052,695186

168,6450,1200,3100,3720000,2,51606,12903,1,251640000,251640000,19351,6450,12901,6450,0,1,6452,7916335
168,6450,1200,3100,3720000,2,51606,12903,1,251640000,251640000,19351,6450,12901,6450,0,1,6452,653750
168,6450,1200,3100,3720000,2,51606,12903,1,251640000,251640000,19351,6450,12901,6450,0,1,6452,647612
168,6450,1200,3100,3720000,2,51606,12903,1,251640000,251640000,19351,6450,12901,6450,0,1,6452,663083
168,6450,1200,3100,3720000,2,51606,12903,1,251640000,251640000,19351,6450,12901,6450,0,1,6452,654521
168,6450,1200,3100,3720000,2,51606,12903,1,251640000,251640000,19351,6450,12901,6450,0,1,6452,711099
168,6450,1200,3100,3720000,2,51606,12903,1,251640000,251640000,19351,6450,12901,6450,0,1,6452,711655

168,6850,1200,3100,3720000,2,54806,13703,1,265400000,265400000,20551,6850,13701,6850,0,1,6852,8499879
168,6850,1200,3100,3720000,2,54806,13703,1,265400000,265400000,20551,6850,13701,6850,0,1,6852,690690
168,6850,1200,3100,3720000,2,54806,13703,1,265400000,265400000,20551,6850,13701,6850,0,1,6852,686927
168,6850,1200,3100,3720000,2,54806,13703,1,265400000,265400000,20551,6850,13701,6850,0,1,6852,688161
168,6850,1200,3100,3720000,2,54806,13703,1,265400000,265400000,20551,6850,13701,6850,0,1,6852,689964
168,6850,1200,3100,3720000,2,54806,13703,1,265400000,265400000,20551,6850,13701,6850,0,1,6852,742301
168,6850,1200,3100,3720000,2,54806,13703,1,265400000,265400000,20551,6850,13701,6850,0,1,6852,741733

168,50,1200,2700,3240000,2,406,103,1,27480000,27480000,151,50,101,50,0,1,52,39526
168,50,1200,2700,3240000,2,406,103,1,27480000,27480000,151,50,101,50,0,1,52,35277
168,50,1200,2700,3240000,2,406,103,1,27480000,27480000,151,50,101,50,0,1,52,31580
168,50,1200,2700,3240000,2,406,103,1,27480000,27480000,151,50,101,50,0,1,52,37190
168,50,1200,2700,3240000,2,406,103,1,27480000,27480000,151,50,101,50,0,1,52,35874
168,50,1200,2700,3240000,2,406,103,1,27480000,27480000,151,50,101,50,0,1,52,44804
168,50,1200,2700,3240000,2,406,103,1,27480000,27480000,151,50,101,50,0,1,52,43025

168,450,1200,2700,3240000,2,3606,903,1,39960000,39960000,1351,450,901,450,0,1,452,365272
168,450,1200,2700,3240000,2,3606,903,1,39960000,39960000,1351,450,901,450,0,1,452,72995
168,450,1200,2700,3240000,2,3606,903,1,39960000,39960000,1351,450,901,450,0,1,452,71190
168,450,1200,2700,3240000,2,3606,903,1,39960000,39960000,1351,450,901,450,0,1,452,63341
168,450,1200,2700,3240000,2,3606,903,1,39960000,39960000,1351,450,901,450,0,1,452,71795
168,450,1200,2700,3240000,2,3606,903,1,39960000,39960000,1351,450,901,450,0,1,452,81263
168,450,1200,2700,3240000,2,3606,903,1,39960000,39960000,1351,450,901,450,0,1,452,77968

168,850,1200,2700,3240000,2,6806,1703,1,52440000,52440000,2551,850,1701,850,0,1,852,786235
168,850,1200,2700,3240000,2,6806,1703,1,52440000,52440000,2551,850,1701,850,0,1,852,107408
168,850,1200,2700,3240000,2,6806,1703,1,52440000,52440000,2551,850,1701,850,0,1,852,107623
168,850,1200,2700,3240000,2,6806,1703,1,52440000,52440000,2551,850,1701,850,0,1,852,107859
168,850,1200,2700,3240000,2,6806,1703,1,52440000,52440000,2551,850,1701,850,0,1,852,106988
168,850,1200,2700,3240000,2,6806,1703,1,52440000,52440000,2551,850,1701,850,0,1,852,121959
168,850,1200,2700,3240000,2,6806,1703,1,52440000,52440000,2551,850,1701,850,0,1,852,123276

168,1250,1200,2700,3240000,2,10006,2503,1,64920000,64920000,3751,1250,2501,1250,0,1,1252,1085578
168,1250,1200,2700,3240000,2,10006,2503,1,64920000,64920000,3751,1250,2501,1250,0,1,1252,146459
168,1250,1200,2700,3240000,2,10006,2503,1,64920000,64920000,3751,1250,2501,1250,0,1,1252,142631
168,1250,1200,2700,3240000,2,10006,2503,1,64920000,64920000,3751,1250,2501,1250,0,1,1252,146715
168,1250,1200,2700,3240000,2,10006,2503,1,64920000,64920000,3751,1250,2501,1250,0,1,1252,145988
168,1250,1200,2700,3240000,2,10006,2503,1,64920000,64920000,3751,1250,2501,1250,0,1,1252,155927
168,1250,1200,2700,3240000,2,10006,2503,1,64920000,64920000,3751,1250,2501,1250,0,1,1252,158378

168,1650,1200,2700,3240000,2,13206,3303,1,77400000,77400000,4951,1650,3301,1650,0,1,1652,1629876
168,1650,1200,2700,3240000,2,13206,3303,1,77400000,77400000,4951,1650,3301,1650,0,1,1652,179747
168,1650,1200,2700,3240000,2,13206,3303,1,77400000,77400000,4951,1650,3301,1650,0,1,1652,179208
168,1650,1200,2700,3240000,2,13206,3303,1,77400000,77400000,4951,1650,3301,1650,0,1,1652,171433
168,1650,1200,2700,3240000,2,13206,3303,1,77400000,77400000,4951,1650,3301,1650,0,1,1652,178563
168,1650,1200,2700,3240000,2,13206,3303,1,77400000,77400000,4951,1650,3301,1650,0,1,1652,195514
168,1650,1200,2700,3240000,2,13206,3303,1,77400000,77400000,4951,1650,3301,1650,0,1,1652,196075

168,2050,1200,2700,3240000,2,16406,4103,1,89880000,89880000,6151,2050,4101,2050,0,1,2052,2196574
168,2050,1200,2700,3240000,2,16406,4103,1,89880000,89880000,6151,2050,4101,2050,0,1,2052,224396
168,2050,1200,2700,3240000,2,16406,4103,1,89880000,89880000,6151,2050,4101,2050,0,1,2052,223578
168,2050,1200,2700,3240000,2,16406,4103,1,89880000,89880000,6151,2050,4101,2050,0,1,2052,222299
168,2050,1200,2700,3240000,2,16406,4103,1,89880000,89880000,6151,2050,4101,2050,0,1,2052,225270
168,2050,1200,2700,3240000,2,16406,4103,1,89880000,89880000,6151,2050,4101,2050,0,1,2052,225607
168,2050,1200,2700,3240000,2,16406,4103,1,89880000,89880000,6151,2050,4101,2050,0,1,2052,225825

168,2450,1200,2700,3240000,2,19606,4903,1,102360000,102360000,7351,2450,4901,2450,0,1,2452,2594323
168,2450,1200,2700,3240000,2,19606,4903,1,102360000,102360000,7351,2450,4901,2450,0,1,2452,255235
168,2450,1200,2700,3240000,2,19606,4903,1,102360000,102360000,7351,2450,4901,2450,0,1,2452,257737
168,2450,1200,2700,3240000,2,19606,4903,1,102360000,102360000,7351,2450,4901,2450,0,1,2452,256817
168,2450,1200,2700,3240000,2,19606,4903,1,102360000,102360000,7351,2450,4901,2450,0,1,2452,257178
168,2450,1200,2700,3240000,2,19606,4903,1,102360000,102360000,7351,2450,4901,2450,0,1,2452,258309
168,2450,1200,2700,3240000,2,19606,4903,1,102360000,102360000,7351,2450,4901,2450,0,1,2452,258079

168,2850,1200,2700,3240000,2,22806,5703,1,114840000,114840000,8551,2850,5701,2850,0,1,2852,3079993
168,2850,1200,2700,3240000,2,22806,5703,1,114840000,114840000,8551,2850,5701,2850,0,1,2852,289582
168,2850,1200,2700,3240000,2,22806,5703,1,114840000,114840000,8551,2850,5701,2850,0,1,2852,292395
168,2850,1200,2700,3240000,2,22806,5703,1,114840000,114840000,8551,2850,5701,2850,0,1,2852,292813
168,2850,1200,2700,3240000,2,22806,5703,1,114840000,114840000,8551,2850,5701,2850,0,1,2852,291037
168,2850,1200,2700,3240000,2,22806,5703,1,114840000,114840000,8551,2850,5701,2850,0,1,2852,293731
168,2850,1200,2700,3240000,2,22806,5703,1,114840000,114840000,8551,2850,5701,2850,0,1,2852,293270

168,3250,1200,2700,3240000,2,26006,6503,1,127320000,127320000,9751,3250,6501,3250,0,1,3252,3521381
168,3250,1200,2700,3240000,2,26006,6503,1,127320000,127320000,9751,3250,6501,3250,0,1,3252,310544
168,3250,1200,2700,3240000,2,26006,6503,1,127320000,127320000,9751,3250,6501,3250,0,1,3252,306843
168,3250,1200,2700,3240000,2,26006,6503,1,127320000,127320000,9751,3250,6501,3250,0,1,3252,311166
168,3250,1200,2700,3240000,2,26006,6503,1,127320000,127320000,9751,3250,6501,3250,0,1,3252,324064
168,3250,1200,2700,3240000,2,26006,6503,1,127320000,127320000,9751,3250,6501,3250,0,1,3252,338307
168,3250,1200,2700,3240000,2,26006,6503,1,127320000,127320000,9751,3250,6501,3250,0,1,3252,338783

168,3650,1200,2700,3240000,2,29206,7303,1,139800000,139800000,10951,3650,7301,3650,0,1,3652,3884689
168,3650,1200,2700,3240000,2,29206,7303,1,139800000,139800000,10951,3650,7301,3650,0,1,3652,348042
168,3650,1200,2700,3240000,2,29206,7303,1,139800000,139800000,10951,3650,7301,3650,0,1,3652,346994
168,3650,1200,2700,3240000,2,29206,7303,1,139800000,139800000,10951,3650,7301,3650,0,1,3652,345485
168,3650,1200,2700,3240000,2,29206,7303,1,139800000,139800000,10951,3650,7301,3650,0,1,3652,348805
168,3650,1200,2700,3240000,2,29206,7303,1,139800000,139800000,10951,3650,7301,3650,0,1,3652,373735
168,3650,1200,2700,3240000,2,29206,7303,1,139800000,139800000,10951,3650,7301,3650,0,1,3652,374213

168,4050,1200,2700,3240000,2,32406,8103,1,152280000,152280000,12151,4050,8101,4050,0,1,4052,4228260
168,4050,1200,2700,3240000,2,32406,8103,1,152280000,152280000,12151,4050,8101,4050,0,1,4052,404984
168,4050,1200,2700,3240000,2,32406,8103,1,152280000,152280000,12151,4050,8101,4050,0,1,4052,402305
168,4050,1200,2700,3240000,2,32406,8103,1,152280000,152280000,12151,4050,8101,4050,0,1,4052,377336
168,4050,1200,2700,3240000,2,32406,8103,1,152280000,152280000,12151,4050,8101,4050,0,1,4052,378422
168,4050,1200,2700,3240000,2,32406,8103,1,152280000,152280000,12151,4050,8101,4050,0,1,4052,414251
168,4050,1200,2700,3240000,2,32406,8103,1,152280000,152280000,12151,4050,8101,4050,0,1,4052,426919

168,4450,1200,2700,3240000,2,35606,8903,1,164760000,164760000,13351,4450,8901,4450,0,1,4452,4560554
168,4450,1200,2700,3240000,2,35606,8903,1,164760000,164760000,13351,4450,8901,4450,0,1,4452,416913
168,4450,1200,2700,3240000,2,35606,8903,1,164760000,164760000,13351,4450,8901,4450,0,1,4452,415596
168,4450,1200,2700,3240000,2,35606,8903,1,164760000,164760000,13351,4450,8901,4450,0,1,4452,416295
168,4450,1200,2700,3240000,2,35606,8903,1,164760000,164760000,13351,4450,8901,4450,0,1,4452,413652
168,4450,1200,2700,3240000,2,35606,8903,1,164760000,164760000,13351,4450,8901,4450,0,1,4452,452008
168,4450,1200,2700,3240000,2,35606,8903,1,164760000,164760000,13351,4450,8901,4450,0,1,4452,452506

168,4850,1200,2700,3240000,2,38806,9703,1,177240000,177240000,14551,4850,9701,4850,0,1,4852,4977240
168,4850,1200,2700,3240000,2,38806,9703,1,177240000,177240000,14551,4850,9701,4850,0,1,4852,447279
168,4850,1200,2700,3240000,2,38806,9703,1,177240000,177240000,14551,4850,9701,4850,0,1,4852,446759
168,4850,1200,2700,3240000,2,38806,9703,1,177240000,177240000,14551,4850,9701,4850,0,1,4852,450269
168,4850,1200,2700,3240000,2,38806,9703,1,177240000,177240000,14551,4850,9701,4850,0,1,4852,447778
168,4850,1200,2700,3240000,2,38806,9703,1,177240000,177240000,14551,4850,9701,4850,0,1,4852,495809
168,4850,1200,2700,3240000,2,38806,9703,1,177240000,177240000,14551,4850,9701,4850,0,1,4852,497273

168,5250,1200,2700,3240000,2,42006,10503,1,189720000,189720000,15751,5250,10501,5250,0,1,5252,5344080
168,5250,1200,2700,3240000,2,42006,10503,1,189720000,189720000,15751,5250,10501,5250,0,1,5252,481207
168,5250,1200,2700,3240000,2,42006,10503,1,189720000,189720000,15751,5250,10501,5250,0,1,5252,477971
168,5250,1200,2700,3240000,2,42006,10503,1,189720000,189720000,15751,5250,10501,5250,0,1,5252,481796
168,5250,1200,2700,3240000,2,42006,10503,1,189720000,189720000,15751,5250,10501,5250,0,1,5252,482208
168,5250,1200,2700,3240000,2,42006,10503,1,189720000,189720000,15751,5250,10501,5250,0,1,5252,523464
168,5250,1200,2700,3240000,2,42006,10503,1,189720000,189720000,15751,5250,10501,5250,0,1,5252,523993

168,5650,1200,2700,3240000,2,45206,11303,1,202200000,202200000,16951,5650,11301,5650,0,1,5652,5866934
168,5650,1200,2700,3240000,2,45206,11303,1,202200000,202200000,16951,5650,11301,5650,0,1,5652,515905
168,5650,1200,2700,3240000,2,45206,11303,1,202200000,202200000,16951,5650,11301,5650,0,1,5652,517074
168,5650,1200,2700,3240000,2,45206,11303,1,202200000,202200000,16951,5650,11301,5650,0,1,5652,516413
168,5650,1200,2700,3240000,2,45206,11303,1,202200000,202200000,16951,5650,11301,5650,0,1,5652,514510
168,5650,1200,2700,3240000,2,45206,11303,1,202200000,202200000,16951,5650,11301,5650,0,1,5652,563249
168,5650,1200,2700,3240000,2,45206,11303,1,202200000,202200000,16951,5650,11301,5650,0,1,5652,563791

168,6050,1200,2700,3240000,2,48406,12103,1,214680000,214680000,18151,6050,12101,6050,0,1,6052,6189196
168,6050,1200,2700,3240000,2,48406,12103,1,214680000,214680000,18151,6050,12101,6050,0,1,6052,541534
168,6050,1200,2700,3240000,2,48406,12103,1,214680000,214680000,18151,6050,12101,6050,0,1,6052,539408
168,6050,1200,2700,3240000,2,48406,12103,1,214680000,214680000,18151,6050,12101,6050,0,1,6052,542968
168,6050,1200,2700,3240000,2,48406,12103,1,214680000,214680000,18151,6050,12101,6050,0,1,6052,542289
168,6050,1200,2700,3240000,2,48406,12103,1,214680000,214680000,18151,6050,12101,6050,0,1,6052,609174
168,6050,1200,2700,3240000,2,48406,12103,1,214680000,214680000,18151,6050,12101,6050,0,1,6052,609713

168,6450,1200,2700,3240000,2,51606,12903,1,227160000,227160000,19351,6450,12901,6450,0,1,6452,7067534
168,6450,1200,2700,3240000,2,51606,12903,1,227160000,227160000,19351,6450,12901,6450,0,1,6452,570354
168,6450,1200,2700,3240000,2,51606,12903,1,227160000,227160000,19351,6450,12901,6450,0,1,6452,579986
168,6450,1200,2700,3240000,2,51606,12903,1,227160000,227160000,19351,6450,12901,6450,0,1,6452,573259
168,6450,1200,2700,3240000,2,51606,12903,1,227160000,227160000,19351,6450,12901,6450,0,1,6452,575898
168,6450,1200,2700,3240000,2,51606,12903,1,227160000,227160000,19351,6450,12901,6450,0,1,6452,613263
168,6450,1200,2700,3240000,2,51606,12903,1,227160000,227160000,19351,6450,12901,6450,0,1,6452,612710

168,6850,1200,2700,3240000,2,54806,13703,1,239640000,239640000,20551,6850,13701,6850,0,1,6852,7056507
168,6850,1200,2700,3240000,2,54806,13703,1,239640000,239640000,20551,6850,13701,6850,0,1,6852,628952
168,6850,1200,2700,3240000,2,54806,13703,1,239640000,239640000,20551,6850,13701,6850,0,1,6852,622165
168,6850,1200,2700,3240000,2,54806,13703,1,239640000,239640000,20551,6850,13701,6850,0,1,6852,608498
168,6850,1200,2700,3240000,2,54806,13703,1,239640000,239640000,20551,6850,13701,6850,0,1,6852,612176
168,6850,1200,2700,3240000,2,54806,13703,1,239640000,239640000,20551,6850,13701,6850,0,1,6852,694234
168,6850,1200,2700,3240000,2,54806,13703,1,239640000,239640000,20551,6850,13701,6850,0,1,6852,691808

168,50,1200,2300,2760000,2,406,103,1,23480000,23480000,151,50,101,50,0,1,52,34797
168,50,1200,2300,2760000,2,406,103,1,23480000,23480000,151,50,101,50,0,1,52,32773
168,50,1200,2300,2760000,2,406,103,1,23480000,23480000,151,50,101,50,0,1,52,31900
168,50,1200,2300,2760000,2,406,103,1,23480000,23480000,151,50,101,50,0,1,52,32294
168,50,1200,2300,2760000,2,406,103,1,23480000,23480000,151,50,101,50,0,1,52,33429
168,50,1200,2300,2760000,2,406,103,1,23480000,23480000,151,50,101,50,0,1,52,39196
168,50,1200,2300,2760000,2,406,103,1,23480000,23480000,151,50,101,50,0,1,52,39686

168,450,1200,2300,2760000,2,3606,903,1,34680000,34680000,1351,450,901,450,0,1,452,313145
168,450,1200,2300,2760000,2,3606,903,1,34680000,34680000,1351,450,901,450,0,1,452,66893
168,450,1200,2300,2760000,2,3606,903,1,34680000,34680000,1351,450,901,450,0,1,452,53684
168,450,1200,2300,2760000,2,3606,903,1,34680000,34680000,1351,450,901,450,0,1,452,64198
168,450,1200,2300,2760000,2,3606,903,1,34680000,34680000,1351,450,901,450,0,1,452,66415
168,450,1200,2300,2760000,2,3606,903,1,34680000,34680000,1351,450,901,450,0,1,452,75425
168,450,1200,2300,2760000,2,3606,903,1,34680000,34680000,1351,450,901,450,0,1,452,77493

168,850,1200,2300,2760000,2,6806,1703,1,45880000,45880000,2551,850,1701,850,0,1,852,637760
168,850,1200,2300,2760000,2,6806,1703,1,45880000,45880000,2551,850,1701,850,0,1,852,90651
168,850,1200,2300,2760000,2,6806,1703,1,45880000,45880000,2551,850,1701,850,0,1,852,88252
168,850,1200,2300,2760000,2,6806,1703,1,45880000,45880000,2551,850,1701,850,0,1,852,87574
168,850,1200,2300,2760000,2,6806,1703,1,45880000,45880000,2551,850,1701,850,0,1,852,91182
168,850,1200,2300,2760000,2,6806,1703,1,45880000,45880000,2551,850,1701,850,0,1,852,103181
168,850,1200,2300,2760000,2,6806,1703,1,45880000,45880000,2551,850,1701,850,0,1,852,102661

168,1250,1200,2300,2760000,2,10006,2503,1,57080000,57080000,3751,1250,2501,1250,0,1,1252,973276
168,1250,1200,2300,2760000,2,10006,2503,1,57080000,57080000,3751,1250,2501,1250,0,1,1252,123523
168,1250,1200,2300,2760000,2,10006,2503,1,57080000,57080000,3751,1250,2501,1250,0,1,1252,124103
168,1250,1200,2300,2760000,2,10006,2503,1,57080000,57080000,3751,1250,2501,1250,0,1,1252,124581
168,1250,1200,2300,2760000,2,10006,2503,1,57080000,57080000,3751,1250,2501,1250,0,1,1252,124842
168,1250,1200,2300,2760000,2,10006,2503,1,57080000,57080000,3751,1250,2501,1250,0,1,1252,137204
168,1250,1200,2300,2760000,2,10006,2503,1,57080000,57080000,3751,1250,2501,1250,0,1,1252,136669

168,1650,1200,2300,2760000,2,13206,3303,1,68280000,68280000,4951,1650,3301,1650,0,1,1652,1321230
168,1650,1200,2300,2760000,2,13206,3303,1,68280000,68280000,4951,1650,3301,1650,0,1,1652,154255
168,1650,1200,2300,2760000,2,13206,3303,1,68280000,68280000,4951,1650,3301,1650,0,1,1652,146630
168,1650,1200,2300,2760000,2,13206,3303,1,68280000,68280000,4951,1650,3301,1650,0,1,1652,155446
168,1650,1200,2300,2760000,2,13206,3303,1,68280000,68280000,4951,1650,3301,1650,0,1,1652,154906
168,1650,1200,2300,2760000,2,13206,3303,1,68280000,68280000,4951,1650,3301,1650,0,1,1652,170165
168,1650,1200,2300,2760000,2,13206,3303,1,68280000,68280000,4951,1650,3301,1650,0,1,1652,170729

168,2050,1200,2300,2760000,2,16406,4103,1,79480000,79480000,6151,2050,4101,2050,0,1,2052,1843909
168,2050,1200,2300,2760000,2,16406,4103,1,79480000,79480000,6151,2050,4101,2050,0,1,2052,181643
168,2050,1200,2300,2760000,2,16406,4103,1,79480000,79480000,6151,2050,4101,2050,0,1,2052,186115
168,2050,1200,2300,2760000,2,16406,4103,1,79480000,79480000,6151,2050,4101,2050,0,1,2052,187858
168,2050,1200,2300,2760000,2,16406,4103,1,79480000,79480000,6151,2050,4101,2050,0,1,2052,188425
168,2050,1200,2300,2760000,2,16406,4103,1,79480000,79480000,6151,2050,4101,2050,0,1,2052,204386
168,2050,1200,2300,2760000,2,16406,4103,1,79480000,79480000,6151,2050,4101,2050,0,1,2052,203948

168,2450,1200,2300,2760000,2,19606,4903,1,90680000,90680000,7351,2450,4901,2450,0,1,2452,2125386
168,2450,1200,2300,2760000,2,19606,4903,1,90680000,90680000,7351,2450,4901,2450,0,1,2452,212623
168,2450,1200,2300,2760000,2,19606,4903,1,90680000,90680000,7351,2450,4901,2450,0,1,2452,213546
168,2450,1200,2300,2760000,2,19606,4903,1,90680000,90680000,7351,2450,4901,2450,0,1,2452,214126
168,2450,1200,2300,2760000,2,19606,4903,1,90680000,90680000,7351,2450,4901,2450,0,1,2452,211544
168,2450,1200,2300,2760000,2,19606,4903,1,90680000,90680000,7351,2450,4901,2450,0,1,2452,221790
168,2450,1200,2300,2760000,2,19606,4903,1,90680000,90680000,7351,2450,4901,2450,0,1,2452,222247

168,2850,1200,2300,2760000,2,22806,5703,1,101880000,101880000,8551,2850,5701,2850,0,1,2852,2633502
168,2850,1200,2300,2760000,2,22806,5703,1,101880000,101880000,8551,2850,5701,2850,0,1,2852,243657
168,2850,1200,2300,2760000,2,22806,5703,1,101880000,101880000,8551,2850,5701,2850,0,1,2852,242979
168,2850,1200,2300,2760000,2,22806,5703,1,101880000,101880000,8551,2850,5701,2850,0,1,2852,247342
168,2850,1200,2300,2760000,2,22806,5703,1,101880000,101880000,8551,2850,5701,2850,0,1,2852,244246
168,2850,1200,2300,2760000,2,22806,5703,1,101880000,101880000,8551,2850,5701,2850,0,1,2852,284070
168,2850,1200,2300,2760000,2,22806,5703,1,101880000,101880000,8551,2850,5701,2850,0,1,2852,283618

168,3250,1200,2300,2760000,2,26006,6503,1,113080000,113080000,9751,3250,6501,3250,0,1,3252,2952822
168,3250,1200,2300,2760000,2,26006,6503,1,113080000,113080000,9751,3250,6501,3250,0,1,3252,272488
168,3250,1200,2300,2760000,2,26006,6503,1,113080000,113080000,9751,3250,6501,3250,0,1,3252,270159
168,3250,1200,2300,2760000,2,26006,6503,1,113080000,113080000,9751,3250,6501,3250,0,1,3252,276495
168,3250,1200,2300,2760000,2,26006,6503,1,113080000,113080000,9751,3250,6501,3250,0,1,3252,275289
168,3250,1200,2300,2760000,2,26006,6503,1,113080000,113080000,9751,3250,6501,3250,0,1,3252,290631
168,3250,1200,2300,2760000,2,26006,6503,1,113080000,113080000,9751,3250,6501,3250,0,1,3252,290167

168,3650,1200,2300,2760000,2,29206,7303,1,124280000,124280000,10951,3650,7301,3650,0,1,3652,3081318
168,3650,1200,2300,2760000,2,29206,7303,1,124280000,124280000,10951,3650,7301,3650,0,1,3652,297573
168,3650,1200,2300,2760000,2,29206,7303,1,124280000,124280000,10951,3650,7301,3650,0,1,3652,300263
168,3650,1200,2300,2760000,2,29206,7303,1,124280000,124280000,10951,3650,7301,3650,0,1,3652,299926
168,3650,1200,2300,2760000,2,29206,7303,1,124280000,124280000,10951,3650,7301,3650,0,1,3652,299411
168,3650,1200,2300,2760000,2,29206,7303,1,124280000,124280000,10951,3650,7301,3650,0,1,3652,327913
168,3650,1200,2300,2760000,2,29206,7303,1,124280000,124280000,10951,3650,7301,3650,0,1,3652,328388

168,4050,1200,2300,2760000,2,32406,8103,1,135480000,135480000,12151,4050,8101,4050,0,1,4052,3572141
168,4050,1200,2300,2760000,2,32406,8103,1,135480000,135480000,12151,4050,8101,4050,0,1,4052,322527
168,4050,1200,2300,2760000,2,32406,8103,1,135480000,135480000,12151,4050,8101,4050,0,1,4052,321411
168,4050,1200,2300,2760000,2,32406,8103,1,135480000,135480000,12151,4050,8101,4050,0,1,4052,320188
168,4050,1200,2300,2760000,2,32406,8103,1,135480000,135480000,12151,4050,8101,4050,0,1,4052,321923
168,4050,1200,2300,2760000,2,32406,8103,1,135480000,135480000,12151,4050,8101,4050,0,1,4052,370152
168,4050,1200,2300,2760000,2,32406,8103,1,135480000,135480000,12151,4050,8101,4050,0,1,4052,369668

168,4450,1200,2300,2760000,2,35606,8903,1,146680000,146680000,13351,4450,8901,4450,0,1,4452,3950224
168,4450,1200,2300,2760000,2,35606,8903,1,146680000,146680000,13351,4450,8901,4450,0,1,4452,357931
168,4450,1200,2300,2760000,2,35606,8903,1,146680000,146680000,13351,4450,8901,4450,0,1,4452,355402
168,4450,1200,2300,2760000,2,35606,8903,1,146680000,146680000,13351,4450,8901,4450,0,1,4452,357376
168,4450,1200,2300,2760000,2,35606,8903,1,146680000,146680000,13351,4450,8901,4450,0,1,4452,358305
168,4450,1200,2300,2760000,2,35606,8903,1,146680000,146680000,13351,4450,8901,4450,0,1,4452,390492
168,4450,1200,2300,2760000,2,35606,8903,1,146680000,146680000,13351,4450,8901,4450,0,1,4452,389165

168,4850,1200,2300,2760000,2,38806,9703,1,157880000,157880000,14551,4850,9701,4850,0,1,4852,4186030
168,4850,1200,2300,2760000,2,38806,9703,1,157880000,157880000,14551,4850,9701,4850,0,1,4852,426986
168,4850,1200,2300,2760000,2,38806,9703,1,157880000,157880000,14551,4850,9701,4850,0,1,4852,429673
168,4850,1200,2300,2760000,2,38806,9703,1,157880000,157880000,14551,4850,9701,4850,0,1,4852,430663
168,4850,1200,2300,2760000,2,38806,9703,1,157880000,157880000,14551,4850,9701,4850,0,1,4852,428826
168,4850,1200,2300,2760000,2,38806,9703,1,157880000,157880000,14551,4850,9701,4850,0,1,4852,432584
168,4850,1200,2300,2760000,2,38806,9703,1,157880000,157880000,14551,4850,9701,4850,0,1,4852,432066

168,5250,1200,2300,2760000,2,42006,10503,1,169080000,169080000,15751,5250,10501,5250,0,1,5252,4721949
168,5250,1200,2300,2760000,2,42006,10503,1,169080000,169080000,15751,5250,10501,5250,0,1,5252,409227
168,5250,1200,2300,2760000,2,42006,10503,1,169080000,169080000,15751,5250,10501,5250,0,1,5252,408640
168,5250,1200,2300,2760000,2,42006,10503,1,169080000,169080000,15751,5250,10501,5250,0,1,5252,407033
168,5250,1200,2300,2760000,2,42006,10503,1,169080000,169080000,15751,5250,10501,5250,0,1,5252,409643
168,5250,1200,2300,2760000,2,42006,10503,1,169080000,169080000,15751,5250,10501,5250,0,1,5252,492853
168,5250,1200,2300,2760000,2,42006,10503,1,169080000,169080000,15751,5250,10501,5250,0,1,5252,493392

168,5650,1200,2300,2760000,2,45206,11303,1,180280000,180280000,16951,5650,11301,5650,0,1,5652,5127862
168,5650,1200,2300,2760000,2,45206,11303,1,180280000,180280000,16951,5650,11301,5650,0,1,5652,442994
168,5650,1200,2300,2760000,2,45206,11303,1,180280000,180280000,16951,5650,11301,5650,0,1,5652,447428
168,5650,1200,2300,2760000,2,45206,11303,1,180280000,180280000,16951,5650,11301,5650,0,1,5652,448156
168,5650,1200,2300,2760000,2,45206,11303,1,180280000,180280000,16951,5650,11301,5650,0,1,5652,466641
168,5650,1200,2300,2760000,2,45206,11303,1,180280000,180280000,16951,5650,11301,5650,0,1,5652,494175
168,5650,1200,2300,2760000,2,45206,11303,1,180280000,180280000,16951,5650,11301,5650,0,1,5652,492777

168,6050,1200,2300,2760000,2,48406,12103,1,191480000,191480000,18151,6050,12101,6050,0,1,6052,5465000
168,6050,1200,2300,2760000,2,48406,12103,1,191480000,191480000,18151,6050,12101,6050,0,1,6052,490404
168,6050,1200,2300,2760000,2,48406,12103,1,191480000,191480000,18151,6050,12101,6050,0,1,6052,483965
168,6050,1200,2300,2760000,2,48406,12103,1,191480000,191480000,18151,6050,12101,6050,0,1,6052,471525
168,6050,1200,2300,2760000,2,48406,12103,1,191480000,191480000,18151,6050,12101,6050,0,1,6052,472800
168,6050,1200,2300,2760000,2,48406,12103,1,191480000,191480000,18151,6050,12101,6050,0,1,6052,581423
168,6050,1200,2300,2760000,2,48406,12103,1,191480000,191480000,18151,6050,12101,6050,0,1,6052,575052

168,6450,1200,2300,2760000,2,51606,12903,1,202680000,202680000,19351,6450,12901,6450,0,1,6452,5900694
168,6450,1200,2300,2760000,2,51606,12903,1,202680000,202680000,19351,6450,12901,6450,0,1,6452,496750
168,6450,1200,2300,2760000,2,51606,12903,1,202680000,202680000,19351,6450,12901,6450,0,1,6452,495985
168,6450,1200,2300,2760000,2,51606,12903,1,202680000,202680000,19351,6450,12901,6450,0,1,6452,497447
168,6450,1200,2300,2760000,2,51606,12903,1,202680000,202680000,19351,6450,12901,6450,0,1,6452,493931
168,6450,1200,2300,2760000,2,51606,12903,1,202680000,202680000,19351,6450,12901,6450,0,1,6452,572117
168,6450,1200,2300,2760000,2,51606,12903,1,202680000,202680000,19351,6450,12901,6450,0,1,6452,572809

168,6850,1200,2300,2760000,2,54806,13703,1,213880000,213880000,20551,6850,13701,6850,0,1,6852,6306049
168,6850,1200,2300,2760000,2,54806,13703,1,213880000,213880000,20551,6850,13701,6850,0,1,6852,533371
168,6850,1200,2300,2760000,2,54806,13703,1,213880000,213880000,20551,6850,13701,6850,0,1,6852,529174
168,6850,1200,2300,2760000,2,54806,13703,1,213880000,213880000,20551,6850,13701,6850,0,1,6852,536254
168,6850,1200,2300,2760000,2,54806,13703,1,213880000,213880000,20551,6850,13701,6850,0,1,6852,532629
168,6850,1200,2300,2760000,2,54806,13703,1,213880000,213880000,20551,6850,13701,6850,0,1,6852,606886
168,6850,1200,2300,2760000,2,54806,13703,1,213880000,213880000,20551,6850,13701,6850,0,1,6852,606303

168,50,1200,1900,2280000,2,406,103,1,19480000,19480000,151,50,101,50,0,1,52,27162
168,50,1200,1900,2280000,2,406,103,1,19480000,19480000,151,50,101,50,0,1,52,23585
168,50,1200,1900,2280000,2,406,103,1,19480000,19480000,151,50,101,50,0,1,52,28524
168,50,1200,1900,2280000,2,406,103,1,19480000,19480000,151,50,101,50,0,1,52,29929
168,50,1200,1900,2280000,2,406,103,1,19480000,19480000,151,50,101,50,0,1,52,29258
168,50,1200,1900,2280000,2,406,103,1,19480000,19480000,151,50,101,50,0,1,52,33747
168,50,1200,1900,2280000,2,406,103,1,19480000,19480000,151,50,101,50,0,1,52,34241

168,450,1200,1900,2280000,2,3606,903,1,29400000,29400000,1351,450,901,450,0,1,452,261832
168,450,1200,1900,2280000,2,3606,903,1,29400000,29400000,1351,450,901,450,0,1,452,56190
168,450,1200,1900,2280000,2,3606,903,1,29400000,29400000,1351,450,901,450,0,1,452,52952
168,450,1200,1900,2280000,2,3606,903,1,29400000,29400000,1351,450,901,450,0,1,452,56670
168,450,1200,1900,2280000,2,3606,903,1,29400000,29400000,1351,450,901,450,0,1,452,54372
168,450,1200,1900,2280000,2,3606,903,1,29400000,29400000,1351,450,901,450,0,1,452,63049
168,450,1200,1900,2280000,2,3606,903,1,29400000,29400000,1351,450,901,450,0,1,452,60768

168,850,1200,1900,2280000,2,6806,1703,1,39320000,39320000,2551,850,1701,850,0,1,852,527459
168,850,1200,1900,2280000,2,6806,1703,1,39320000,39320000,2551,850,1701,850,0,1,852,81237
168,850,1200,1900,2280000,2,6806,1703,1,39320000,39320000,2551,850,1701,850,0,1,852,79488
168,850,1200,1900,2280000,2,6806,1703,1,39320000,39320000,2551,850,1701,850,0,1,852,80783
168,850,1200,1900,2280000,2,6806,1703,1,39320000,39320000,2551,850,1701,850,0,1,852,81469
168,850,1200,1900,2280000,2,6806,1703,1,39320000,39320000,2551,850,1701,850,0,1,852,89532
168,850,1200,1900,2280000,2,6806,1703,1,39320000,39320000,2551,850,1701,850,0,1,852,90052

168,1250,1200,1900,2280000,2,10006,2503,1,49240000,49240000,3751,1250,2501,1250,0,1,1252,824100
168,1250,1200,1900,2280000,2,10006,2503,1,49240000,49240000,3751,1250,2501,1250,0,1,1252,106438
168,1250,1200,1900,2280000,2,10006,2503,1,49240000,49240000,3751,1250,2501,1250,0,1,1252,109005
168,1250,1200,1900,2280000,2,10006,2503,1,49240000,49240000,3751,1250,2501,1250,0,1,1252,108492
168,1250,1200,1900,2280000,2,10006,2503,1,49240000,49240000,3751,1250,2501,1250,0,1,1252,107871
168,1250,1200,1900,2280000,2,10006,2503,1,49240000,49240000,3751,1250,2501,1250,0,1,1252,117570
168,1250,1200,1900,2280000,2,10006,2503,1,49240000,49240000,3751,1250,2501,1250,0,1,1252,115399

168,1650,1200,1900,2280000,2,13206,3303,1,59160000,59160000,4951,1650,3301,1650,0,1,1652,1121159
168,1650,1200,1900,2280000,2,13206,3303,1,59160000,59160000,4951,1650,3301,1650,0,1,1652,129754
168,1650,1200,1900,2280000,2,13206,3303,1,59160000,59160000,4951,1650,3301,1650,0,1,1652,128129
168,1650,1200,1900,2280000,2,13206,3303,1,59160000,59160000,4951,1650,3301,1650,0,1,1652,129220
168,1650,1200,1900,2280000,2,13206,3303,1,59160000,59160000,4951,1650,3301,1650,0,1,1652,127017
168,1650,1200,1900,2280000,2,13206,3303,1,59160000,59160000,4951,1650,3301,1650,0,1,1652,142521
168,1650,1200,1900,2280000,2,13206,3303,1,59160000,59160000,4951,1650,3301,1650,0,1,1652,143081

168,2050,1200,1900,2280000,2,16406,4103,1,69080000,69080000,6151,2050,4101,2050,0,1,2052,1325781
168,2050,1200,1900,2280000,2,16406,4103,1,69080000,69080000,6151,2050,4101,2050,0,1,2052,155741
168,2050,1200,1900,2280000,2,16406,4103,1,69080000,69080000,6151,2050,4101,2050,0,1,2052,155431
168,2050,1200,1900,2280000,2,16406,4103,1,69080000,69080000,6151,2050,4101,2050,0,1,2052,154917
168,2050,1200,1900,2280000,2,16406,4103,1,69080000,69080000,6151,2050,4101,2050,0,1,2052,154318
168,2050,1200,1900,2280000,2,16406,4103,1,69080000,69080000,6151,2050,4101,2050,0,1,2052,177222
168,2050,1200,1900,2280000,2,16406,4103,1,69080000,69080000,6151,2050,4101,2050,0,1,2052,176648

168,2450,1200,1900,2280000,2,19606,4903,1,79000000,79000000,7351,2450,4901,2450,0,1,2452,1760542
168,2450,1200,1900,2280000,2,19606,4903,1,79000000,79000000,7351,2450,4901,2450,0,1,2452,181334
168,2450,1200,1900,2280000,2,19606,4903,1,79000000,79000000,7351,2450,4901,2450,0,1,2452,180155
168,2450,1200,1900,2280000,2,19606,4903,1,79000000,79000000,7351,2450,4901,2450,0,1,2452,181917
168,2450,1200,1900,2280000,2,19606,4903,1,79000000,79000000,7351,2450,4901,2450,0,1,2452,179011
168,2450,1200,1900,2280000,2,19606,4903,1,79000000,79000000,7351,2450,4901,2450,0,1,2452,198873
168,2450,1200,1900,2280000,2,19606,4903,1,79000000,79000000,7351,2450,4901,2450,0,1,2452,198271

168,2850,1200,1900,2280000,2,22806,5703,1,88920000,88920000,8551,2850,5701,2850,0,1,2852,2006097
168,2850,1200,1900,2280000,2,22806,5703,1,88920000,88920000,8551,2850,5701,2850,0,1,2852,209801
168,2850,1200,1900,2280000,2,22806,5703,1,88920000,88920000,8551,2850,5701,2850,0,1,2852,210744
168,2850,1200,1900,2280000,2,22806,5703,1,88920000,88920000,8551,2850,5701,2850,0,1,2852,211198
168,2850,1200,1900,2280000,2,22806,5703,1,88920000,88920000,8551,2850,5701,2850,0,1,2852,209225
168,2850,1200,1900,2280000,2,22806,5703,1,88920000,88920000,8551,2850,5701,2850,0,1,2852,213532
168,2850,1200,1900,2280000,2,22806,5703,1,88920000,88920000,8551,2850,5701,2850,0,1,2852,213070

168,3250,1200,1900,2280000,2,26006,6503,1,98840000,98840000,9751,3250,6501,3250,0,1,3252,2412949
168,3250,1200,1900,2280000,2,26006,6503,1,98840000,98840000,9751,3250,6501,3250,0,1,3252,238434
168,3250,1200,1900,2280000,2,26006,6503,1,98840000,98840000,9751,3250,6501,3250,0,1,3252,236468
168,3250,1200,1900,2280000,2,26006,6503,1,98840000,98840000,9751,3250,6501,3250,0,1,3252,239928
168,3250,1200,1900,2280000,2,26006,6503,1,98840000,98840000,9751,3250,6501,3250,0,1,3252,239336
168,3250,1200,1900,2280000,2,26006,6503,1,98840000,98840000,9751,3250,6501,3250,0,1,3252,241111
168,3250,1200,1900,2280000,2,26006,6503,1,98840000,98840000,9751,3250,6501,3250,0,1,3252,241583

168,3650,1200,1900,2280000,2,29206,7303,1,108760000,108760000,10951,3650,7301,3650,0,1,3652,2658444
168,3650,1200,1900,2280000,2,29206,7303,1,108760000,108760000,10951,3650,7301,3650,0,1,3652,252290
168,3650,1200,1900,2280000,2,29206,7303,1,108760000,108760000,10951,3650,7301,3650,0,1,3652,254125
168,3650,1200,1900,2280000,2,29206,7303,1,108760000,108760000,10951,3650,7301,3650,0,1,3652,253792
168,3650,1200,1900,2280000,2,29206,7303,1,108760000,108760000,10951,3650,7301,3650,0,1,3652,253263
168,3650,1200,1900,2280000,2,29206,7303,1,108760000,108760000,10951,3650,7301,3650,0,1,3652,275727
168,3650,1200,1900,2280000,2,29206,7303,1,108760000,108760000,10951,3650,7301,3650,0,1,3652,276201

168,4050,1200,1900,2280000,2,32406,8103,1,118680000,118680000,12151,4050,8101,4050,0,1,4052,2879197
168,4050,1200,1900,2280000,2,32406,8103,1,118680000,118680000,12151,4050,8101,4050,0,1,4052,275983
168,4050,1200,1900,2280000,2,32406,8103,1,118680000,118680000,12151,4050,8101,4050,0,1,4052,273646
168,4050,1200,1900,2280000,2,32406,8103,1,118680000,118680000,12151,4050,8101,4050,0,1,4052,275310
168,4050,1200,1900,2280000,2,32406,8103,1,118680000,118680000,12151,4050,8101,4050,0,1,4052,276589
168,4050,1200,1900,2280000,2,32406,8103,1,118680000,118680000,12151,4050,8101,4050,0,1,4052,308454
168,4050,1200,1900,2280000,2,32406,8103,1,118680000,118680000,12151,4050,8101,4050,0,1,4052,307896

168,4450,1200,1900,2280000,2,35606,8903,1,128600000,128600000,13351,4450,8901,4450,0,1,4452,3320909
168,4450,1200,1900,2280000,2,35606,8903,1,128600000,128600000,13351,4450,8901,4450,0,1,4452,299501
168,4450,1200,1900,2280000,2,35606,8903,1,128600000,128600000,13351,4450,8901,4450,0,1,4452,298185
168,4450,1200,1900,2280000,2,35606,8903,1,128600000,128600000,13351,4450,8901,4450,0,1,4452,296476
168,4450,1200,1900,2280000,2,35606,8903,1,128600000,128600000,13351,4450,8901,4450,0,1,4452,298884
168,4450,1200,1900,2280000,2,35606,8903,1,128600000,128600000,13351,4450,8901,4450,0,1,4452,331068
168,4450,1200,1900,2280000,2,35606,8903,1,128600000,128600000,13351,4450,8901,4450,0,1,4452,330561

168,4850,1200,1900,2280000,2,38806,9703,1,138520000,138520000,14551,4850,9701,4850,0,1,4852,3637819
168,4850,1200,1900,2280000,2,38806,9703,1,138520000,138520000,14551,4850,9701,4850,0,1,4852,322487
168,4850,1200,1900,2280000,2,38806,9703,1,138520000,138520000,14551,4850,9701,4850,0,1,4852,324720
168,4850,1200,1900,2280000,2,38806,9703,1,138520000,138520000,14551,4850,9701,4850,0,1,4852,325404
168,4850,1200,1900,2280000,2,38806,9703,1,138520000,138520000,14551,4850,9701,4850,0,1,4852,330579
168,4850,1200,1900,2280000,2,38806,9703,1,138520000,138520000,14551,4850,9701,4850,0,1,4852,356251
168,4850,1200,1900,2280000,2,38806,9703,1,138520000,138520000,14551,4850,9701,4850,0,1,4852,355740

168,5250,1200,1900,2280000,2,42006,10503,1,148440000,148440000,15751,5250,10501,5250,0,1,5252,3802119
168,5250,1200,1900,2280000,2,42006,10503,1,148440000,148440000,15751,5250,10501,5250,0,1,5252,353838
168,5250,1200,1900,2280000,2,42006,10503,1,148440000,148440000,15751,5250,10501,5250,0,1,5252,350681
168,5250,1200,1900,2280000,2,42006,10503,1,148440000,148440000,15751,5250,10501,5250,0,1,5252,349914
168,5250,1200,1900,2280000,2,42006,10503,1,148440000,148440000,15751,5250,10501,5250,0,1,5252,351488
168,5250,1200,1900,2280000,2,42006,10503,1,148440000,148440000,15751,5250,10501,5250,0,1,5252,419995
168,5250,1200,1900,2280000,2,42006,10503,1,148440000,148440000,15751,5250,10501,5250,0,1,5252,397411

168,5650,1200,1900,2280000,2,45206,11303,1,158360000,158360000,16951,5650,11301,5650,0,1,5652,4255754
168,5650,1200,1900,2280000,2,45206,11303,1,158360000,158360000,16951,5650,11301,5650,0,1,5652,386699
168,5650,1200,1900,2280000,2,45206,11303,1,158360000,158360000,16951,5650,11301,5650,0,1,5652,388342
168,5650,1200,1900,2280000,2,45206,11303,1,158360000,158360000,16951,5650,11301,5650,0,1,5652,375587
168,5650,1200,1900,2280000,2,45206,11303,1,158360000,158360000,16951,5650,11301,5650,0,1,5652,383557
168,5650,1200,1900,2280000,2,45206,11303,1,158360000,158360000,16951,5650,11301,5650,0,1,5652,417678
168,5650,1200,1900,2280000,2,45206,11303,1,158360000,158360000,16951,5650,11301,5650,0,1,5652,436906

168,6050,1200,1900,2280000,2,48406,12103,1,168280000,168280000,18151,6050,12101,6050,0,1,6052,4342629
168,6050,1200,1900,2280000,2,48406,12103,1,168280000,168280000,18151,6050,12101,6050,0,1,6052,388828
168,6050,1200,1900,2280000,2,48406,12103,1,168280000,168280000,18151,6050,12101,6050,0,1,6052,389867
168,6050,1200,1900,2280000,2,48406,12103,1,168280000,168280000,18151,6050,12101,6050,0,1,6052,386790
168,6050,1200,1900,2280000,2,48406,12103,1,168280000,168280000,18151,6050,12101,6050,0,1,6052,389434
168,6050,1200,1900,2280000,2,48406,12103,1,168280000,168280000,18151,6050,12101,6050,0,1,6052,464243
168,6050,1200,1900,2280000,2,48406,12103,1,168280000,168280000,18151,6050,12101,6050,0,1,6052,463685

168,6450,1200,1900,2280000,2,51606,12903,1,178200000,178200000,19351,6450,12901,6450,0,1,6452,4871693
168,6450,1200,1900,2280000,2,51606,12903,1,178200000,178200000,19351,6450,12901,6450,0,1,6452,426154
168,6450,1200,1900,2280000,2,51606,12903,1,178200000,178200000,19351,6450,12901,6450,0,1,6452,425395
168,6450,1200,1900,2280000,2,51606,12903,1,178200000,178200000,19351,6450,12901,6450,0,1,6452,435789
168,6450,1200,1900,2280000,2,51606,12903,1,178200000,178200000,19351,6450,12901,6450,0,1,6452,421109
168,6450,1200,1900,2280000,2,51606,12903,1,178200000,178200000,19351,6450,12901,6450,0,1,6452,495115
168,6450,1200,1900,2280000,2,51606,12903,1,178200000,178200000,19351,6450,12901,6450,0,1,6452,495687

168,6850,1200,1900,2280000,2,54806,13703,1,188120000,188120000,20551,6850,13701,6850,0,1,6852,4988928
168,6850,1200,1900,2280000,2,54806,13703,1,188120000,188120000,20551,6850,13701,6850,0,1,6852,439715
168,6850,1200,1900,2280000,2,54806,13703,1,188120000,188120000,20551,6850,13701,6850,0,1,6852,440840
168,6850,1200,1900,2280000,2,54806,13703,1,188120000,188120000,20551,6850,13701,6850,0,1,6852,436515
168,6850,1200,1900,2280000,2,54806,13703,1,188120000,188120000,20551,6850,13701,6850,0,1,6852,440357
168,6850,1200,1900,2280000,2,54806,13703,1,188120000,188120000,20551,6850,13701,6850,0,1,6852,520246
168,6850,1200,1900,2280000,2,54806,13703,1,188120000,188120000,20551,6850,13701,6850,0,1,6852,520833

168,50,1200,1500,1800000,2,406,103,1,15480000,15480000,151,50,101,50,0,1,52,22627
168,50,1200,1500,1800000,2,406,103,1,15480000,15480000,151,50,101,50,0,1,52,24838
168,50,1200,1500,1800000,2,406,103,1,15480000,15480000,151,50,101,50,0,1,52,20953
168,50,1200,1500,1800000,2,406,103,1,15480000,15480000,151,50,101,50,0,1,52,24056
168,50,1200,1500,1800000,2,406,103,1,15480000,15480000,151,50,101,50,0,1,52,25692
168,50,1200,1500,1800000,2,406,103,1,15480000,15480000,151,50,101,50,0,1,52,27414
168,50,1200,1500,1800000,2,406,103,1,15480000,15480000,151,50,101,50,0,1,52,29539

168,450,1200,1500,1800000,2,3606,903,1,24120000,24120000,1351,450,901,450,0,1,452,207333
168,450,1200,1500,1800000,2,3606,903,1,24120000,24120000,1351,450,901,450,0,1,452,86715
168,450,1200,1500,1800000,2,3606,903,1,24120000,24120000,1351,450,901,450,0,1,452,85650
168,450,1200,1500,1800000,2,3606,903,1,24120000,24120000,1351,450,901,450,0,1,452,86354
168,450,1200,1500,1800000,2,3606,903,1,24120000,24120000,1351,450,901,450,0,1,452,87858
168,450,1200,1500,1800000,2,3606,903,1,24120000,24120000,1351,450,901,450,0,1,452,88466
168,450,1200,1500,1800000,2,3606,903,1,24120000,24120000,1351,450,901,450,0,1,452,88231

168,850,1200,1500,1800000,2,6806,1703,1,32760000,32760000,2551,850,1701,850,0,1,852,397190
168,850,1200,1500,1800000,2,6806,1703,1,32760000,32760000,2551,850,1701,850,0,1,852,62411
168,850,1200,1500,1800000,2,6806,1703,1,32760000,32760000,2551,850,1701,850,0,1,852,61854
168,850,1200,1500,1800000,2,6806,1703,1,32760000,32760000,2551,850,1701,850,0,1,852,64398
168,850,1200,1500,1800000,2,6806,1703,1,32760000,32760000,2551,850,1701,850,0,1,852,63903
168,850,1200,1500,1800000,2,6806,1703,1,32760000,32760000,2551,850,1701,850,0,1,852,75287
168,850,1200,1500,1800000,2,6806,1703,1,32760000,32760000,2551,850,1701,850,0,1,852,72187

168,1250,1200,1500,1800000,2,10006,2503,1,41400000,41400000,3751,1250,2501,1250,0,1,1252,624099
168,1250,1200,1500,1800000,2,10006,2503,1,41400000,41400000,3751,1250,2501,1250,0,1,1252,92685
168,1250,1200,1500,1800000,2,10006,2503,1,41400000,41400000,3751,1250,2501,1250,0,1,1252,89962
168,1250,1200,1500,1800000,2,10006,2503,1,41400000,41400000,3751,1250,2501,1250,0,1,1252,93091
168,1250,1200,1500,1800000,2,10006,2503,1,41400000,41400000,3751,1250,2501,1250,0,1,1252,92066
168,1250,1200,1500,1800000,2,10006,2503,1,41400000,41400000,3751,1250,2501,1250,0,1,1252,100343
168,1250,1200,1500,1800000,2,10006,2503,1,41400000,41400000,3751,1250,2501,1250,0,1,1252,99648

168,1650,1200,1500,1800000,2,13206,3303,1,50040000,50040000,4951,1650,3301,1650,0,1,1652,850392
168,1650,1200,1500,1800000,2,13206,3303,1,50040000,50040000,4951,1650,3301,1650,0,1,1652,106244
168,1650,1200,1500,1800000,2,13206,3303,1,50040000,50040000,4951,1650,3301,1650,0,1,1652,112612
168,1650,1200,1500,1800000,2,13206,3303,1,50040000,50040000,4951,1650,3301,1650,0,1,1652,112186
168,1650,1200,1500,1800000,2,13206,3303,1,50040000,50040000,4951,1650,3301,1650,0,1,1652,111551
168,1650,1200,1500,1800000,2,13206,3303,1,50040000,50040000,4951,1650,3301,1650,0,1,1652,122919
168,1650,1200,1500,1800000,2,13206,3303,1,50040000,50040000,4951,1650,3301,1650,0,1,1652,122201

168,2050,1200,1500,1800000,2,16406,4103,1,58680000,58680000,6151,2050,4101,2050,0,1,2052,1068257
168,2050,1200,1500,1800000,2,16406,4103,1,58680000,58680000,6151,2050,4101,2050,0,1,2052,132075
168,2050,1200,1500,1800000,2,16406,4103,1,58680000,58680000,6151,2050,4101,2050,0,1,2052,132586
168,2050,1200,1500,1800000,2,16406,4103,1,58680000,58680000,6151,2050,4101,2050,0,1,2052,131472
168,2050,1200,1500,1800000,2,16406,4103,1,58680000,58680000,6151,2050,4101,2050,0,1,2052,132879
168,2050,1200,1500,1800000,2,16406,4103,1,58680000,58680000,6151,2050,4101,2050,0,1,2052,145166
168,2050,1200,1500,1800000,2,16406,4103,1,58680000,58680000,6151,2050,4101,2050,0,1,2052,145760

168,2450,1200,1500,1800000,2,19606,4903,1,67320000,67320000,7351,2450,4901,2450,0,1,2452,1274016
168,2450,1200,1500,1800000,2,19606,4903,1,67320000,67320000,7351,2450,4901,2450,0,1,2452,147893
168,2450,1200,1500,1800000,2,19606,4903,1,67320000,67320000,7351,2450,4901,2450,0,1,2452,146733
168,2450,1200,1500,1800000,2,19606,4903,1,67320000,67320000,7351,2450,4901,2450,0,1,2452,147354
168,2450,1200,1500,1800000,2,19606,4903,1,67320000,67320000,7351,2450,4901,2450,0,1,2452,148214
168,2450,1200,1500,1800000,2,19606,4903,1,67320000,67320000,7351,2450,4901,2450,0,1,2452,164694
168,2450,1200,1500,1800000,2,19606,4903,1,67320000,67320000,7351,2450,4901,2450,0,1,2452,165300

168,2850,1200,1500,1800000,2,22806,5703,1,75960000,75960000,8551,2850,5701,2850,0,1,2852,1527576
168,2850,1200,1500,1800000,2,22806,5703,1,75960000,75960000,8551,2850,5701,2850,0,1,2852,174531
168,2850,1200,1500,1800000,2,22806,5703,1,75960000,75960000,8551,2850,5701,2850,0,1,2852,175410
168,2850,1200,1500,1800000,2,22806,5703,1,75960000,75960000,8551,2850,5701,2850,0,1,2852,173866
168,2850,1200,1500,1800000,2,22806,5703,1,75960000,75960000,8551,2850,5701,2850,0,1,2852,175076
168,2850,1200,1500,1800000,2,22806,5703,1,75960000,75960000,8551,2850,5701,2850,0,1,2852,195453
168,2850,1200,1500,1800000,2,22806,5703,1,75960000,75960000,8551,2850,5701,2850,0,1,2852,194828

168,3250,1200,1500,1800000,2,26006,6503,1,84600000,84600000,9751,3250,6501,3250,0,1,3252,1818353
168,3250,1200,1500,1800000,2,26006,6503,1,84600000,84600000,9751,3250,6501,3250,0,1,3252,188259
168,3250,1200,1500,1800000,2,26006,6503,1,84600000,84600000,9751,3250,6501,3250,0,1,3252,187185
168,3250,1200,1500,1800000,2,26006,6503,1,84600000,84600000,9751,3250,6501,3250,0,1,3252,186015
168,3250,1200,1500,1800000,2,26006,6503,1,84600000,84600000,9751,3250,6501,3250,0,1,3252,187655
168,3250,1200,1500,1800000,2,26006,6503,1,84600000,84600000,9751,3250,6501,3250,0,1,3252,205392
168,3250,1200,1500,1800000,2,26006,6503,1,84600000,84600000,9751,3250,6501,3250,0,1,3252,205862

168,3650,1200,1500,1800000,2,29206,7303,1,93240000,93240000,10951,3650,7301,3650,0,1,3652,2070364
168,3650,1200,1500,1800000,2,29206,7303,1,93240000,93240000,10951,3650,7301,3650,0,1,3652,215650
168,3650,1200,1500,1800000,2,29206,7303,1,93240000,93240000,10951,3650,7301,3650,0,1,3652,218928
168,3650,1200,1500,1800000,2,29206,7303,1,93240000,93240000,10951,3650,7301,3650,0,1,3652,217711
168,3650,1200,1500,1800000,2,29206,7303,1,93240000,93240000,10951,3650,7301,3650,0,1,3652,218470
168,3650,1200,1500,1800000,2,29206,7303,1,93240000,93240000,10951,3650,7301,3650,0,1,3652,221240
168,3650,1200,1500,1800000,2,29206,7303,1,93240000,93240000,10951,3650,7301,3650,0,1,3652,221720

168,4050,1200,1500,1800000,2,32406,8103,1,101880000,101880000,12151,4050,8101,4050,0,1,4052,2293324
168,4050,1200,1500,1800000,2,32406,8103,1,101880000,101880000,12151,4050,8101,4050,0,1,4052,224839
168,4050,1200,1500,1800000,2,32406,8103,1,101880000,101880000,12151,4050,8101,4050,0,1,4052,224304
168,4050,1200,1500,1800000,2,32406,8103,1,101880000,101880000,12151,4050,8101,4050,0,1,4052,225194
168,4050,1200,1500,1800000,2,32406,8103,1,101880000,101880000,12151,4050,8101,4050,0,1,4052,222595
168,4050,1200,1500,1800000,2,32406,8103,1,101880000,101880000,12151,4050,8101,4050,0,1,4052,249490
168,4050,1200,1500,1800000,2,32406,8103,1,101880000,101880000,12151,4050,8101,4050,0,1,4052,249006

168,4450,1200,1500,1800000,2,35606,8903,1,110520000,110520000,13351,4450,8901,4450,0,1,4452,2598315
168,4450,1200,1500,1800000,2,35606,8903,1,110520000,110520000,13351,4450,8901,4450,0,1,4452,246757
168,4450,1200,1500,1800000,2,35606,8903,1,110520000,110520000,13351,4450,8901,4450,0,1,4452,245113
168,4450,1200,1500,1800000,2,35606,8903,1,110520000,110520000,13351,4450,8901,4450,0,1,4452,247370
168,4450,1200,1500,1800000,2,35606,8903,1,110520000,110520000,13351,4450,8901,4450,0,1,4452,246283
168,4450,1200,1500,1800000,2,35606,8903,1,110520000,110520000,13351,4450,8901,4450,0,1,4452,271664
168,4450,1200,1500,1800000,2,35606,8903,1,110520000,110520000,13351,4450,8901,4450,0,1,4452,271164

168,4850,1200,1500,1800000,2,38806,9703,1,119160000,119160000,14551,4850,9701,4850,0,1,4852,2847610
168,4850,1200,1500,1800000,2,38806,9703,1,119160000,119160000,14551,4850,9701,4850,0,1,4852,268139
168,4850,1200,1500,1800000,2,38806,9703,1,119160000,119160000,14551,4850,9701,4850,0,1,4852,267452
168,4850,1200,1500,1800000,2,38806,9703,1,119160000,119160000,14551,4850,9701,4850,0,1,4852,266646
168,4850,1200,1500,1800000,2,38806,9703,1,119160000,119160000,14551,4850,9701,4850,0,1,4852,276050
168,4850,1200,1500,1800000,2,38806,9703,1,119160000,119160000,14551,4850,9701,4850,0,1,4852,309757
168,4850,1200,1500,1800000,2,38806,9703,1,119160000,119160000,14551,4850,9701,4850,0,1,4852,309247

168,5250,1200,1500,1800000,2,42006,10503,1,127800000,127800000,15751,5250,10501,5250,0,1,5252,3039448
168,5250,1200,1500,1800000,2,42006,10503,1,127800000,127800000,15751,5250,10501,5250,0,1,5252,297892
168,5250,1200,1500,1800000,2,42006,10503,1,127800000,127800000,15751,5250,10501,5250,0,1,5252,286584
168,5250,1200,1500,1800000,2,42006,10503,1,127800000,127800000,15751,5250,10501,5250,0,1,5252,289101
168,5250,1200,1500,1800000,2,42006,10503,1,127800000,127800000,15751,5250,10501,5250,0,1,5252,291733
168,5250,1200,1500,1800000,2,42006,10503,1,127800000,127800000,15751,5250,10501,5250,0,1,5252,336618
168,5250,1200,1500,1800000,2,42006,10503,1,127800000,127800000,15751,5250,10501,5250,0,1,5252,317379

168,5650,1200,1500,1800000,2,45206,11303,1,136440000,136440000,16951,5650,11301,5650,0,1,5652,3335286
168,5650,1200,1500,1800000,2,45206,11303,1,136440000,136440000,16951,5650,11301,5650,0,1,5652,306409
168,5650,1200,1500,1800000,2,45206,11303,1,136440000,136440000,16951,5650,11301,5650,0,1,5652,305396
168,5650,1200,1500,1800000,2,45206,11303,1,136440000,136440000,16951,5650,11301,5650,0,1,5652,304379
168,5650,1200,1500,1800000,2,45206,11303,1,136440000,136440000,16951,5650,11301,5650,0,1,5652,305989
168,5650,1200,1500,1800000,2,45206,11303,1,136440000,136440000,16951,5650,11301,5650,0,1,5652,354503
168,5650,1200,1500,1800000,2,45206,11303,1,136440000,136440000,16951,5650,11301,5650,0,1,5652,355026

168,6050,1200,1500,1800000,2,48406,12103,1,145080000,145080000,18151,6050,12101,6050,0,1,6052,3382598
168,6050,1200,1500,1800000,2,48406,12103,1,145080000,145080000,18151,6050,12101,6050,0,1,6052,321227
168,6050,1200,1500,1800000,2,48406,12103,1,145080000,145080000,18151,6050,12101,6050,0,1,6052,330879
168,6050,1200,1500,1800000,2,48406,12103,1,145080000,145080000,18151,6050,12101,6050,0,1,6052,321913
168,6050,1200,1500,1800000,2,48406,12103,1,145080000,145080000,18151,6050,12101,6050,0,1,6052,322392
168,6050,1200,1500,1800000,2,48406,12103,1,145080000,145080000,18151,6050,12101,6050,0,1,6052,385069
168,6050,1200,1500,1800000,2,48406,12103,1,145080000,145080000,18151,6050,12101,6050,0,1,6052,402917

168,6450,1200,1500,1800000,2,51606,12903,1,153720000,153720000,19351,6450,12901,6450,0,1,6452,3473983
168,6450,1200,1500,1800000,2,51606,12903,1,153720000,153720000,19351,6450,12901,6450,0,1,6452,339606
168,6450,1200,1500,1800000,2,51606,12903,1,153720000,153720000,19351,6450,12901,6450,0,1,6452,340479
168,6450,1200,1500,1800000,2,51606,12903,1,153720000,153720000,19351,6450,12901,6450,0,1,6452,338960
168,6450,1200,1500,1800000,2,51606,12903,1,153720000,153720000,19351,6450,12901,6450,0,1,6452,341367
168,6450,1200,1500,1800000,2,51606,12903,1,153720000,153720000,19351,6450,12901,6450,0,1,6452,403437
168,6450,1200,1500,1800000,2,51606,12903,1,153720000,153720000,19351,6450,12901,6450,0,1,6452,404011

168,6850,1200,1500,1800000,2,54806,13703,1,162360000,162360000,20551,6850,13701,6850,0,1,6852,3822468
168,6850,1200,1500,1800000,2,54806,13703,1,162360000,162360000,20551,6850,13701,6850,0,1,6852,368143
168,6850,1200,1500,1800000,2,54806,13703,1,162360000,162360000,20551,6850,13701,6850,0,1,6852,363073
168,6850,1200,1500,1800000,2,54806,13703,1,162360000,162360000,20551,6850,13701,6850,0,1,6852,379744
168,6850,1200,1500,1800000,2,54806,13703,1,162360000,162360000,20551,6850,13701,6850,0,1,6852,368953
168,6850,1200,1500,1800000,2,54806,13703,1,162360000,162360000,20551,6850,13701,6850,0,1,6852,425105
168,6850,1200,1500,1800000,2,54806,13703,1,162360000,162360000,20551,6850,13701,6850,0,1,6852,424521

168,50,1200,1100,1320000,2,406,103,1,11480000,11480000,151,50,101,50,0,1,52,15568
168,50,1200,1100,1320000,2,406,103,1,11480000,11480000,151,50,101,50,0,1,52,18601
168,50,1200,1100,1320000,2,406,103,1,11480000,11480000,151,50,101,50,0,1,52,21966
168,50,1200,1100,1320000,2,406,103,1,11480000,11480000,151,50,101,50,0,1,52,20844
168,50,1200,1100,1320000,2,406,103,1,11480000,11480000,151,50,101,50,0,1,52,22807
168,50,1200,1100,1320000,2,406,103,1,11480000,11480000,151,50,101,50,0,1,52,24720
168,50,1200,1100,1320000,2,406,103,1,11480000,11480000,151,50,101,50,0,1,52,24230

168,450,1200,1100,1320000,2,3606,903,1,18840000,18840000,1351,450,901,450,0,1,452,149361
168,450,1200,1100,1320000,2,3606,903,1,18840000,18840000,1351,450,901,450,0,1,452,41760
168,450,1200,1100,1320000,2,3606,903,1,18840000,18840000,1351,450,901,450,0,1,452,40811
168,450,1200,1100,1320000,2,3606,903,1,18840000,18840000,1351,450,901,450,0,1,452,36781
168,450,1200,1100,1320000,2,3606,903,1,18840000,18840000,1351,450,901,450,0,1,452,39090
168,450,1200,1100,1320000,2,3606,903,1,18840000,18840000,1351,450,901,450,0,1,452,44279
168,450,1200,1100,1320000,2,3606,903,1,18840000,18840000,1351,450,901,450,0,1,452,43763

168,850,1200,1100,1320000,2,6806,1703,1,26200000,26200000,2551,850,1701,850,0,1,852,300327
168,850,1200,1100,1320000,2,6806,1703,1,26200000,26200000,2551,850,1701,850,0,1,852,50649
168,850,1200,1100,1320000,2,6806,1703,1,26200000,26200000,2551,850,1701,850,0,1,852,51920
168,850,1200,1100,1320000,2,6806,1703,1,26200000,26200000,2551,850,1701,850,0,1,852,52589
168,850,1200,1100,1320000,2,6806,1703,1,26200000,26200000,2551,850,1701,850,0,1,852,52361
168,850,1200,1100,1320000,2,6806,1703,1,26200000,26200000,2551,850,1701,850,0,1,852,60117
168,850,1200,1100,1320000,2,6806,1703,1,26200000,26200000,2551,850,1701,850,0,1,852,60641

168,1250,1200,1100,1320000,2,10006,2503,1,33560000,33560000,3751,1250,2501,1250,0,1,1252,443540
168,1250,1200,1100,1320000,2,10006,2503,1,33560000,33560000,3751,1250,2501,1250,0,1,1252,67434
168,1250,1200,1100,1320000,2,10006,2503,1,33560000,33560000,3751,1250,2501,1250,0,1,1252,68041
168,1250,1200,1100,1320000,2,10006,2503,1,33560000,33560000,3751,1250,2501,1250,0,1,1252,66066
168,1250,1200,1100,1320000,2,10006,2503,1,33560000,33560000,3751,1250,2501,1250,0,1,1252,68563
168,1250,1200,1100,1320000,2,10006,2503,1,33560000,33560000,3751,1250,2501,1250,0,1,1252,75731
168,1250,1200,1100,1320000,2,10006,2503,1,33560000,33560000,3751,1250,2501,1250,0,1,1252,75195

168,1650,1200,1100,1320000,2,13206,3303,1,40920000,40920000,4951,1650,3301,1650,0,1,1652,583906
168,1650,1200,1100,1320000,2,13206,3303,1,40920000,40920000,4951,1650,3301,1650,0,1,1652,84578
168,1650,1200,1100,1320000,2,13206,3303,1,40920000,40920000,4951,1650,3301,1650,0,1,1652,89834
168,1650,1200,1100,1320000,2,13206,3303,1,40920000,40920000,4951,1650,3301,1650,0,1,1652,89099
168,1650,1200,1100,1320000,2,13206,3303,1,40920000,40920000,4951,1650,3301,1650,0,1,1652,89572
168,1650,1200,1100,1320000,2,13206,3303,1,40920000,40920000,4951,1650,3301,1650,0,1,1652,97858
168,1650,1200,1100,1320000,2,13206,3303,1,40920000,40920000,4951,1650,3301,1650,0,1,1652,95752

168,2050,1200,1100,1320000,2,16406,4103,1,48280000,48280000,6151,2050,4101,2050,0,1,2052,752126
168,2050,1200,1100,1320000,2,16406,4103,1,48280000,48280000,6151,2050,4101,2050,0,1,2052,100349
168,2050,1200,1100,1320000,2,16406,4103,1,48280000,48280000,6151,2050,4101,2050,0,1,2052,100989
168,2050,1200,1100,1320000,2,16406,4103,1,48280000,48280000,6151,2050,4101,2050,0,1,2052,101540
168,2050,1200,1100,1320000,2,16406,4103,1,48280000,48280000,6151,2050,4101,2050,0,1,2052,98923
168,2050,1200,1100,1320000,2,16406,4103,1,48280000,48280000,6151,2050,4101,2050,0,1,2052,111205
168,2050,1200,1100,1320000,2,16406,4103,1,48280000,48280000,6151,2050,4101,2050,0,1,2052,110619

168,2450,1200,1100,1320000,2,19606,4903,1,55640000,55640000,7351,2450,4901,2450,0,1,2452,950247
168,2450,1200,1100,1320000,2,19606,4903,1,55640000,55640000,7351,2450,4901,2450,0,1,2452,119095
168,2450,1200,1100,1320000,2,19606,4903,1,55640000,55640000,7351,2450,4901,2450,0,1,2452,119609
168,2450,1200,1100,1320000,2,19606,4903,1,55640000,55640000,7351,2450,4901,2450,0,1,2452,119922
168,2450,1200,1100,1320000,2,19606,4903,1,55640000,55640000,7351,2450,4901,2450,0,1,2452,115669
168,2450,1200,1100,1320000,2,19606,4903,1,55640000,55640000,7351,2450,4901,2450,0,1,2452,130491
168,2450,1200,1100,1320000,2,19606,4903,1,55640000,55640000,7351,2450,4901,2450,0,1,2452,129887

168,2850,1200,1100,1320000,2,22806,5703,1,63000000,63000000,8551,2850,5701,2850,0,1,2852,1106560
168,2850,1200,1100,1320000,2,22806,5703,1,63000000,63000000,8551,2850,5701,2850,0,1,2852,132987
168,2850,1200,1100,1320000,2,22806,5703,1,63000000,63000000,8551,2850,5701,2850,0,1,2852,133323
168,2850,1200,1100,1320000,2,22806,5703,1,63000000,63000000,8551,2850,5701,2850,0,1,2852,131817
168,2850,1200,1100,1320000,2,22806,5703,1,63000000,63000000,8551,2850,5701,2850,0,1,2852,132449
168,2850,1200,1100,1320000,2,22806,5703,1,63000000,63000000,8551,2850,5701,2850,0,1,2852,146366
168,2850,1200,1100,1320000,2,22806,5703,1,63000000,63000000,8551,2850,5701,2850,0,1,2852,145746

168,3250,1200,1100,1320000,2,26006,6503,1,70360000,70360000,9751,3250,6501,3250,0,1,3252,1206587
168,3250,1200,1100,1320000,2,26006,6503,1,70360000,70360000,9751,3250,6501,3250,0,1,3252,149322
168,3250,1200,1100,1320000,2,26006,6503,1,70360000,70360000,9751,3250,6501,3250,0,1,3252,148691
168,3250,1200,1100,1320000,2,26006,6503,1,70360000,70360000,9751,3250,6501,3250,0,1,3252,149873
168,3250,1200,1100,1320000,2,26006,6503,1,70360000,70360000,9751,3250,6501,3250,0,1,3252,150228
168,3250,1200,1100,1320000,2,26006,6503,1,70360000,70360000,9751,3250,6501,3250,0,1,3252,163888
168,3250,1200,1100,1320000,2,26006,6503,1,70360000,70360000,9751,3250,6501,3250,0,1,3252,164516

168,3650,1200,1100,1320000,2,29206,7303,1,77720000,77720000,10951,3650,7301,3650,0,1,3652,1408307
168,3650,1200,1100,1320000,2,29206,7303,1,77720000,77720000,10951,3650,7301,3650,0,1,3652,167487
168,3650,1200,1100,1320000,2,29206,7303,1,77720000,77720000,10951,3650,7301,3650,0,1,3652,166264
168,3650,1200,1100,1320000,2,29206,7303,1,77720000,77720000,10951,3650,7301,3650,0,1,3652,167857
168,3650,1200,1100,1320000,2,29206,7303,1,77720000,77720000,10951,3650,7301,3650,0,1,3652,166914
168,3650,1200,1100,1320000,2,29206,7303,1,77720000,77720000,10951,3650,7301,3650,0,1,3652,186992
168,3650,1200,1100,1320000,2,29206,7303,1,77720000,77720000,10951,3650,7301,3650,0,1,3652,186341

168,4050,1200,1100,1320000,2,32406,8103,1,85080000,85080000,12151,4050,8101,4050,0,1,4052,1694339
168,4050,1200,1100,1320000,2,32406,8103,1,85080000,85080000,12151,4050,8101,4050,0,1,4052,193897
168,4050,1200,1100,1320000,2,32406,8103,1,85080000,85080000,12151,4050,8101,4050,0,1,4052,193316
168,4050,1200,1100,1320000,2,32406,8103,1,85080000,85080000,12151,4050,8101,4050,0,1,4052,194292
168,4050,1200,1100,1320000,2,32406,8103,1,85080000,85080000,12151,4050,8101,4050,0,1,4052,192644
168,4050,1200,1100,1320000,2,32406,8103,1,85080000,85080000,12151,4050,8101,4050,0,1,4052,207276
168,4050,1200,1100,1320000,2,32406,8103,1,85080000,85080000,12151,4050,8101,4050,0,1,4052,207807

168,4450,1200,1100,1320000,2,35606,8903,1,92440000,92440000,13351,4450,8901,4450,0,1,4452,1833290
168,4450,1200,1100,1320000,2,35606,8903,1,92440000,92440000,13351,4450,8901,4450,0,1,4452,192570
168,4450,1200,1100,1320000,2,35606,8903,1,92440000,92440000,13351,4450,8901,4450,0,1,4452,192955
168,4450,1200,1100,1320000,2,35606,8903,1,92440000,92440000,13351,4450,8901,4450,0,1,4452,191001
168,4450,1200,1100,1320000,2,35606,8903,1,92440000,92440000,13351,4450,8901,4450,0,1,4452,192006
168,4450,1200,1100,1320000,2,35606,8903,1,92440000,92440000,13351,4450,8901,4450,0,1,4452,213702
168,4450,1200,1100,1320000,2,35606,8903,1,92440000,92440000,13351,4450,8901,4450,0,1,4452,213204

168,4850,1200,1100,1320000,2,38806,9703,1,99800000,99800000,14551,4850,9701,4850,0,1,4852,2024436
168,4850,1200,1100,1320000,2,38806,9703,1,99800000,99800000,14551,4850,9701,4850,0,1,4852,207805
168,4850,1200,1100,1320000,2,38806,9703,1,99800000,99800000,14551,4850,9701,4850,0,1,4852,206592
168,4850,1200,1100,1320000,2,38806,9703,1,99800000,99800000,14551,4850,9701,4850,0,1,4852,207232
168,4850,1200,1100,1320000,2,38806,9703,1,99800000,99800000,14551,4850,9701,4850,0,1,4852,208196
168,4850,1200,1100,1320000,2,38806,9703,1,99800000,99800000,14551,4850,9701,4850,0,1,4852,230799
168,4850,1200,1100,1320000,2,38806,9703,1,99800000,99800000,14551,4850,9701,4850,0,1,4852,231308

168,5250,1200,1100,1320000,2,42006,10503,1,107160000,107160000,15751,5250,10501,5250,0,1,5252,2216929
168,5250,1200,1100,1320000,2,42006,10503,1,107160000,107160000,15751,5250,10501,5250,0,1,5252,217974
168,5250,1200,1100,1320000,2,42006,10503,1,107160000,107160000,15751,5250,10501,5250,0,1,5252,219223
168,5250,1200,1100,1320000,2,42006,10503,1,107160000,107160000,15751,5250,10501,5250,0,1,5252,219630
168,5250,1200,1100,1320000,2,42006,10503,1,107160000,107160000,15751,5250,10501,5250,0,1,5252,218642
168,5250,1200,1100,1320000,2,42006,10503,1,107160000,107160000,15751,5250,10501,5250,0,1,5252,256648
168,5250,1200,1100,1320000,2,42006,10503,1,107160000,107160000,15751,5250,10501,5250,0,1,5252,257926

168,5650,1200,1100,1320000,2,45206,11303,1,114520000,114520000,16951,5650,11301,5650,0,1,5652,2401445
168,5650,1200,1100,1320000,2,45206,11303,1,114520000,114520000,16951,5650,11301,5650,0,1,5652,235716
168,5650,1200,1100,1320000,2,45206,11303,1,114520000,114520000,16951,5650,11301,5650,0,1,5652,232691
168,5650,1200,1100,1320000,2,45206,11303,1,114520000,114520000,16951,5650,11301,5650,0,1,5652,235052
168,5650,1200,1100,1320000,2,45206,11303,1,114520000,114520000,16951,5650,11301,5650,0,1,5652,234326
168,5650,1200,1100,1320000,2,45206,11303,1,114520000,114520000,16951,5650,11301,5650,0,1,5652,272875
168,5650,1200,1100,1320000,2,45206,11303,1,114520000,114520000,16951,5650,11301,5650,0,1,5652,272328

168,6050,1200,1100,1320000,2,48406,12103,1,121880000,121880000,18151,6050,12101,6050,0,1,6052,2501845
168,6050,1200,1100,1320000,2,48406,12103,1,121880000,121880000,18151,6050,12101,6050,0,1,6052,254410
168,6050,1200,1100,1320000,2,48406,12103,1,121880000,121880000,18151,6050,12101,6050,0,1,6052,253730
168,6050,1200,1100,1320000,2,48406,12103,1,121880000,121880000,18151,6050,12101,6050,0,1,6052,251118
168,6050,1200,1100,1320000,2,48406,12103,1,121880000,121880000,18151,6050,12101,6050,0,1,6052,250022
168,6050,1200,1100,1320000,2,48406,12103,1,121880000,121880000,18151,6050,12101,6050,0,1,6052,301217
168,6050,1200,1100,1320000,2,48406,12103,1,121880000,121880000,18151,6050,12101,6050,0,1,6052,299893

168,6450,1200,1100,1320000,2,51606,12903,1,129240000,129240000,19351,6450,12901,6450,0,1,6452,2731172
168,6450,1200,1100,1320000,2,51606,12903,1,129240000,129240000,19351,6450,12901,6450,0,1,6452,268372
168,6450,1200,1100,1320000,2,51606,12903,1,129240000,129240000,19351,6450,12901,6450,0,1,6452,269625
168,6450,1200,1100,1320000,2,51606,12903,1,129240000,129240000,19351,6450,12901,6450,0,1,6452,268912
168,6450,1200,1100,1320000,2,51606,12903,1,129240000,129240000,19351,6450,12901,6450,0,1,6452,267149
168,6450,1200,1100,1320000,2,51606,12903,1,129240000,129240000,19351,6450,12901,6450,0,1,6452,313163
168,6450,1200,1100,1320000,2,51606,12903,1,129240000,129240000,19351,6450,12901,6450,0,1,6452,312590

168,6850,1200,1100,1320000,2,54806,13703,1,136600000,136600000,20551,6850,13701,6850,0,1,6852,2783133
168,6850,1200,1100,1320000,2,54806,13703,1,136600000,136600000,20551,6850,13701,6850,0,1,6852,289916
168,6850,1200,1100,1320000,2,54806,13703,1,136600000,136600000,20551,6850,13701,6850,0,1,6852,282892
168,6850,1200,1100,1320000,2,54806,13703,1,136600000,136600000,20551,6850,13701,6850,0,1,6852,285112
168,6850,1200,1100,1320000,2,54806,13703,1,136600000,136600000,20551,6850,13701,6850,0,1,6852,294893
168,6850,1200,1100,1320000,2,54806,13703,1,136600000,136600000,20551,6850,13701,6850,0,1,6852,358258
168,6850,1200,1100,1320000,2,54806,13703,1,136600000,136600000,20551,6850,13701,6850,0,1,6852,339497

168,50,1200,700,840000,2,406,103,1,7480000,7480000,151,50,101,50,0,1,52,10323
168,50,1200,700,840000,2,406,103,1,7480000,7480000,151,50,101,50,0,1,52,17060
168,50,1200,700,840000,2,406,103,1,7480000,7480000,151,50,101,50,0,1,52,17492
168,50,1200,700,840000,2,406,103,1,7480000,7480000,151,50,101,50,0,1,52,18009
168,50,1200,700,840000,2,406,103,1,7480000,7480000,151,50,101,50,0,1,52,15606
168,50,1200,700,840000,2,406,103,1,7480000,7480000,151,50,101,50,0,1,52,19906
168,50,1200,700,840000,2,406,103,1,7480000,7480000,151,50,101,50,0,1,52,20395

168,450,1200,700,840000,2,3606,903,1,13560000,13560000,1351,450,901,450,0,1,452,90041
168,450,1200,700,840000,2,3606,903,1,13560000,13560000,1351,450,901,450,0,1,452,34542
168,450,1200,700,840000,2,3606,903,1,13560000,13560000,1351,450,901,450,0,1,452,29064
168,450,1200,700,840000,2,3606,903,1,13560000,13560000,1351,450,901,450,0,1,452,32848
168,450,1200,700,840000,2,3606,903,1,13560000,13560000,1351,450,901,450,0,1,452,34998
168,450,1200,700,840000,2,3606,903,1,13560000,13560000,1351,450,901,450,0,1,452,36209
168,450,1200,700,840000,2,3606,903,1,13560000,13560000,1351,450,901,450,0,1,452,36723

168,850,1200,700,840000,2,6806,1703,1,19640000,19640000,2551,850,1701,850,0,1,852,186561
168,850,1200,700,840000,2,6806,1703,1,19640000,19640000,2551,850,1701,850,0,1,852,41975
168,850,1200,700,840000,2,6806,1703,1,19640000,19640000,2551,850,1701,850,0,1,852,43964
168,850,1200,700,840000,2,6806,1703,1,19640000,19640000,2551,850,1701,850,0,1,852,43490
168,850,1200,700,840000,2,6806,1703,1,19640000,19640000,2551,850,1701,850,0,1,852,42515
168,850,1200,700,840000,2,6806,1703,1,19640000,19640000,2551,850,1701,850,0,1,852,46468
168,850,1200,700,840000,2,6806,1703,1,19640000,19640000,2551,850,1701,850,0,1,852,46992

168,1250,1200,700,840000,2,10006,2503,1,25720000,25720000,3751,1250,2501,1250,0,1,1252,279970
168,1250,1200,700,840000,2,10006,2503,1,25720000,25720000,3751,1250,2501,1250,0,1,1252,52699
168,1250,1200,700,840000,2,10006,2503,1,25720000,25720000,3751,1250,2501,1250,0,1,1252,51703
168,1250,1200,700,840000,2,10006,2503,1,25720000,25720000,3751,1250,2501,1250,0,1,1252,53588
168,1250,1200,700,840000,2,10006,2503,1,25720000,25720000,3751,1250,2501,1250,0,1,1252,53080
168,1250,1200,700,840000,2,10006,2503,1,25720000,25720000,3751,1250,2501,1250,0,1,1252,58700
168,1250,1200,700,840000,2,10006,2503,1,25720000,25720000,3751,1250,2501,1250,0,1,1252,57412

168,1650,1200,700,840000,2,13206,3303,1,31800000,31800000,4951,1650,3301,1650,0,1,1652,384208
168,1650,1200,700,840000,2,13206,3303,1,31800000,31800000,4951,1650,3301,1650,0,1,1652,60316
168,1650,1200,700,840000,2,13206,3303,1,31800000,31800000,4951,1650,3301,1650,0,1,1652,63012
168,1650,1200,700,840000,2,13206,3303,1,31800000,31800000,4951,1650,3301,1650,0,1,1652,62274
168,1650,1200,700,840000,2,13206,3303,1,31800000,31800000,4951,1650,3301,1650,0,1,1652,62748
168,1650,1200,700,840000,2,13206,3303,1,31800000,31800000,4951,1650,3301,1650,0,1,1652,69900
168,1650,1200,700,840000,2,13206,3303,1,31800000,31800000,4951,1650,3301,1650,0,1,1652,70453

168,2050,1200,700,840000,2,16406,4103,1,37880000,37880000,6151,2050,4101,2050,0,1,2052,462029
168,2050,1200,700,840000,2,16406,4103,1,37880000,37880000,6151,2050,4101,2050,0,1,2052,75407
168,2050,1200,700,840000,2,16406,4103,1,37880000,37880000,6151,2050,4101,2050,0,1,2052,74018
168,2050,1200,700,840000,2,16406,4103,1,37880000,37880000,6151,2050,4101,2050,0,1,2052,76080
168,2050,1200,700,840000,2,16406,4103,1,37880000,37880000,6151,2050,4101,2050,0,1,2052,76649
168,2050,1200,700,840000,2,16406,4103,1,37880000,37880000,6151,2050,4101,2050,0,1,2052,84148
168,2050,1200,700,840000,2,16406,4103,1,37880000,37880000,6151,2050,4101,2050,0,1,2052,82800

168,2450,1200,700,840000,2,19606,4903,1,43960000,43960000,7351,2450,4901,2450,0,1,2452,551472
168,2450,1200,700,840000,2,19606,4903,1,43960000,43960000,7351,2450,4901,2450,0,1,2452,88722
168,2450,1200,700,840000,2,19606,4903,1,43960000,43960000,7351,2450,4901,2450,0,1,2452,87652
168,2450,1200,700,840000,2,19606,4903,1,43960000,43960000,7351,2450,4901,2450,0,1,2452,86595
168,2450,1200,700,840000,2,19606,4903,1,43960000,43960000,7351,2450,4901,2450,0,1,2452,89310
168,2450,1200,700,840000,2,19606,4903,1,43960000,43960000,7351,2450,4901,2450,0,1,2452,97613
168,2450,1200,700,840000,2,19606,4903,1,43960000,43960000,7351,2450,4901,2450,0,1,2452,96236

168,2850,1200,700,840000,2,22806,5703,1,50040000,50040000,8551,2850,5701,2850,0,1,2852,659550
168,2850,1200,700,840000,2,22806,5703,1,50040000,50040000,8551,2850,5701,2850,0,1,2852,101918
168,2850,1200,700,840000,2,22806,5703,1,50040000,50040000,8551,2850,5701,2850,0,1,2852,101319
168,2850,1200,700,840000,2,22806,5703,1,50040000,50040000,8551,2850,5701,2850,0,1,2852,99795
168,2850,1200,700,840000,2,22806,5703,1,50040000,50040000,8551,2850,5701,2850,0,1,2852,100869
168,2850,1200,700,840000,2,22806,5703,1,50040000,50040000,8551,2850,5701,2850,0,1,2852,110605
168,2850,1200,700,840000,2,22806,5703,1,50040000,50040000,8551,2850,5701,2850,0,1,2852,109176

168,3250,1200,700,840000,2,26006,6503,1,56120000,56120000,9751,3250,6501,3250,0,1,3252,797705
168,3250,1200,700,840000,2,26006,6503,1,56120000,56120000,9751,3250,6501,3250,0,1,3252,112454
168,3250,1200,700,840000,2,26006,6503,1,56120000,56120000,9751,3250,6501,3250,0,1,3252,110377
168,3250,1200,700,840000,2,26006,6503,1,56120000,56120000,9751,3250,6501,3250,0,1,3252,108943
168,3250,1200,700,840000,2,26006,6503,1,56120000,56120000,9751,3250,6501,3250,0,1,3252,111079
168,3250,1200,700,840000,2,26006,6503,1,56120000,56120000,9751,3250,6501,3250,0,1,3252,121967
168,3250,1200,700,840000,2,26006,6503,1,56120000,56120000,9751,3250,6501,3250,0,1,3252,121321

168,3650,1200,700,840000,2,29206,7303,1,62200000,62200000,10951,3650,7301,3650,0,1,3652,867432
168,3650,1200,700,840000,2,29206,7303,1,62200000,62200000,10951,3650,7301,3650,0,1,3652,121735
168,3650,1200,700,840000,2,29206,7303,1,62200000,62200000,10951,3650,7301,3650,0,1,3652,118278
168,3650,1200,700,840000,2,29206,7303,1,62200000,62200000,10951,3650,7301,3650,0,1,3652,119980
168,3650,1200,700,840000,2,29206,7303,1,62200000,62200000,10951,3650,7301,3650,0,1,3652,120568
168,3650,1200,700,840000,2,29206,7303,1,62200000,62200000,10951,3650,7301,3650,0,1,3652,139818
168,3650,1200,700,840000,2,29206,7303,1,62200000,62200000,10951,3650,7301,3650,0,1,3652,137244

168,4050,1200,700,840000,2,32406,8103,1,68280000,68280000,12151,4050,8101,4050,0,1,4052,957453
168,4050,1200,700,840000,2,32406,8103,1,68280000,68280000,12151,4050,8101,4050,0,1,4052,132184
168,4050,1200,700,840000,2,32406,8103,1,68280000,68280000,12151,4050,8101,4050,0,1,4052,130196
168,4050,1200,700,840000,2,32406,8103,1,68280000,68280000,12151,4050,8101,4050,0,1,4052,129353
168,4050,1200,700,840000,2,32406,8103,1,68280000,68280000,12151,4050,8101,4050,0,1,4052,131490
168,4050,1200,700,840000,2,32406,8103,1,68280000,68280000,12151,4050,8101,4050,0,1,4052,151382
168,4050,1200,700,840000,2,32406,8103,1,68280000,68280000,12151,4050,8101,4050,0,1,4052,145266

168,4450,1200,700,840000,2,35606,8903,1,74360000,74360000,13351,4450,8901,4450,0,1,4452,1047247
168,4450,1200,700,840000,2,35606,8903,1,74360000,74360000,13351,4450,8901,4450,0,1,4452,141510
168,4450,1200,700,840000,2,35606,8903,1,74360000,74360000,13351,4450,8901,4450,0,1,4452,138703
168,4450,1200,700,840000,2,35606,8903,1,74360000,74360000,13351,4450,8901,4450,0,1,4452,137811
168,4450,1200,700,840000,2,35606,8903,1,74360000,74360000,13351,4450,8901,4450,0,1,4452,140884
168,4450,1200,700,840000,2,35606,8903,1,74360000,74360000,13351,4450,8901,4450,0,1,4452,186329
168,4450,1200,700,840000,2,35606,8903,1,74360000,74360000,13351,4450,8901,4450,0,1,4452,185522

168,4850,1200,700,840000,2,38806,9703,1,80440000,80440000,14551,4850,9701,4850,0,1,4852,1225528
168,4850,1200,700,840000,2,38806,9703,1,80440000,80440000,14551,4850,9701,4850,0,1,4852,152801
168,4850,1200,700,840000,2,38806,9703,1,80440000,80440000,14551,4850,9701,4850,0,1,4852,149965
168,4850,1200,700,840000,2,38806,9703,1,80440000,80440000,14551,4850,9701,4850,0,1,4852,151748
168,4850,1200,700,840000,2,38806,9703,1,80440000,80440000,14551,4850,9701,4850,0,1,4852,152369
168,4850,1200,700,840000,2,38806,9703,1,80440000,80440000,14551,4850,9701,4850,0,1,4852,176237
168,4850,1200,700,840000,2,38806,9703,1,80440000,80440000,14551,4850,9701,4850,0,1,4852,177075

168,5250,1200,700,840000,2,42006,10503,1,86520000,86520000,15751,5250,10501,5250,0,1,5252,1286422
168,5250,1200,700,840000,2,42006,10503,1,86520000,86520000,15751,5250,10501,5250,0,1,5252,160570
168,5250,1200,700,840000,2,42006,10503,1,86520000,86520000,15751,5250,10501,5250,0,1,5252,161233
168,5250,1200,700,840000,2,42006,10503,1,86520000,86520000,15751,5250,10501,5250,0,1,5252,161832
168,5250,1200,700,840000,2,42006,10503,1,86520000,86520000,15751,5250,10501,5250,0,1,5252,162254
168,5250,1200,700,840000,2,42006,10503,1,86520000,86520000,15751,5250,10501,5250,0,1,5252,194962
168,5250,1200,700,840000,2,42006,10503,1,86520000,86520000,15751,5250,10501,5250,0,1,5252,202114

168,5650,1200,700,840000,2,45206,11303,1,92600000,92600000,16951,5650,11301,5650,0,1,5652,1444603
168,5650,1200,700,840000,2,45206,11303,1,92600000,92600000,16951,5650,11301,5650,0,1,5652,173242
168,5650,1200,700,840000,2,45206,11303,1,92600000,92600000,16951,5650,11301,5650,0,1,5652,175138
168,5650,1200,700,840000,2,45206,11303,1,92600000,92600000,16951,5650,11301,5650,0,1,5652,172632
168,5650,1200,700,840000,2,45206,11303,1,92600000,92600000,16951,5650,11301,5650,0,1,5652,171959
168,5650,1200,700,840000,2,45206,11303,1,92600000,92600000,16951,5650,11301,5650,0,1,5652,211003
168,5650,1200,700,840000,2,45206,11303,1,92600000,92600000,16951,5650,11301,5650,0,1,5652,213173

168,6050,1200,700,840000,2,48406,12103,1,98680000,98680000,18151,6050,12101,6050,0,1,6052,1592301
168,6050,1200,700,840000,2,48406,12103,1,98680000,98680000,18151,6050,12101,6050,0,1,6052,184671
168,6050,1200,700,840000,2,48406,12103,1,98680000,98680000,18151,6050,12101,6050,0,1,6052,186150
168,6050,1200,700,840000,2,48406,12103,1,98680000,98680000,18151,6050,12101,6050,0,1,6052,180874
168,6050,1200,700,840000,2,48406,12103,1,98680000,98680000,18151,6050,12101,6050,0,1,6052,183553
168,6050,1200,700,840000,2,48406,12103,1,98680000,98680000,18151,6050,12101,6050,0,1,6052,215435
168,6050,1200,700,840000,2,48406,12103,1,98680000,98680000,18151,6050,12101,6050,0,1,6052,217678

168,6450,1200,700,840000,2,51606,12903,1,104760000,104760000,19351,6450,12901,6450,0,1,6452,1669810
168,6450,1200,700,840000,2,51606,12903,1,104760000,104760000,19351,6450,12901,6450,0,1,6452,188423
168,6450,1200,700,840000,2,51606,12903,1,104760000,104760000,19351,6450,12901,6450,0,1,6452,186627
168,6450,1200,700,840000,2,51606,12903,1,104760000,104760000,19351,6450,12901,6450,0,1,6452,187957
168,6450,1200,700,840000,2,51606,12903,1,104760000,104760000,19351,6450,12901,6450,0,1,6452,187323
168,6450,1200,700,840000,2,51606,12903,1,104760000,104760000,19351,6450,12901,6450,0,1,6452,225857
168,6450,1200,700,840000,2,51606,12903,1,104760000,104760000,19351,6450,12901,6450,0,1,6452,226432

168,6850,1200,700,840000,2,54806,13703,1,110840000,110840000,20551,6850,13701,6850,0,1,6852,1653105
168,6850,1200,700,840000,2,54806,13703,1,110840000,110840000,20551,6850,13701,6850,0,1,6852,202451
168,6850,1200,700,840000,2,54806,13703,1,110840000,110840000,20551,6850,13701,6850,0,1,6852,201970
168,6850,1200,700,840000,2,54806,13703,1,110840000,110840000,20551,6850,13701,6850,0,1,6852,201327
168,6850,1200,700,840000,2,54806,13703,1,110840000,110840000,20551,6850,13701,6850,0,1,6852,200630
168,6850,1200,700,840000,2,54806,13703,1,110840000,110840000,20551,6850,13701,6850,0,1,6852,245972
168,6850,1200,700,840000,2,54806,13703,1,110840000,110840000,20551,6850,13701,6850,0,1,6852,245376

168,50,1200,300,360000,2,406,103,1,3480000,3480000,151,50,101,50,0,1,52,4361
168,50,1200,300,360000,2,406,103,1,3480000,3480000,151,50,101,50,0,1,52,12628
168,50,1200,300,360000,2,406,103,1,3480000,3480000,151,50,101,50,0,1,52,16359
168,50,1200,300,360000,2,406,103,1,3480000,3480000,151,50,101,50,0,1,52,17713
168,50,1200,300,360000,2,406,103,1,3480000,3480000,151,50,101,50,0,1,52,17519
168,50,1200,300,360000,2,406,103,1,3480000,3480000,151,50,101,50,0,1,52,16920
168,50,1200,300,360000,2,406,103,1,3480000,3480000,151,50,101,50,0,1,52,17339

168,450,1200,300,360000,2,3606,903,1,8280000,8280000,1351,450,901,450,0,1,452,38148
168,450,1200,300,360000,2,3606,903,1,8280000,8280000,1351,450,901,450,0,1,452,27577
168,450,1200,300,360000,2,3606,903,1,8280000,8280000,1351,450,901,450,0,1,452,38239
168,450,1200,300,360000,2,3606,903,1,8280000,8280000,1351,450,901,450,0,1,452,37239
168,450,1200,300,360000,2,3606,903,1,8280000,8280000,1351,450,901,450,0,1,452,35253
168,450,1200,300,360000,2,3606,903,1,8280000,8280000,1351,450,901,450,0,1,452,38661
168,450,1200,300,360000,2,3606,903,1,8280000,8280000,1351,450,901,450,0,1,452,37863

168,850,1200,300,360000,2,6806,1703,1,13080000,13080000,2551,850,1701,850,0,1,852,78278
168,850,1200,300,360000,2,6806,1703,1,13080000,13080000,2551,850,1701,850,0,1,852,27710
168,850,1200,300,360000,2,6806,1703,1,13080000,13080000,2551,850,1701,850,0,1,852,23782
168,850,1200,300,360000,2,6806,1703,1,13080000,13080000,2551,850,1701,850,0,1,852,30524
168,850,1200,300,360000,2,6806,1703,1,13080000,13080000,2551,850,1701,850,0,1,852,29452
168,850,1200,300,360000,2,6806,1703,1,13080000,13080000,2551,850,1701,850,0,1,852,32791
168,850,1200,300,360000,2,6806,1703,1,13080000,13080000,2551,850,1701,850,0,1,852,32210

168,1250,1200,300,360000,2,10006,2503,1,17880000,17880000,3751,1250,2501,1250,0,1,1252,114849
168,1250,1200,300,360000,2,10006,2503,1,17880000,17880000,3751,1250,2501,1250,0,1,1252,32229
168,1250,1200,300,360000,2,10006,2503,1,17880000,17880000,3751,1250,2501,1250,0,1,1252,35186
168,1250,1200,300,360000,2,10006,2503,1,17880000,17880000,3751,1250,2501,1250,0,1,1252,34134
168,1250,1200,300,360000,2,10006,2503,1,17880000,17880000,3751,1250,2501,1250,0,1,1252,33534
168,1250,1200,300,360000,2,10006,2503,1,17880000,17880000,3751,1250,2501,1250,0,1,1252,37915
168,1250,1200,300,360000,2,10006,2503,1,17880000,17880000,3751,1250,2501,1250,0,1,1252,38464

168,1650,1200,300,360000,2,13206,3303,1,22680000,22680000,4951,1650,3301,1650,0,1,1652,156432
168,1650,1200,300,360000,2,13206,3303,1,22680000,22680000,4951,1650,3301,1650,0,1,1652,40277
168,1650,1200,300,360000,2,13206,3303,1,22680000,22680000,4951,1650,3301,1650,0,1,1652,41433
168,1650,1200,300,360000,2,13206,3303,1,22680000,22680000,4951,1650,3301,1650,0,1,1652,40898
168,1650,1200,300,360000,2,13206,3303,1,22680000,22680000,4951,1650,3301,1650,0,1,1652,36111
168,1650,1200,300,360000,2,13206,3303,1,22680000,22680000,4951,1650,3301,1650,0,1,1652,46540
168,1650,1200,300,360000,2,13206,3303,1,22680000,22680000,4951,1650,3301,1650,0,1,1652,45909

168,2050,1200,300,360000,2,16406,4103,1,27480000,27480000,6151,2050,4101,2050,0,1,2052,185463
168,2050,1200,300,360000,2,16406,4103,1,27480000,27480000,6151,2050,4101,2050,0,1,2052,48946
168,2050,1200,300,360000,2,16406,4103,1,27480000,27480000,6151,2050,4101,2050,0,1,2052,49359
168,2050,1200,300,360000,2,16406,4103,1,27480000,27480000,6151,2050,4101,2050,0,1,2052,47939
168,2050,1200,300,360000,2,16406,4103,1,27480000,27480000,6151,2050,4101,2050,0,1,2052,49921
168,2050,1200,300,360000,2,16406,4103,1,27480000,27480000,6151,2050,4101,2050,0,1,2052,53431
168,2050,1200,300,360000,2,16406,4103,1,27480000,27480000,6151,2050,4101,2050,0,1,2052,54022

168,2450,1200,300,360000,2,19606,4903,1,32280000,32280000,7351,2450,4901,2450,0,1,2452,248434
168,2450,1200,300,360000,2,19606,4903,1,32280000,32280000,7351,2450,4901,2450,0,1,2452,53090
168,2450,1200,300,360000,2,19606,4903,1,32280000,32280000,7351,2450,4901,2450,0,1,2452,54558
168,2450,1200,300,360000,2,19606,4903,1,32280000,32280000,7351,2450,4901,2450,0,1,2452,55123
168,2450,1200,300,360000,2,19606,4903,1,32280000,32280000,7351,2450,4901,2450,0,1,2452,54123
168,2450,1200,300,360000,2,19606,4903,1,32280000,32280000,7351,2450,4901,2450,0,1,2452,60151
168,2450,1200,300,360000,2,19606,4903,1,32280000,32280000,7351,2450,4901,2450,0,1,2452,59476

168,2850,1200,300,360000,2,22806,5703,1,37080000,37080000,8551,2850,5701,2850,0,1,2852,274183
168,2850,1200,300,360000,2,22806,5703,1,37080000,37080000,8551,2850,5701,2850,0,1,2852,61466
168,2850,1200,300,360000,2,22806,5703,1,37080000,37080000,8551,2850,5701,2850,0,1,2852,62120
168,2850,1200,300,360000,2,22806,5703,1,37080000,37080000,8551,2850,5701,2850,0,1,2852,60993
168,2850,1200,300,360000,2,22806,5703,1,37080000,37080000,8551,2850,5701,2850,0,1,2852,61787
168,2850,1200,300,360000,2,22806,5703,1,37080000,37080000,8551,2850,5701,2850,0,1,2852,67800
168,2850,1200,300,360000,2,22806,5703,1,37080000,37080000,8551,2850,5701,2850,0,1,2852,67173

168,3250,1200,300,360000,2,26006,6503,1,41880000,41880000,9751,3250,6501,3250,0,1,3252,316988
168,3250,1200,300,360000,2,26006,6503,1,41880000,41880000,9751,3250,6501,3250,0,1,3252,65519
168,3250,1200,300,360000,2,26006,6503,1,41880000,41880000,9751,3250,6501,3250,0,1,3252,64632
168,3250,1200,300,360000,2,26006,6503,1,41880000,41880000,9751,3250,6501,3250,0,1,3252,65176
168,3250,1200,300,360000,2,26006,6503,1,41880000,41880000,9751,3250,6501,3250,0,1,3252,63999
168,3250,1200,300,360000,2,26006,6503,1,41880000,41880000,9751,3250,6501,3250,0,1,3252,75102
168,3250,1200,300,360000,2,26006,6503,1,41880000,41880000,9751,3250,6501,3250,0,1,3252,73522

168,3650,1200,300,360000,2,29206,7303,1,46680000,46680000,10951,3650,7301,3650,0,1,3652,341785
168,3650,1200,300,360000,2,29206,7303,1,46680000,46680000,10951,3650,7301,3650,0,1,3652,71711
168,3650,1200,300,360000,2,29206,7303,1,46680000,46680000,10951,3650,7301,3650,0,1,3652,73285
168,3650,1200,300,360000,2,29206,7303,1,46680000,46680000,10951,3650,7301,3650,0,1,3652,72361
168,3650,1200,300,360000,2,29206,7303,1,46680000,46680000,10951,3650,7301,3650,0,1,3652,72922
168,3650,1200,300,360000,2,29206,7303,1,46680000,46680000,10951,3650,7301,3650,0,1,3652,81758
168,3650,1200,300,360000,2,29206,7303,1,46680000,46680000,10951,3650,7301,3650,0,1,3652,82530

168,4050,1200,300,360000,2,32406,8103,1,51480000,51480000,12151,4050,8101,4050,0,1,4052,394068
168,4050,1200,300,360000,2,32406,8103,1,51480000,51480000,12151,4050,8101,4050,0,1,4052,80309
168,4050,1200,300,360000,2,32406,8103,1,51480000,51480000,12151,4050,8101,4050,0,1,4052,79795
168,4050,1200,300,360000,2,32406,8103,1,51480000,51480000,12151,4050,8101,4050,0,1,4052,81701
168,4050,1200,300,360000,2,32406,8103,1,51480000,51480000,12151,4050,8101,4050,0,1,4052,80874
168,4050,1200,300,360000,2,32406,8103,1,51480000,51480000,12151,4050,8101,4050,0,1,4052,91844
168,4050,1200,300,360000,2,32406,8103,1,51480000,51480000,12151,4050,8101,4050,0,1,4052,91056

168,4450,1200,300,360000,2,35606,8903,1,56280000,56280000,13351,4450,8901,4450,0,1,4452,444555
168,4450,1200,300,360000,2,35606,8903,1,56280000,56280000,13351,4450,8901,4450,0,1,4452,87909
168,4450,1200,300,360000,2,35606,8903,1,56280000,56280000,13351,4450,8901,4450,0,1,4452,85659
168,4450,1200,300,360000,2,35606,8903,1,56280000,56280000,13351,4450,8901,4450,0,1,4452,88568
168,4450,1200,300,360000,2,35606,8903,1,56280000,56280000,13351,4450,8901,4450,0,1,4452,86774
168,4450,1200,300,360000,2,35606,8903,1,56280000,56280000,13351,4450,8901,4450,0,1,4452,98964
168,4450,1200,300,360000,2,35606,8903,1,56280000,56280000,13351,4450,8901,4450,0,1,4452,97267

168,4850,1200,300,360000,2,38806,9703,1,61080000,61080000,14551,4850,9701,4850,0,1,4852,487128
168,4850,1200,300,360000,2,38806,9703,1,61080000,61080000,14551,4850,9701,4850,0,1,4852,89876
168,4850,1200,300,360000,2,38806,9703,1,61080000,61080000,14551,4850,9701,4850,0,1,4852,92196
168,4850,1200,300,360000,2,38806,9703,1,61080000,61080000,14551,4850,9701,4850,0,1,4852,92893
168,4850,1200,300,360000,2,38806,9703,1,61080000,61080000,14551,4850,9701,4850,0,1,4852,91029
168,4850,1200,300,360000,2,38806,9703,1,61080000,61080000,14551,4850,9701,4850,0,1,4852,109351
168,4850,1200,300,360000,2,38806,9703,1,61080000,61080000,14551,4850,9701,4850,0,1,4852,110196

168,5250,1200,300,360000,2,42006,10503,1,65880000,65880000,15751,5250,10501,5250,0,1,5252,515195
168,5250,1200,300,360000,2,42006,10503,1,65880000,65880000,15751,5250,10501,5250,0,1,5252,94657
168,5250,1200,300,360000,2,42006,10503,1,65880000,65880000,15751,5250,10501,5250,0,1,5252,97653
168,5250,1200,300,360000,2,42006,10503,1,65880000,65880000,15751,5250,10501,5250,0,1,5252,98947
168,5250,1200,300,360000,2,42006,10503,1,65880000,65880000,15751,5250,10501,5250,0,1,5252,98209
168,5250,1200,300,360000,2,42006,10503,1,65880000,65880000,15751,5250,10501,5250,0,1,5252,117474
168,5250,1200,300,360000,2,42006,10503,1,65880000,65880000,15751,5250,10501,5250,0,1,5252,118355

168,5650,1200,300,360000,2,45206,11303,1,70680000,70680000,16951,5650,11301,5650,0,1,5652,568384
168,5650,1200,300,360000,2,45206,11303,1,70680000,70680000,16951,5650,11301,5650,0,1,5652,100627
168,5650,1200,300,360000,2,45206,11303,1,70680000,70680000,16951,5650,11301,5650,0,1,5652,99316
168,5650,1200,300,360000,2,45206,11303,1,70680000,70680000,16951,5650,11301,5650,0,1,5652,101750
168,5650,1200,300,360000,2,45206,11303,1,70680000,70680000,16951,5650,11301,5650,0,1,5652,100023
168,5650,1200,300,360000,2,45206,11303,1,70680000,70680000,16951,5650,11301,5650,0,1,5652,140855
168,5650,1200,300,360000,2,45206,11303,1,70680000,70680000,16951,5650,11301,5650,0,1,5652,141734

168,6050,1200,300,360000,2,48406,12103,1,75480000,75480000,18151,6050,12101,6050,0,1,6052,592018
168,6050,1200,300,360000,2,48406,12103,1,75480000,75480000,18151,6050,12101,6050,0,1,6052,113429
168,6050,1200,300,360000,2,48406,12103,1,75480000,75480000,18151,6050,12101,6050,0,1,6052,112814
168,6050,1200,300,360000,2,48406,12103,1,75480000,75480000,18151,6050,12101,6050,0,1,6052,116062
168,6050,1200,300,360000,2,48406,12103,1,75480000,75480000,18151,6050,12101,6050,0,1,6052,114153
168,6050,1200,300,360000,2,48406,12103,1,75480000,75480000,18151,6050,12101,6050,0,1,6052,138783
168,6050,1200,300,360000,2,48406,12103,1,75480000,75480000,18151,6050,12101,6050,0,1,6052,142390

168,6450,1200,300,360000,2,51606,12903,1,80280000,80280000,19351,6450,12901,6450,0,1,6452,643422
168,6450,1200,300,360000,2,51606,12903,1,80280000,80280000,19351,6450,12901,6450,0,1,6452,115395
168,6450,1200,300,360000,2,51606,12903,1,80280000,80280000,19351,6450,12901,6450,0,1,6452,113916
168,6450,1200,300,360000,2,51606,12903,1,80280000,80280000,19351,6450,12901,6450,0,1,6452,116957
168,6450,1200,300,360000,2,51606,12903,1,80280000,80280000,19351,6450,12901,6450,0,1,6452,116196
168,6450,1200,300,360000,2,51606,12903,1,80280000,80280000,19351,6450,12901,6450,0,1,6452,155945
168,6450,1200,300,360000,2,51606,12903,1,80280000,80280000,19351,6450,12901,6450,0,1,6452,156864

168,6850,1200,300,360000,2,54806,13703,1,85080000,85080000,20551,6850,13701,6850,0,1,6852,678000
168,6850,1200,300,360000,2,54806,13703,1,85080000,85080000,20551,6850,13701,6850,0,1,6852,120865
168,6850,1200,300,360000,2,54806,13703,1,85080000,85080000,20551,6850,13701,6850,0,1,6852,119976
168,6850,1200,300,360000,2,54806,13703,1,85080000,85080000,20551,6850,13701,6850,0,1,6852,121764
168,6850,1200,300,360000,2,54806,13703,1,85080000,85080000,20551,6850,13701,6850,0,1,6852,118558
168,6850,1200,300,360000,2,54806,13703,1,85080000,85080000,20551,6850,13701,6850,0,1,6852,177164
168,6850,1200,300,360000,2,54806,13703,1,85080000,85080000,20551,6850,13701,6850,0,1,6852,178117

168,50,800,7100,5680000,2,406,103,1,48600000,48600000,151,50,101,50,0,1,52,72781
168,50,800,7100,5680000,2,406,103,1,48600000,48600000,151,50,101,50,0,1,52,67376
168,50,800,7100,5680000,2,406,103,1,48600000,48600000,151,50,101,50,0,1,52,67033
168,50,800,7100,5680000,2,406,103,1,48600000,48600000,151,50,101,50,0,1,52,66073
168,50,800,7100,5680000,2,406,103,1,48600000,48600000,151,50,101,50,0,1,52,67851
168,50,800,7100,5680000,2,406,103,1,48600000,48600000,151,50,101,50,0,1,52,76410
168,50,800,7100,5680000,2,406,103,1,48600000,48600000,151,50,101,50,0,1,52,79044

168,450,800,7100,5680000,2,3606,903,1,73880000,73880000,1351,450,901,450,0,1,452,689432
168,450,800,7100,5680000,2,3606,903,1,73880000,73880000,1351,450,901,450,0,1,452,131536
168,450,800,7100,5680000,2,3606,903,1,73880000,73880000,1351,450,901,450,0,1,452,130807
168,450,800,7100,5680000,2,3606,903,1,73880000,73880000,1351,450,901,450,0,1,452,132202
168,450,800,7100,5680000,2,3606,903,1,73880000,73880000,1351,450,901,450,0,1,452,129845
168,450,800,7100,5680000,2,3606,903,1,73880000,73880000,1351,450,901,450,0,1,452,150227
168,450,800,7100,5680000,2,3606,903,1,73880000,73880000,1351,450,901,450,0,1,452,150741

168,850,800,7100,5680000,2,6806,1703,1,99160000,99160000,2551,850,1701,850,0,1,852,1588313
168,850,800,7100,5680000,2,6806,1703,1,99160000,99160000,2551,850,1701,850,0,1,852,196673
168,850,800,7100,5680000,2,6806,1703,1,99160000,99160000,2551,850,1701,850,0,1,852,195224
168,850,800,7100,5680000,2,6806,1703,1,99160000,99160000,2551,850,1701,850,0,1,852,198082
168,850,800,7100,5680000,2,6806,1703,1,99160000,99160000,2551,850,1701,850,0,1,852,196322
168,850,800,7100,5680000,2,6806,1703,1,99160000,99160000,2551,850,1701,850,0,1,852,208374
168,850,800,7100,5680000,2,6806,1703,1,99160000,99160000,2551,850,1701,850,0,1,852,208768

168,1250,800,7100,5680000,2,10006,2503,1,124440000,124440000,3751,1250,2501,1250,0,1,1252,2358248
168,1250,800,7100,5680000,2,10006,2503,1,124440000,124440000,3751,1250,2501,1250,0,1,1252,262642
168,1250,800,7100,5680000,2,10006,2503,1,124440000,124440000,3751,1250,2501,1250,0,1,1252,261329
168,1250,800,7100,5680000,2,10006,2503,1,124440000,124440000,3751,1250,2501,1250,0,1,1252,265713
168,1250,800,7100,5680000,2,10006,2503,1,124440000,124440000,3751,1250,2501,1250,0,1,1252,263075
168,1250,800,7100,5680000,2,10006,2503,1,124440000,124440000,3751,1250,2501,1250,0,1,1252,266955
168,1250,800,7100,5680000,2,10006,2503,1,124440000,124440000,3751,1250,2501,1250,0,1,1252,267356

168,1650,800,7100,5680000,2,13206,3303,1,149720000,149720000,4951,1650,3301,1650,0,1,1652,3143024
168,1650,800,7100,5680000,2,13206,3303,1,149720000,149720000,4951,1650,3301,1650,0,1,1652,307049
168,1650,800,7100,5680000,2,13206,3303,1,149720000,149720000,4951,1650,3301,1650,0,1,1652,308295
168,1650,800,7100,5680000,2,13206,3303,1,149720000,149720000,4951,1650,3301,1650,0,1,1652,307623
168,1650,800,7100,5680000,2,13206,3303,1,149720000,149720000,4951,1650,3301,1650,0,1,1652,308055
168,1650,800,7100,5680000,2,13206,3303,1,149720000,149720000,4951,1650,3301,1650,0,1,1652,342286
168,1650,800,7100,5680000,2,13206,3303,1,149720000,149720000,4951,1650,3301,1650,0,1,1652,341878

168,2050,800,7100,5680000,2,16406,4103,1,175000000,175000000,6151,2050,4101,2050,0,1,2052,3850599
168,2050,800,7100,5680000,2,16406,4103,1,175000000,175000000,6151,2050,4101,2050,0,1,2052,372819
168,2050,800,7100,5680000,2,16406,4103,1,175000000,175000000,6151,2050,4101,2050,0,1,2052,373227
168,2050,800,7100,5680000,2,16406,4103,1,175000000,175000000,6151,2050,4101,2050,0,1,2052,371855
168,2050,800,7100,5680000,2,16406,4103,1,175000000,175000000,6151,2050,4101,2050,0,1,2052,372434
168,2050,800,7100,5680000,2,16406,4103,1,175000000,175000000,6151,2050,4101,2050,0,1,2052,437995
168,2050,800,7100,5680000,2,16406,4103,1,175000000,175000000,6151,2050,4101,2050,0,1,2052,437582

168,2450,800,7100,5680000,2,19606,4903,1,200280000,200280000,7351,2450,4901,2450,0,1,2452,4478843
168,2450,800,7100,5680000,2,19606,4903,1,200280000,200280000,7351,2450,4901,2450,0,1,2452,432818
168,2450,800,7100,5680000,2,19606,4903,1,200280000,200280000,7351,2450,4901,2450,0,1,2452,430507
168,2450,800,7100,5680000,2,19606,4903,1,200280000,200280000,7351,2450,4901,2450,0,1,2452,432568
168,2450,800,7100,5680000,2,19606,4903,1,200280000,200280000,7351,2450,4901,2450,0,1,2452,432124
168,2450,800,7100,5680000,2,19606,4903,1,200280000,200280000,7351,2450,4901,2450,0,1,2452,499610
168,2450,800,7100,5680000,2,19606,4903,1,200280000,200280000,7351,2450,4901,2450,0,1,2452,499196

168,2850,800,7100,5680000,2,22806,5703,1,225560000,225560000,8551,2850,5701,2850,0,1,2852,5788286
168,2850,800,7100,5680000,2,22806,5703,1,225560000,225560000,8551,2850,5701,2850,0,1,2852,506593
168,2850,800,7100,5680000,2,22806,5703,1,225560000,225560000,8551,2850,5701,2850,0,1,2852,490672
168,2850,800,7100,5680000,2,22806,5703,1,225560000,225560000,8551,2850,5701,2850,0,1,2852,493899
168,2850,800,7100,5680000,2,22806,5703,1,225560000,225560000,8551,2850,5701,2850,0,1,2852,510341
168,2850,800,7100,5680000,2,22806,5703,1,225560000,225560000,8551,2850,5701,2850,0,1,2852,568694
168,2850,800,7100,5680000,2,22806,5703,1,225560000,225560000,8551,2850,5701,2850,0,1,2852,553758

168,3250,800,7100,5680000,2,26006,6503,1,250840000,250840000,9751,3250,6501,3250,0,1,3252,6603735
168,3250,800,7100,5680000,2,26006,6503,1,250840000,250840000,9751,3250,6501,3250,0,1,3252,556764
168,3250,800,7100,5680000,2,26006,6503,1,250840000,250840000,9751,3250,6501,3250,0,1,3252,555226
168,3250,800,7100,5680000,2,26006,6503,1,250840000,250840000,9751,3250,6501,3250,0,1,3252,557199
168,3250,800,7100,5680000,2,26006,6503,1,250840000,250840000,9751,3250,6501,3250,0,1,3252,556128
168,3250,800,7100,5680000,2,26006,6503,1,250840000,250840000,9751,3250,6501,3250,0,1,3252,610992
168,3250,800,7100,5680000,2,26006,6503,1,250840000,250840000,9751,3250,6501,3250,0,1,3252,628814

168,3650,800,7100,5680000,2,29206,7303,1,276120000,276120000,10951,3650,7301,3650,0,1,3652,7383082
168,3650,800,7100,5680000,2,29206,7303,1,276120000,276120000,10951,3650,7301,3650,0,1,3652,619974
168,3650,800,7100,5680000,2,29206,7303,1,276120000,276120000,10951,3650,7301,3650,0,1,3652,627301
168,3650,800,7100,5680000,2,29206,7303,1,276120000,276120000,10951,3650,7301,3650,0,1,3652,620882
168,3650,800,7100,5680000,2,29206,7303,1,276120000,276120000,10951,3650,7301,3650,0,1,3652,620434
168,3650,800,7100,5680000,2,29206,7303,1,276120000,276120000,10951,3650,7301,3650,0,1,3652,666110
168,3650,800,7100,5680000,2,29206,7303,1,276120000,276120000,10951,3650,7301,3650,0,1,3652,665663

168,4050,800,7100,5680000,2,32406,8103,1,301400000,301400000,12151,4050,8101,4050,0,1,4052,8032560
168,4050,800,7100,5680000,2,32406,8103,1,301400000,301400000,12151,4050,8101,4050,0,1,4052,703843
168,4050,800,7100,5680000,2,32406,8103,1,301400000,301400000,12151,4050,8101,4050,0,1,4052,698020
168,4050,800,7100,5680000,2,32406,8103,1,301400000,301400000,12151,4050,8101,4050,0,1,4052,710569
168,4050,800,7100,5680000,2,32406,8103,1,301400000,301400000,12151,4050,8101,4050,0,1,4052,704810
168,4050,800,7100,5680000,2,32406,8103,1,301400000,301400000,12151,4050,8101,4050,0,1,4052,731665
168,4050,800,7100,5680000,2,32406,8103,1,301400000,301400000,12151,4050,8101,4050,0,1,4052,732120

168,4450,800,7100,5680000,2,35606,8903,1,326680000,326680000,13351,4450,8901,4450,0,1,4452,8366874
168,4450,800,7100,5680000,2,35606,8903,1,326680000,326680000,13351,4450,8901,4450,0,1,4452,744671
168,4450,800,7100,5680000,2,35606,8903,1,326680000,326680000,13351,4450,8901,4450,0,1,4452,752421
168,4450,800,7100,5680000,2,35606,8903,1,326680000,326680000,13351,4450,8901,4450,0,1,4452,751821
168,4450,800,7100,5680000,2,35606,8903,1,326680000,326680000,13351,4450,8901,4450,0,1,4452,750875
168,4450,800,7100,5680000,2,35606,8903,1,326680000,326680000,13351,4450,8901,4450,0,1,4452,776105
168,4450,800,7100,5680000,2,35606,8903,1,326680000,326680000,13351,4450,8901,4450,0,1,4452,775643

168,4850,800,7100,5680000,2,38806,9703,1,351960000,351960000,14551,4850,9701,4850,0,1,4852,9569857
168,4850,800,7100,5680000,2,38806,9703,1,351960000,351960000,14551,4850,9701,4850,0,1,4852,857719
168,4850,800,7100,5680000,2,38806,9703,1,351960000,351960000,14551,4850,9701,4850,0,1,4852,849254
168,4850,800,7100,5680000,2,38806,9703,1,351960000,351960000,14551,4850,9701,4850,0,1,4852,847127
168,4850,800,7100,5680000,2,38806,9703,1,351960000,351960000,14551,4850,9701,4850,0,1,4852,867323
168,4850,800,7100,5680000,2,38806,9703,1,351960000,351960000,14551,4850,9701,4850,0,1,4852,880375
168,4850,800,7100,5680000,2,38806,9703,1,351960000,351960000,14551,4850,9701,4850,0,1,4852,873228

168,5250,800,7100,5680000,2,42006,10503,1,377240000,377240000,15751,5250,10501,5250,0,1,5252,10273322
168,5250,800,7100,5680000,2,42006,10503,1,377240000,377240000,15751,5250,10501,5250,0,1,5252,947195
168,5250,800,7100,5680000,2,42006,10503,1,377240000,377240000,15751,5250,10501,5250,0,1,5252,926033
168,5250,800,7100,5680000,2,42006,10503,1,377240000,377240000,15751,5250,10501,5250,0,1,5252,939007
168,5250,800,7100,5680000,2,42006,10503,1,377240000,377240000,15751,5250,10501,5250,0,1,5252,941689
168,5250,800,7100,5680000,2,42006,10503,1,377240000,377240000,15751,5250,10501,5250,0,1,5252,947669
168,5250,800,7100,5680000,2,42006,10503,1,377240000,377240000,15751,5250,10501,5250,0,1,5252,949753

168,5650,800,7100,5680000,2,45206,11303,1,402520000,402520000,16951,5650,11301,5650,0,1,5652,9850814
168,5650,800,7100,5680000,2,45206,11303,1,402520000,402520000,16951,5650,11301,5650,0,1,5652,989429
168,5650,800,7100,5680000,2,45206,11303,1,402520000,402520000,16951,5650,11301,5650,0,1,5652,1002697
168,5650,800,7100,5680000,2,45206,11303,1,402520000,402520000,16951,5650,11301,5650,0,1,5652,998849
168,5650,800,7100,5680000,2,45206,11303,1,402520000,402520000,16951,5650,11301,5650,0,1,5652,990896
168,5650,800,7100,5680000,2,45206,11303,1,402520000,402520000,16951,5650,11301,5650,0,1,5652,995171
168,5650,800,7100,5680000,2,45206,11303,1,402520000,402520000,16951,5650,11301,5650,0,1,5652,994511

168,6050,800,7100,5680000,2,48406,12103,1,427800000,427800000,18151,6050,12101,6050,0,1,6052,11654164
168,6050,800,7100,5680000,2,48406,12103,1,427800000,427800000,18151,6050,12101,6050,0,1,6052,1031945
168,6050,800,7100,5680000,2,48406,12103,1,427800000,427800000,18151,6050,12101,6050,0,1,6052,1034306
168,6050,800,7100,5680000,2,48406,12103,1,427800000,427800000,18151,6050,12101,6050,0,1,6052,1033541
168,6050,800,7100,5680000,2,48406,12103,1,427800000,427800000,18151,6050,12101,6050,0,1,6052,1033849
168,6050,800,7100,5680000,2,48406,12103,1,427800000,427800000,18151,6050,12101,6050,0,1,6052,1037531
168,6050,800,7100,5680000,2,48406,12103,1,427800000,427800000,18151,6050,12101,6050,0,1,6052,1037036

168,6450,800,7100,5680000,2,51606,12903,1,453080000,453080000,19351,6450,12901,6450,0,1,6452,11416378
168,6450,800,7100,5680000,2,51606,12903,1,453080000,453080000,19351,6450,12901,6450,0,1,6452,1142989
168,6450,800,7100,5680000,2,51606,12903,1,453080000,453080000,19351,6450,12901,6450,0,1,6452,1148110
168,6450,800,7100,5680000,2,51606,12903,1,453080000,453080000,19351,6450,12901,6450,0,1,6452,1147076
168,6450,800,7100,5680000,2,51606,12903,1,453080000,453080000,19351,6450,12901,6450,0,1,6452,1151395
168,6450,800,7100,5680000,2,51606,12903,1,453080000,453080000,19351,6450,12901,6450,0,1,6452,1148635
168,6450,800,7100,5680000,2,51606,12903,1,453080000,453080000,19351,6450,12901,6450,0,1,6452,1134782

168,6850,800,7100,5680000,2,54806,13703,1,478360000,478360000,20551,6850,13701,6850,0,1,6852,11712725
168,6850,800,7100,5680000,2,54806,13703,1,478360000,478360000,20551,6850,13701,6850,0,1,6852,1228766
168,6850,800,7100,5680000,2,54806,13703,1,478360000,478360000,20551,6850,13701,6850,0,1,6852,1218462
168,6850,800,7100,5680000,2,54806,13703,1,478360000,478360000,20551,6850,13701,6850,0,1,6852,1223911
168,6850,800,7100,5680000,2,54806,13703,1,478360000,478360000,20551,6850,13701,6850,0,1,6852,1224571
168,6850,800,7100,5680000,2,54806,13703,1,478360000,478360000,20551,6850,13701,6850,0,1,6852,1195729
168,6850,800,7100,5680000,2,54806,13703,1,478360000,478360000,20551,6850,13701,6850,0,1,6852,1211292

168,50,800,6700,5360000,2,406,103,1,45880000,45880000,151,50,101,50,0,1,52,69121
168,50,800,6700,5360000,2,406,103,1,45880000,45880000,151,50,101,50,0,1,52,63930
168,50,800,6700,5360000,2,406,103,1,45880000,45880000,151,50,101,50,0,1,52,60998
168,50,800,6700,5360000,2,406,103,1,45880000,45880000,151,50,101,50,0,1,52,53961
168,50,800,6700,5360000,2,406,103,1,45880000,45880000,151,50,101,50,0,1,52,64404
168,50,800,6700,5360000,2,406,103,1,45880000,45880000,151,50,101,50,0,1,52,73793
168,50,800,6700,5360000,2,406,103,1,45880000,45880000,151,50,101,50,0,1,52,74284

168,450,800,6700,5360000,2,3606,903,1,69880000,69880000,1351,450,901,450,0,1,452,655882
168,450,800,6700,5360000,2,3606,903,1,69880000,69880000,1351,450,901,450,0,1,452,121978
168,450,800,6700,5360000,2,3606,903,1,69880000,69880000,1351,450,901,450,0,1,452,123553
168,450,800,6700,5360000,2,3606,903,1,69880000,69880000,1351,450,901,450,0,1,452,122905
168,450,800,6700,5360000,2,3606,903,1,69880000,69880000,1351,450,901,450,0,1,452,123342
168,450,800,6700,5360000,2,3606,903,1,69880000,69880000,1351,450,901,450,0,1,452,141734
168,450,800,6700,5360000,2,3606,903,1,69880000,69880000,1351,450,901,450,0,1,452,142410

168,850,800,6700,5360000,2,6806,1703,1,93880000,93880000,2551,850,1701,850,0,1,852,1506077
168,850,800,6700,5360000,2,6806,1703,1,93880000,93880000,2551,850,1701,850,0,1,852,183502
168,850,800,6700,5360000,2,6806,1703,1,93880000,93880000,2551,850,1701,850,0,1,852,182484
168,850,800,6700,5360000,2,6806,1703,1,93880000,93880000,2551,850,1701,850,0,1,852,183039
168,850,800,6700,5360000,2,6806,1703,1,93880000,93880000,2551,850,1701,850,0,1,852,183730
168,850,800,6700,5360000,2,6806,1703,1,93880000,93880000,2551,850,1701,850,0,1,852,203367
168,850,800,6700,5360000,2,6806,1703,1,93880000,93880000,2551,850,1701,850,0,1,852,202977

168,1250,800,6700,5360000,2,10006,2503,1,117880000,117880000,3751,1250,2501,1250,0,1,1252,2222073
168,1250,800,6700,5360000,2,10006,2503,1,117880000,117880000,3751,1250,2501,1250,0,1,1252,241484
168,1250,800,6700,5360000,2,10006,2503,1,117880000,117880000,3751,1250,2501,1250,0,1,1252,245566
168,1250,800,6700,5360000,2,10006,2503,1,117880000,117880000,3751,1250,2501,1250,0,1,1252,240622
168,1250,800,6700,5360000,2,10006,2503,1,117880000,117880000,3751,1250,2501,1250,0,1,1252,233979
168,1250,800,6700,5360000,2,10006,2503,1,117880000,117880000,3751,1250,2501,1250,0,1,1252,253736
168,1250,800,6700,5360000,2,10006,2503,1,117880000,117880000,3751,1250,2501,1250,0,1,1252,254133

168,1650,800,6700,5360000,2,13206,3303,1,141880000,141880000,4951,1650,3301,1650,0,1,1652,2847347
168,1650,800,6700,5360000,2,13206,3303,1,141880000,141880000,4951,1650,3301,1650,0,1,1652,293559
168,1650,800,6700,5360000,2,13206,3303,1,141880000,141880000,4951,1650,3301,1650,0,1,1652,296609
168,1650,800,6700,5360000,2,13206,3303,1,141880000,141880000,4951,1650,3301,1650,0,1,1652,302464
168,1650,800,6700,5360000,2,13206,3303,1,141880000,141880000,4951,1650,3301,1650,0,1,1652,294176
168,1650,800,6700,5360000,2,13206,3303,1,141880000,141880000,4951,1650,3301,1650,0,1,1652,319216
168,1650,800,6700,5360000,2,13206,3303,1,141880000,141880000,4951,1650,3301,1650,0,1,1652,330951

168,2050,800,6700,5360000,2,16406,4103,1,165880000,165880000,6151,2050,4101,2050,0,1,2052,3650010
168,2050,800,6700,5360000,2,16406,4103,1,165880000,165880000,6151,2050,4101,2050,0,1,2052,350253
168,2050,800,6700,5360000,2,16406,4103,1,165880000,165880000,6151,2050,4101,2050,0,1,2052,350698
168,2050,800,6700,5360000,2,16406,4103,1,165880000,165880000,6151,2050,4101,2050,0,1,2052,349360
168,2050,800,6700,5360000,2,16406,4103,1,165880000,165880000,6151,2050,4101,2050,0,1,2052,350942
168,2050,800,6700,5360000,2,16406,4103,1,165880000,165880000,6151,2050,4101,2050,0,1,2052,402274
168,2050,800,6700,5360000,2,16406,4103,1,165880000,165880000,6151,2050,4101,2050,0,1,2052,401860

168,2450,800,6700,5360000,2,19606,4903,1,189880000,189880000,7351,2450,4901,2450,0,1,2452,4305675
168,2450,800,6700,5360000,2,19606,4903,1,189880000,189880000,7351,2450,4901,2450,0,1,2452,408480
168,2450,800,6700,5360000,2,19606,4903,1,189880000,189880000,7351,2450,4901,2450,0,1,2452,406804
168,2450,800,6700,5360000,2,19606,4903,1,189880000,189880000,7351,2450,4901,2450,0,1,2452,408111
168,2450,800,6700,5360000,2,19606,4903,1,189880000,189880000,7351,2450,4901,2450,0,1,2452,408984
168,2450,800,6700,5360000,2,19606,4903,1,189880000,189880000,7351,2450,4901,2450,0,1,2452,476223
168,2450,800,6700,5360000,2,19606,4903,1,189880000,189880000,7351,2450,4901,2450,0,1,2452,475808

168,2850,800,6700,5360000,2,22806,5703,1,213880000,213880000,8551,2850,5701,2850,0,1,2852,5123194
168,2850,800,6700,5360000,2,22806,5703,1,213880000,213880000,8551,2850,5701,2850,0,1,2852,464090
168,2850,800,6700,5360000,2,22806,5703,1,213880000,213880000,8551,2850,5701,2850,0,1,2852,460625
168,2850,800,6700,5360000,2,22806,5703,1,213880000,213880000,8551,2850,5701,2850,0,1,2852,464808
168,2850,800,6700,5360000,2,22806,5703,1,213880000,213880000,8551,2850,5701,2850,0,1,2852,464546
168,2850,800,6700,5360000,2,22806,5703,1,213880000,213880000,8551,2850,5701,2850,0,1,2852,531448
168,2850,800,6700,5360000,2,22806,5703,1,213880000,213880000,8551,2850,5701,2850,0,1,2852,531021

168,3250,800,6700,5360000,2,26006,6503,1,237880000,237880000,9751,3250,6501,3250,0,1,3252,6228225
168,3250,800,6700,5360000,2,26006,6503,1,237880000,237880000,9751,3250,6501,3250,0,1,3252,532919
168,3250,800,6700,5360000,2,26006,6503,1,237880000,237880000,9751,3250,6501,3250,0,1,3252,529205
168,3250,800,6700,5360000,2,26006,6503,1,237880000,237880000,9751,3250,6501,3250,0,1,3252,533490
168,3250,800,6700,5360000,2,26006,6503,1,237880000,237880000,9751,3250,6501,3250,0,1,3252,539320
168,3250,800,6700,5360000,2,26006,6503,1,237880000,237880000,9751,3250,6501,3250,0,1,3252,604951
168,3250,800,6700,5360000,2,26006,6503,1,237880000,237880000,9751,3250,6501,3250,0,1,3252,579237

168,3650,800,6700,5360000,2,29206,7303,1,261880000,261880000,10951,3650,7301,3650,0,1,3652,6736019
168,3650,800,6700,5360000,2,29206,7303,1,261880000,261880000,10951,3650,7301,3650,0,1,3652,589318
168,3650,800,6700,5360000,2,29206,7303,1,261880000,261880000,10951,3650,7301,3650,0,1,3652,583592
168,3650,800,6700,5360000,2,29206,7303,1,261880000,261880000,10951,3650,7301,3650,0,1,3652,584440
168,3650,800,6700,5360000,2,29206,7303,1,261880000,261880000,10951,3650,7301,3650,0,1,3652,584131
168,3650,800,6700,5360000,2,29206,7303,1,261880000,261880000,10951,3650,7301,3650,0,1,3652,633259
168,3650,800,6700,5360000,2,29206,7303,1,261880000,261880000,10951,3650,7301,3650,0,1,3652,633707

168,4050,800,6700,5360000,2,32406,8103,1,285880000,285880000,12151,4050,8101,4050,0,1,4052,7540228
168,4050,800,6700,5360000,2,32406,8103,1,285880000,285880000,12151,4050,8101,4050,0,1,4052,644954
168,4050,800,6700,5360000,2,32406,8103,1,285880000,285880000,12151,4050,8101,4050,0,1,4052,643431
168,4050,800,6700,5360000,2,32406,8103,1,285880000,285880000,12151,4050,8101,4050,0,1,4052,640975
168,4050,800,6700,5360000,2,32406,8103,1,285880000,285880000,12151,4050,8101,4050,0,1,4052,644020
168,4050,800,6700,5360000,2,32406,8103,1,285880000,285880000,12151,4050,8101,4050,0,1,4052,678863
168,4050,800,6700,5360000,2,32406,8103,1,285880000,285880000,12151,4050,8101,4050,0,1,4052,702881

168,4450,800,6700,5360000,2,35606,8903,1,309880000,309880000,13351,4450,8901,4450,0,1,4452,7194692
168,4450,800,6700,5360000,2,35606,8903,1,309880000,309880000,13351,4450,8901,4450,0,1,4452,755654
168,4450,800,6700,5360000,2,35606,8903,1,309880000,309880000,13351,4450,8901,4450,0,1,4452,761993
168,4450,800,6700,5360000,2,35606,8903,1,309880000,309880000,13351,4450,8901,4450,0,1,4452,742403
168,4450,800,6700,5360000,2,35606,8903,1,309880000,309880000,13351,4450,8901,4450,0,1,4452,754045
168,4450,800,6700,5360000,2,35606,8903,1,309880000,309880000,13351,4450,8901,4450,0,1,4452,768032
168,4450,800,6700,5360000,2,35606,8903,1,309880000,309880000,13351,4450,8901,4450,0,1,4452,767570

168,4850,800,6700,5360000,2,38806,9703,1,333880000,333880000,14551,4850,9701,4850,0,1,4852,8899403
168,4850,800,6700,5360000,2,38806,9703,1,333880000,333880000,14551,4850,9701,4850,0,1,4852,786755
168,4850,800,6700,5360000,2,38806,9703,1,333880000,333880000,14551,4850,9701,4850,0,1,4852,799477
168,4850,800,6700,5360000,2,38806,9703,1,333880000,333880000,14551,4850,9701,4850,0,1,4852,809495
168,4850,800,6700,5360000,2,38806,9703,1,333880000,333880000,14551,4850,9701,4850,0,1,4852,801333
168,4850,800,6700,5360000,2,38806,9703,1,333880000,333880000,14551,4850,9701,4850,0,1,4852,819427
168,4850,800,6700,5360000,2,38806,9703,1,333880000,333880000,14551,4850,9701,4850,0,1,4852,820074

168,5250,800,6700,5360000,2,42006,10503,1,357880000,357880000,15751,5250,10501,5250,0,1,5252,9259836
168,5250,800,6700,5360000,2,42006,10503,1,357880000,357880000,15751,5250,10501,5250,0,1,5252,859292
168,5250,800,6700,5360000,2,42006,10503,1,357880000,357880000,15751,5250,10501,5250,0,1,5252,858305
168,5250,800,6700,5360000,2,42006,10503,1,357880000,357880000,15751,5250,10501,5250,0,1,5252,848479
168,5250,800,6700,5360000,2,42006,10503,1,357880000,357880000,15751,5250,10501,5250,0,1,5252,859955
168,5250,800,6700,5360000,2,42006,10503,1,357880000,357880000,15751,5250,10501,5250,0,1,5252,865575
168,5250,800,6700,5360000,2,42006,10503,1,357880000,357880000,15751,5250,10501,5250,0,1,5252,865096

168,5650,800,6700,5360000,2,45206,11303,1,381880000,381880000,16951,5650,11301,5650,0,1,5652,9940049
168,5650,800,6700,5360000,2,45206,11303,1,381880000,381880000,16951,5650,11301,5650,0,1,5652,971159
168,5650,800,6700,5360000,2,45206,11303,1,381880000,381880000,16951,5650,11301,5650,0,1,5652,944947
168,5650,800,6700,5360000,2,45206,11303,1,381880000,381880000,16951,5650,11301,5650,0,1,5652,942565
168,5650,800,6700,5360000,2,45206,11303,1,381880000,381880000,16951,5650,11301,5650,0,1,5652,965756
168,5650,800,6700,5360000,2,45206,11303,1,381880000,381880000,16951,5650,11301,5650,0,1,5652,968538
168,5650,800,6700,5360000,2,45206,11303,1,381880000,381880000,16951,5650,11301,5650,0,1,5652,955818

168,6050,800,6700,5360000,2,48406,12103,1,405880000,405880000,18151,6050,12101,6050,0,1,6052,10779446
168,6050,800,6700,5360000,2,48406,12103,1,405880000,405880000,18151,6050,12101,6050,0,1,6052,1028727
168,6050,800,6700,5360000,2,48406,12103,1,405880000,405880000,18151,6050,12101,6050,0,1,6052,1033994
168,6050,800,6700,5360000,2,48406,12103,1,405880000,405880000,18151,6050,12101,6050,0,1,6052,1018282
168,6050,800,6700,5360000,2,48406,12103,1,405880000,405880000,18151,6050,12101,6050,0,1,6052,1030047
168,6050,800,6700,5360000,2,48406,12103,1,405880000,405880000,18151,6050,12101,6050,0,1,6052,1029509
168,6050,800,6700,5360000,2,48406,12103,1,405880000,405880000,18151,6050,12101,6050,0,1,6052,1034495

168,6450,800,6700,5360000,2,51606,12903,1,429880000,429880000,19351,6450,12901,6450,0,1,6452,11764558
168,6450,800,6700,5360000,2,51606,12903,1,429880000,429880000,19351,6450,12901,6450,0,1,6452,1075052
168,6450,800,6700,5360000,2,51606,12903,1,429880000,429880000,19351,6450,12901,6450,0,1,6452,1068218
168,6450,800,6700,5360000,2,51606,12903,1,429880000,429880000,19351,6450,12901,6450,0,1,6452,1076151
168,6450,800,6700,5360000,2,51606,12903,1,429880000,429880000,19351,6450,12901,6450,0,1,6452,1075522
168,6450,800,6700,5360000,2,51606,12903,1,429880000,429880000,19351,6450,12901,6450,0,1,6452,1068628
168,6450,800,6700,5360000,2,51606,12903,1,429880000,429880000,19351,6450,12901,6450,0,1,6452,1066702

168,6850,800,6700,5360000,2,54806,13703,1,453880000,453880000,20551,6850,13701,6850,0,1,6852,11819101
168,6850,800,6700,5360000,2,54806,13703,1,453880000,453880000,20551,6850,13701,6850,0,1,6852,1118833
168,6850,800,6700,5360000,2,54806,13703,1,453880000,453880000,20551,6850,13701,6850,0,1,6852,1114714
168,6850,800,6700,5360000,2,54806,13703,1,453880000,453880000,20551,6850,13701,6850,0,1,6852,1118139
168,6850,800,6700,5360000,2,54806,13703,1,453880000,453880000,20551,6850,13701,6850,0,1,6852,1119470
168,6850,800,6700,5360000,2,54806,13703,1,453880000,453880000,20551,6850,13701,6850,0,1,6852,1110903
168,6850,800,6700,5360000,2,54806,13703,1,453880000,453880000,20551,6850,13701,6850,0,1,6852,1112952

168,50,800,6300,5040000,2,406,103,1,43160000,43160000,151,50,101,50,0,1,52,63506
168,50,800,6300,5040000,2,406,103,1,43160000,43160000,151,50,101,50,0,1,52,58985
168,50,800,6300,5040000,2,406,103,1,43160000,43160000,151,50,101,50,0,1,52,50924
168,50,800,6300,5040000,2,406,103,1,43160000,43160000,151,50,101,50,0,1,52,55568
168,50,800,6300,5040000,2,406,103,1,43160000,43160000,151,50,101,50,0,1,52,59461
168,50,800,6300,5040000,2,406,103,1,43160000,43160000,151,50,101,50,0,1,52,72330
168,50,800,6300,5040000,2,406,103,1,43160000,43160000,151,50,101,50,0,1,52,71838

168,450,800,6300,5040000,2,3606,903,1,65880000,65880000,1351,450,901,450,0,1,452,600021
168,450,800,6300,5040000,2,3606,903,1,65880000,65880000,1351,450,901,450,0,1,452,116077
168,450,800,6300,5040000,2,3606,903,1,65880000,65880000,1351,450,901,450,0,1,452,117295
168,450,800,6300,5040000,2,3606,903,1,65880000,65880000,1351,450,901,450,0,1,452,117081
168,450,800,6300,5040000,2,3606,903,1,65880000,65880000,1351,450,901,450,0,1,452,116644
168,450,800,6300,5040000,2,3606,903,1,65880000,65880000,1351,450,901,450,0,1,452,131855
168,450,800,6300,5040000,2,3606,903,1,65880000,65880000,1351,450,901,450,0,1,452,133172

168,850,800,6300,5040000,2,6806,1703,1,88600000,88600000,2551,850,1701,850,0,1,852,1372490
168,850,800,6300,5040000,2,6806,1703,1,88600000,88600000,2551,850,1701,850,0,1,852,166080
168,850,800,6300,5040000,2,6806,1703,1,88600000,88600000,2551,850,1701,850,0,1,852,158351
168,850,800,6300,5040000,2,6806,1703,1,88600000,88600000,2551,850,1701,850,0,1,852,161917
168,850,800,6300,5040000,2,6806,1703,1,88600000,88600000,2551,850,1701,850,0,1,852,166596
168,850,800,6300,5040000,2,6806,1703,1,88600000,88600000,2551,850,1701,850,0,1,852,192185
168,850,800,6300,5040000,2,6806,1703,1,88600000,88600000,2551,850,1701,850,0,1,852,194607

168,1250,800,6300,5040000,2,10006,2503,1,111320000,111320000,3751,1250,2501,1250,0,1,1252,2001767
168,1250,800,6300,5040000,2,10006,2503,1,111320000,111320000,3751,1250,2501,1250,0,1,1252,241810
168,1250,800,6300,5040000,2,10006,2503,1,111320000,111320000,3751,1250,2501,1250,0,1,1252,242341
168,1250,800,6300,5040000,2,10006,2503,1,111320000,111320000,3751,1250,2501,1250,0,1,1252,242811
168,1250,800,6300,5040000,2,10006,2503,1,111320000,111320000,3751,1250,2501,1250,0,1,1252,243034
168,1250,800,6300,5040000,2,10006,2503,1,111320000,111320000,3751,1250,2501,1250,0,1,1252,241032
168,1250,800,6300,5040000,2,10006,2503,1,111320000,111320000,3751,1250,2501,1250,0,1,1252,234686

168,1650,800,6300,5040000,2,13206,3303,1,134040000,134040000,4951,1650,3301,1650,0,1,1652,2714462
168,1650,800,6300,5040000,2,13206,3303,1,134040000,134040000,4951,1650,3301,1650,0,1,1652,279912
168,1650,800,6300,5040000,2,13206,3303,1,134040000,134040000,4951,1650,3301,1650,0,1,1652,277773
168,1650,800,6300,5040000,2,13206,3303,1,134040000,134040000,4951,1650,3301,1650,0,1,1652,277321
168,1650,800,6300,5040000,2,13206,3303,1,134040000,134040000,4951,1650,3301,1650,0,1,1652,283154
168,1650,800,6300,5040000,2,13206,3303,1,134040000,134040000,4951,1650,3301,1650,0,1,1652,307598
168,1650,800,6300,5040000,2,13206,3303,1,134040000,134040000,4951,1650,3301,1650,0,1,1652,307189

168,2050,800,6300,5040000,2,16406,4103,1,156760000,156760000,6151,2050,4101,2050,0,1,2052,3166581
168,2050,800,6300,5040000,2,16406,4103,1,156760000,156760000,6151,2050,4101,2050,0,1,2052,340378
168,2050,800,6300,5040000,2,16406,4103,1,156760000,156760000,6151,2050,4101,2050,0,1,2052,336369
168,2050,800,6300,5040000,2,16406,4103,1,156760000,156760000,6151,2050,4101,2050,0,1,2052,339676
168,2050,800,6300,5040000,2,16406,4103,1,156760000,156760000,6151,2050,4101,2050,0,1,2052,340789
168,2050,800,6300,5040000,2,16406,4103,1,156760000,156760000,6151,2050,4101,2050,0,1,2052,349153
168,2050,800,6300,5040000,2,16406,4103,1,156760000,156760000,6151,2050,4101,2050,0,1,2052,386799

168,2450,800,6300,5040000,2,19606,4903,1,179480000,179480000,7351,2450,4901,2450,0,1,2452,3984503
168,2450,800,6300,5040000,2,19606,4903,1,179480000,179480000,7351,2450,4901,2450,0,1,2452,382093
168,2450,800,6300,5040000,2,19606,4903,1,179480000,179480000,7351,2450,4901,2450,0,1,2452,386345
168,2450,800,6300,5040000,2,19606,4903,1,179480000,179480000,7351,2450,4901,2450,0,1,2452,386086
168,2450,800,6300,5040000,2,19606,4903,1,179480000,179480000,7351,2450,4901,2450,0,1,2452,385642
168,2450,800,6300,5040000,2,19606,4903,1,179480000,179480000,7351,2450,4901,2450,0,1,2452,460752
168,2450,800,6300,5040000,2,19606,4903,1,179480000,179480000,7351,2450,4901,2450,0,1,2452,463223

168,2850,800,6300,5040000,2,22806,5703,1,202200000,202200000,8551,2850,5701,2850,0,1,2852,4820870
168,2850,800,6300,5040000,2,22806,5703,1,202200000,202200000,8551,2850,5701,2850,0,1,2852,443328
168,2850,800,6300,5040000,2,22806,5703,1,202200000,202200000,8551,2850,5701,2850,0,1,2852,450318
168,2850,800,6300,5040000,2,22806,5703,1,202200000,202200000,8551,2850,5701,2850,0,1,2852,442806
168,2850,800,6300,5040000,2,22806,5703,1,202200000,202200000,8551,2850,5701,2850,0,1,2852,444995
168,2850,800,6300,5040000,2,22806,5703,1,202200000,202200000,8551,2850,5701,2850,0,1,2852,505537
168,2850,800,6300,5040000,2,22806,5703,1,202200000,202200000,8551,2850,5701,2850,0,1,2852,505964

168,3250,800,6300,5040000,2,26006,6503,1,224920000,224920000,9751,3250,6501,3250,0,1,3252,5677329
168,3250,800,6300,5040000,2,26006,6503,1,224920000,224920000,9751,3250,6501,3250,0,1,3252,497999
168,3250,800,6300,5040000,2,26006,6503,1,224920000,224920000,9751,3250,6501,3250,0,1,3252,493558
168,3250,800,6300,5040000,2,26006,6503,1,224920000,224920000,9751,3250,6501,3250,0,1,3252,510892
168,3250,800,6300,5040000,2,26006,6503,1,224920000,224920000,9751,3250,6501,3250,0,1,3252,500083
168,3250,800,6300,5040000,2,26006,6503,1,224920000,224920000,9751,3250,6501,3250,0,1,3252,560508
168,3250,800,6300,5040000,2,26006,6503,1,224920000,224920000,9751,3250,6501,3250,0,1,3252,560078

168,3650,800,6300,5040000,2,29206,7303,1,247640000,247640000,10951,3650,7301,3650,0,1,3652,5862329
168,3650,800,6300,5040000,2,29206,7303,1,247640000,247640000,10951,3650,7301,3650,0,1,3652,553278
168,3650,800,6300,5040000,2,29206,7303,1,247640000,247640000,10951,3650,7301,3650,0,1,3652,552798
168,3650,800,6300,5040000,2,29206,7303,1,247640000,247640000,10951,3650,7301,3650,0,1,3652,553571
168,3650,800,6300,5040000,2,29206,7303,1,247640000,247640000,10951,3650,7301,3650,0,1,3652,552225
168,3650,800,6300,5040000,2,29206,7303,1,247640000,247640000,10951,3650,7301,3650,0,1,3652,606198
168,3650,800,6300,5040000,2,29206,7303,1,247640000,247640000,10951,3650,7301,3650,0,1,3652,606643

168,4050,800,6300,5040000,2,32406,8103,1,270360000,270360000,12151,4050,8101,4050,0,1,4052,6894407
168,4050,800,6300,5040000,2,32406,8103,1,270360000,270360000,12151,4050,8101,4050,0,1,4052,606832
168,4050,800,6300,5040000,2,32406,8103,1,270360000,270360000,12151,4050,8101,4050,0,1,4052,603178
168,4050,800,6300,5040000,2,32406,8103,1,270360000,270360000,12151,4050,8101,4050,0,1,4052,606290
168,4050,800,6300,5040000,2,32406,8103,1,270360000,270360000,12151,4050,8101,4050,0,1,4052,605658
168,4050,800,6300,5040000,2,32406,8103,1,270360000,270360000,12151,4050,8101,4050,0,1,4052,653000
168,4050,800,6300,5040000,2,32406,8103,1,270360000,270360000,12151,4050,8101,4050,0,1,4052,653537

168,4450,800,6300,5040000,2,35606,8903,1,293080000,293080000,13351,4450,8901,4450,0,1,4452,7611584
168,4450,800,6300,5040000,2,35606,8903,1,293080000,293080000,13351,4450,8901,4450,0,1,4452,668778
168,4450,800,6300,5040000,2,35606,8903,1,293080000,293080000,13351,4450,8901,4450,0,1,4452,662661
168,4450,800,6300,5040000,2,35606,8903,1,293080000,293080000,13351,4450,8901,4450,0,1,4452,664811
168,4450,800,6300,5040000,2,35606,8903,1,293080000,293080000,13351,4450,8901,4450,0,1,4452,667824
168,4450,800,6300,5040000,2,35606,8903,1,293080000,293080000,13351,4450,8901,4450,0,1,4452,717781
168,4450,800,6300,5040000,2,35606,8903,1,293080000,293080000,13351,4450,8901,4450,0,1,4452,693074

168,4850,800,6300,5040000,2,38806,9703,1,315800000,315800000,14551,4850,9701,4850,0,1,4852,8141745
168,4850,800,6300,5040000,2,38806,9703,1,315800000,315800000,14551,4850,9701,4850,0,1,4852,780671
168,4850,800,6300,5040000,2,38806,9703,1,315800000,315800000,14551,4850,9701,4850,0,1,4852,751148
168,4850,800,6300,5040000,2,38806,9703,1,315800000,315800000,14551,4850,9701,4850,0,1,4852,753543
168,4850,800,6300,5040000,2,38806,9703,1,315800000,315800000,14551,4850,9701,4850,0,1,4852,786979
168,4850,800,6300,5040000,2,38806,9703,1,315800000,315800000,14551,4850,9701,4850,0,1,4852,792540
168,4850,800,6300,5040000,2,38806,9703,1,315800000,315800000,14551,4850,9701,4850,0,1,4852,797563

168,5250,800,6300,5040000,2,42006,10503,1,338520000,338520000,15751,5250,10501,5250,0,1,5252,8023164
168,5250,800,6300,5040000,2,42006,10503,1,338520000,338520000,15751,5250,10501,5250,0,1,5252,818180
168,5250,800,6300,5040000,2,42006,10503,1,338520000,338520000,15751,5250,10501,5250,0,1,5252,836020
168,5250,800,6300,5040000,2,42006,10503,1,338520000,338520000,15751,5250,10501,5250,0,1,5252,830405
168,5250,800,6300,5040000,2,42006,10503,1,338520000,338520000,15751,5250,10501,5250,0,1,5252,831373
168,5250,800,6300,5040000,2,42006,10503,1,338520000,338520000,15751,5250,10501,5250,0,1,5252,838821
168,5250,800,6300,5040000,2,42006,10503,1,338520000,338520000,15751,5250,10501,5250,0,1,5252,838342

168,5650,800,6300,5040000,2,45206,11303,1,361240000,361240000,16951,5650,11301,5650,0,1,5652,9481556
168,5650,800,6300,5040000,2,45206,11303,1,361240000,361240000,16951,5650,11301,5650,0,1,5652,868574
168,5650,800,6300,5040000,2,45206,11303,1,361240000,361240000,16951,5650,11301,5650,0,1,5652,869649
168,5650,800,6300,5040000,2,45206,11303,1,361240000,361240000,16951,5650,11301,5650,0,1,5652,874837
168,5650,800,6300,5040000,2,45206,11303,1,361240000,361240000,16951,5650,11301,5650,0,1,5652,858293
168,5650,800,6300,5040000,2,45206,11303,1,361240000,361240000,16951,5650,11301,5650,0,1,5652,880845
168,5650,800,6300,5040000,2,45206,11303,1,361240000,361240000,16951,5650,11301,5650,0,1,5652,880359

168,6050,800,6300,5040000,2,48406,12103,1,383960000,383960000,18151,6050,12101,6050,0,1,6052,9987356
168,6050,800,6300,5040000,2,48406,12103,1,383960000,383960000,18151,6050,12101,6050,0,1,6052,926209
168,6050,800,6300,5040000,2,48406,12103,1,383960000,383960000,18151,6050,12101,6050,0,1,6052,919728
168,6050,800,6300,5040000,2,48406,12103,1,383960000,383960000,18151,6050,12101,6050,0,1,6052,927516
168,6050,800,6300,5040000,2,48406,12103,1,383960000,383960000,18151,6050,12101,6050,0,1,6052,928044
168,6050,800,6300,5040000,2,48406,12103,1,383960000,383960000,18151,6050,12101,6050,0,1,6052,931087
168,6050,800,6300,5040000,2,48406,12103,1,383960000,383960000,18151,6050,12101,6050,0,1,6052,931579

168,6450,800,6300,5040000,2,51606,12903,1,406680000,406680000,19351,6450,12901,6450,0,1,6452,10702894
168,6450,800,6300,5040000,2,51606,12903,1,406680000,406680000,19351,6450,12901,6450,0,1,6452,1028468
168,6450,800,6300,5040000,2,51606,12903,1,406680000,406680000,19351,6450,12901,6450,0,1,6452,981482
168,6450,800,6300,5040000,2,51606,12903,1,406680000,406680000,19351,6450,12901,6450,0,1,6452,993039
168,6450,800,6300,5040000,2,51606,12903,1,406680000,406680000,19351,6450,12901,6450,0,1,6452,1024476
168,6450,800,6300,5040000,2,51606,12903,1,406680000,406680000,19351,6450,12901,6450,0,1,6452,1031656
168,6450,800,6300,5040000,2,51606,12903,1,406680000,406680000,19351,6450,12901,6450,0,1,6452,1031153

168,6850,800,6300,5040000,2,54806,13703,1,429400000,429400000,20551,6850,13701,6850,0,1,6852,11374573
168,6850,800,6300,5040000,2,54806,13703,1,429400000,429400000,20551,6850,13701,6850,0,1,6852,1064079
168,6850,800,6300,5040000,2,54806,13703,1,429400000,429400000,20551,6850,13701,6850,0,1,6852,1066964
168,6850,800,6300,5040000,2,54806,13703,1,429400000,429400000,20551,6850,13701,6850,0,1,6852,1060241
168,6850,800,6300,5040000,2,54806,13703,1,429400000,429400000,20551,6850,13701,6850,0,1,6852,1063360
168,6850,800,6300,5040000,2,54806,13703,1,429400000,429400000,20551,6850,13701,6850,0,1,6852,1062934
168,6850,800,6300,5040000,2,54806,13703,1,429400000,429400000,20551,6850,13701,6850,0,1,6852,1062653

168,50,800,5900,4720000,2,406,103,1,40440000,40440000,151,50,101,50,0,1,52,61344
168,50,800,5900,4720000,2,406,103,1,40440000,40440000,151,50,101,50,0,1,52,57953
168,50,800,5900,4720000,2,406,103,1,40440000,40440000,151,50,101,50,0,1,52,57484
168,50,800,5900,4720000,2,406,103,1,40440000,40440000,151,50,101,50,0,1,52,54089
168,50,800,5900,4720000,2,406,103,1,40440000,40440000,151,50,101,50,0,1,52,49132
168,50,800,5900,4720000,2,406,103,1,40440000,40440000,151,50,101,50,0,1,52,69237
168,50,800,5900,4720000,2,406,103,1,40440000,40440000,151,50,101,50,0,1,52,69720

168,450,800,5900,4720000,2,3606,903,1,61880000,61880000,1351,450,901,450,0,1,452,548877
168,450,800,5900,4720000,2,3606,903,1,61880000,61880000,1351,450,901,450,0,1,452,110784
168,450,800,5900,4720000,2,3606,903,1,61880000,61880000,1351,450,901,450,0,1,452,109413
168,450,800,5900,4720000,2,3606,903,1,61880000,61880000,1351,450,901,450,0,1,452,110339
168,450,800,5900,4720000,2,3606,903,1,61880000,61880000,1351,450,901,450,0,1,452,110999
168,450,800,5900,4720000,2,3606,903,1,61880000,61880000,1351,450,901,450,0,1,452,125761
168,450,800,5900,4720000,2,3606,903,1,61880000,61880000,1351,450,901,450,0,1,452,126264

168,850,800,5900,4720000,2,6806,1703,1,83320000,83320000,2551,850,1701,850,0,1,852,1232160
168,850,800,5900,4720000,2,6806,1703,1,83320000,83320000,2551,850,1701,850,0,1,852,163124
168,850,800,5900,4720000,2,6806,1703,1,83320000,83320000,2551,850,1701,850,0,1,852,164296
168,850,800,5900,4720000,2,6806,1703,1,83320000,83320000,2551,850,1701,850,0,1,852,165181
168,850,800,5900,4720000,2,6806,1703,1,83320000,83320000,2551,850,1701,850,0,1,852,164682
168,850,800,5900,4720000,2,6806,1703,1,83320000,83320000,2551,850,1701,850,0,1,852,180838
168,850,800,5900,4720000,2,6806,1703,1,83320000,83320000,2551,850,1701,850,0,1,852,182255

168,1250,800,5900,4720000,2,10006,2503,1,104760000,104760000,3751,1250,2501,1250,0,1,1252,1900836
168,1250,800,5900,4720000,2,10006,2503,1,104760000,104760000,3751,1250,2501,1250,0,1,1252,219400
168,1250,800,5900,4720000,2,10006,2503,1,104760000,104760000,3751,1250,2501,1250,0,1,1252,221644
168,1250,800,5900,4720000,2,10006,2503,1,104760000,104760000,3751,1250,2501,1250,0,1,1252,221219
168,1250,800,5900,4720000,2,10006,2503,1,104760000,104760000,3751,1250,2501,1250,0,1,1252,220856
168,1250,800,5900,4720000,2,10006,2503,1,104760000,104760000,3751,1250,2501,1250,0,1,1252,223417
168,1250,800,5900,4720000,2,10006,2503,1,104760000,104760000,3751,1250,2501,1250,0,1,1252,223820

168,1650,800,5900,4720000,2,13206,3303,1,126200000,126200000,4951,1650,3301,1650,0,1,1652,2525862
168,1650,800,5900,4720000,2,13206,3303,1,126200000,126200000,4951,1650,3301,1650,0,1,1652,275242
168,1650,800,5900,4720000,2,13206,3303,1,126200000,126200000,4951,1650,3301,1650,0,1,1652,281262
168,1650,800,5900,4720000,2,13206,3303,1,126200000,126200000,4951,1650,3301,1650,0,1,1652,282918
168,1650,800,5900,4720000,2,13206,3303,1,126200000,126200000,4951,1650,3301,1650,0,1,1652,277442
168,1650,800,5900,4720000,2,13206,3303,1,126200000,126200000,4951,1650,3301,1650,0,1,1652,280724
168,1650,800,5900,4720000,2,13206,3303,1,126200000,126200000,4951,1650,3301,1650,0,1,1652,280317

168,2050,800,5900,4720000,2,16406,4103,1,147640000,147640000,6151,2050,4101,2050,0,1,2052,3060807
168,2050,800,5900,4720000,2,16406,4103,1,147640000,147640000,6151,2050,4101,2050,0,1,2052,312593
168,2050,800,5900,4720000,2,16406,4103,1,147640000,147640000,6151,2050,4101,2050,0,1,2052,308998
168,2050,800,5900,4720000,2,16406,4103,1,147640000,147640000,6151,2050,4101,2050,0,1,2052,313906
168,2050,800,5900,4720000,2,16406,4103,1,147640000,147640000,6151,2050,4101,2050,0,1,2052,312156
168,2050,800,5900,4720000,2,16406,4103,1,147640000,147640000,6151,2050,4101,2050,0,1,2052,349815
168,2050,800,5900,4720000,2,16406,4103,1,147640000,147640000,6151,2050,4101,2050,0,1,2052,349399

168,2450,800,5900,4720000,2,19606,4903,1,169080000,169080000,7351,2450,4901,2450,0,1,2452,3872091
168,2450,800,5900,4720000,2,19606,4903,1,169080000,169080000,7351,2450,4901,2450,0,1,2452,360511
168,2450,800,5900,4720000,2,19606,4903,1,169080000,169080000,7351,2450,4901,2450,0,1,2452,359818
168,2450,800,5900,4720000,2,19606,4903,1,169080000,169080000,7351,2450,4901,2450,0,1,2452,360265
168,2450,800,5900,4720000,2,19606,4903,1,169080000,169080000,7351,2450,4901,2450,0,1,2452,359273
168,2450,800,5900,4720000,2,19606,4903,1,169080000,169080000,7351,2450,4901,2450,0,1,2452,412179
168,2450,800,5900,4720000,2,19606,4903,1,169080000,169080000,7351,2450,4901,2450,0,1,2452,412611

168,2850,800,5900,4720000,2,22806,5703,1,190520000,190520000,8551,2850,5701,2850,0,1,2852,4560891
168,2850,800,5900,4720000,2,22806,5703,1,190520000,190520000,8551,2850,5701,2850,0,1,2852,413155
168,2850,800,5900,4720000,2,22806,5703,1,190520000,190520000,8551,2850,5701,2850,0,1,2852,413646
168,2850,800,5900,4720000,2,22806,5703,1,190520000,190520000,8551,2850,5701,2850,0,1,2852,412250
168,2850,800,5900,4720000,2,22806,5703,1,190520000,190520000,8551,2850,5701,2850,0,1,2852,413919
168,2850,800,5900,4720000,2,22806,5703,1,190520000,190520000,8551,2850,5701,2850,0,1,2852,476333
168,2850,800,5900,4720000,2,22806,5703,1,190520000,190520000,8551,2850,5701,2850,0,1,2852,476758

168,3250,800,5900,4720000,2,26006,6503,1,211960000,211960000,9751,3250,6501,3250,0,1,3252,5000168
168,3250,800,5900,4720000,2,26006,6503,1,211960000,211960000,9751,3250,6501,3250,0,1,3252,463144
168,3250,800,5900,4720000,2,26006,6503,1,211960000,211960000,9751,3250,6501,3250,0,1,3252,465568
168,3250,800,5900,4720000,2,26006,6503,1,211960000,211960000,9751,3250,6501,3250,0,1,3252,464827
168,3250,800,5900,4720000,2,26006,6503,1,211960000,211960000,9751,3250,6501,3250,0,1,3252,465297
168,3250,800,5900,4720000,2,26006,6503,1,211960000,211960000,9751,3250,6501,3250,0,1,3252,543985
168,3250,800,5900,4720000,2,26006,6503,1,211960000,211960000,9751,3250,6501,3250,0,1,3252,533987

168,3650,800,5900,4720000,2,29206,7303,1,233400000,233400000,10951,3650,7301,3650,0,1,3652,5400800
168,3650,800,5900,4720000,2,29206,7303,1,233400000,233400000,10951,3650,7301,3650,0,1,3652,530080
168,3650,800,5900,4720000,2,29206,7303,1,233400000,233400000,10951,3650,7301,3650,0,1,3652,514705
168,3650,800,5900,4720000,2,29206,7303,1,233400000,233400000,10951,3650,7301,3650,0,1,3652,515582
168,3650,800,5900,4720000,2,29206,7303,1,233400000,233400000,10951,3650,7301,3650,0,1,3652,533245
168,3650,800,5900,4720000,2,29206,7303,1,233400000,233400000,10951,3650,7301,3650,0,1,3652,573172
168,3650,800,5900,4720000,2,29206,7303,1,233400000,233400000,10951,3650,7301,3650,0,1,3652,587826

168,4050,800,5900,4720000,2,32406,8103,1,254840000,254840000,12151,4050,8101,4050,0,1,4052,6414723
168,4050,800,5900,4720000,2,32406,8103,1,254840000,254840000,12151,4050,8101,4050,0,1,4052,565707
168,4050,800,5900,4720000,2,32406,8103,1,254840000,254840000,12151,4050,8101,4050,0,1,4052,566115
168,4050,800,5900,4720000,2,32406,8103,1,254840000,254840000,12151,4050,8101,4050,0,1,4052,564188
168,4050,800,5900,4720000,2,32406,8103,1,254840000,254840000,12151,4050,8101,4050,0,1,4052,566678
168,4050,800,5900,4720000,2,32406,8103,1,254840000,254840000,12151,4050,8101,4050,0,1,4052,620423
168,4050,800,5900,4720000,2,32406,8103,1,254840000,254840000,12151,4050,8101,4050,0,1,4052,619971

168,4450,800,5900,4720000,2,35606,8903,1,276280000,276280000,13351,4450,8901,4450,0,1,4452,7076319
168,4450,800,5900,4720000,2,35606,8903,1,276280000,276280000,13351,4450,8901,4450,0,1,4452,639869
168,4450,800,5900,4720000,2,35606,8903,1,276280000,276280000,13351,4450,8901,4450,0,1,4452,646724
168,4450,800,5900,4720000,2,35606,8903,1,276280000,276280000,13351,4450,8901,4450,0,1,4452,624713
168,4450,800,5900,4720000,2,35606,8903,1,276280000,276280000,13351,4450,8901,4450,0,1,4452,641638
168,4450,800,5900,4720000,2,35606,8903,1,276280000,276280000,13351,4450,8901,4450,0,1,4452,672850
168,4450,800,5900,4720000,2,35606,8903,1,276280000,276280000,13351,4450,8901,4450,0,1,4452,672391

168,4850,800,5900,4720000,2,38806,9703,1,297720000,297720000,14551,4850,9701,4850,0,1,4852,7751222
168,4850,800,5900,4720000,2,38806,9703,1,297720000,297720000,14551,4850,9701,4850,0,1,4852,696121
168,4850,800,5900,4720000,2,38806,9703,1,297720000,297720000,14551,4850,9701,4850,0,1,4852,690064
168,4850,800,5900,4720000,2,38806,9703,1,297720000,297720000,14551,4850,9701,4850,0,1,4852,701348
168,4850,800,5900,4720000,2,38806,9703,1,297720000,297720000,14551,4850,9701,4850,0,1,4852,694426
168,4850,800,5900,4720000,2,38806,9703,1,297720000,297720000,14551,4850,9701,4850,0,1,4852,722745
168,4850,800,5900,4720000,2,38806,9703,1,297720000,297720000,14551,4850,9701,4850,0,1,4852,723210

168,5250,800,5900,4720000,2,42006,10503,1,319160000,319160000,15751,5250,10501,5250,0,1,5252,7465453
168,5250,800,5900,4720000,2,42006,10503,1,319160000,319160000,15751,5250,10501,5250,0,1,5252,775066
168,5250,800,5900,4720000,2,42006,10503,1,319160000,319160000,15751,5250,10501,5250,0,1,5252,763922
168,5250,800,5900,4720000,2,42006,10503,1,319160000,319160000,15751,5250,10501,5250,0,1,5252,776394
168,5250,800,5900,4720000,2,42006,10503,1,319160000,319160000,15751,5250,10501,5250,0,1,5252,777534
168,5250,800,5900,4720000,2,42006,10503,1,319160000,319160000,15751,5250,10501,5250,0,1,5252,780907
168,5250,800,5900,4720000,2,42006,10503,1,319160000,319160000,15751,5250,10501,5250,0,1,5252,781387

168,5650,800,5900,4720000,2,45206,11303,1,340600000,340600000,16951,5650,11301,5650,0,1,5652,8424420
168,5650,800,5900,4720000,2,45206,11303,1,340600000,340600000,16951,5650,11301,5650,0,1,5652,829110
168,5650,800,5900,4720000,2,45206,11303,1,340600000,340600000,16951,5650,11301,5650,0,1,5652,826635
168,5650,800,5900,4720000,2,45206,11303,1,340600000,340600000,16951,5650,11301,5650,0,1,5652,824044
168,5650,800,5900,4720000,2,45206,11303,1,340600000,340600000,16951,5650,11301,5650,0,1,5652,827930
168,5650,800,5900,4720000,2,45206,11303,1,340600000,340600000,16951,5650,11301,5650,0,1,5652,841244
168,5650,800,5900,4720000,2,45206,11303,1,340600000,340600000,16951,5650,11301,5650,0,1,5652,834564

168,6050,800,5900,4720000,2,48406,12103,1,362040000,362040000,18151,6050,12101,6050,0,1,6052,9989685
168,6050,800,5900,4720000,2,48406,12103,1,362040000,362040000,18151,6050,12101,6050,0,1,6052,912747
168,6050,800,5900,4720000,2,48406,12103,1,362040000,362040000,18151,6050,12101,6050,0,1,6052,873633
168,6050,800,5900,4720000,2,48406,12103,1,362040000,362040000,18151,6050,12101,6050,0,1,6052,883292
168,6050,800,5900,4720000,2,48406,12103,1,362040000,362040000,18151,6050,12101,6050,0,1,6052,916455
168,6050,800,5900,4720000,2,48406,12103,1,362040000,362040000,18151,6050,12101,6050,0,1,6052,911567
168,6050,800,5900,4720000,2,48406,12103,1,362040000,362040000,18151,6050,12101,6050,0,1,6052,916952

168,6450,800,5900,4720000,2,51606,12903,1,383480000,383480000,19351,6450,12901,6450,0,1,6452,10436672
168,6450,800,5900,4720000,2,51606,12903,1,383480000,383480000,19351,6450,12901,6450,0,1,6452,931441
168,6450,800,5900,4720000,2,51606,12903,1,383480000,383480000,19351,6450,12901,6450,0,1,6452,939329
168,6450,800,5900,4720000,2,51606,12903,1,383480000,383480000,19351,6450,12901,6450,0,1,6452,933884
168,6450,800,5900,4720000,2,51606,12903,1,383480000,383480000,19351,6450,12901,6450,0,1,6452,932794
168,6450,800,5900,4720000,2,51606,12903,1,383480000,383480000,19351,6450,12901,6450,0,1,6452,939707
168,6450,800,5900,4720000,2,51606,12903,1,383480000,383480000,19351,6450,12901,6450,0,1,6452,939986

168,6850,800,5900,4720000,2,54806,13703,1,404920000,404920000,20551,6850,13701,6850,0,1,6852,9604488
168,6850,800,5900,4720000,2,54806,13703,1,404920000,404920000,20551,6850,13701,6850,0,1,6852,1001002
168,6850,800,5900,4720000,2,54806,13703,1,404920000,404920000,20551,6850,13701,6850,0,1,6852,995955
168,6850,800,5900,4720000,2,54806,13703,1,404920000,404920000,20551,6850,13701,6850,0,1,6852,1006958
168,6850,800,5900,4720000,2,54806,13703,1,404920000,404920000,20551,6850,13701,6850,0,1,6852,1003457
168,6850,800,5900,4720000,2,54806,13703,1,404920000,404920000,20551,6850,13701,6850,0,1,6852,1005868
168,6850,800,5900,4720000,2,54806,13703,1,404920000,404920000,20551,6850,13701,6850,0,1,6852,1006305

168,50,800,5500,4400000,2,406,103,1,37720000,37720000,151,50,101,50,0,1,52,54354
168,50,800,5500,4400000,2,406,103,1,37720000,37720000,151,50,101,50,0,1,52,44325
168,50,800,5500,4400000,2,406,103,1,37720000,37720000,151,50,101,50,0,1,52,50423
168,50,800,5500,4400000,2,406,103,1,37720000,37720000,151,50,101,50,0,1,52,52692
168,50,800,5500,4400000,2,406,103,1,37720000,37720000,151,50,101,50,0,1,52,52223
168,50,800,5500,4400000,2,406,103,1,37720000,37720000,151,50,101,50,0,1,52,63450
168,50,800,5500,4400000,2,406,103,1,37720000,37720000,151,50,101,50,0,1,52,67229

168,450,800,5500,4400000,2,3606,903,1,57880000,57880000,1351,450,901,450,0,1,452,525427
168,450,800,5500,4400000,2,3606,903,1,57880000,57880000,1351,450,901,450,0,1,452,93088
168,450,800,5500,4400000,2,3606,903,1,57880000,57880000,1351,450,901,450,0,1,452,100437
168,450,800,5500,4400000,2,3606,903,1,57880000,57880000,1351,450,901,450,0,1,452,100912
168,450,800,5500,4400000,2,3606,903,1,57880000,57880000,1351,450,901,450,0,1,452,99422
168,450,800,5500,4400000,2,3606,903,1,57880000,57880000,1351,450,901,450,0,1,452,116410
168,450,800,5500,4400000,2,3606,903,1,57880000,57880000,1351,450,901,450,0,1,452,116906

168,850,800,5500,4400000,2,6806,1703,1,78040000,78040000,2551,850,1701,850,0,1,852,1132932
168,850,800,5500,4400000,2,6806,1703,1,78040000,78040000,2551,850,1701,850,0,1,852,146331
168,850,800,5500,4400000,2,6806,1703,1,78040000,78040000,2551,850,1701,850,0,1,852,146997
168,850,800,5500,4400000,2,6806,1703,1,78040000,78040000,2551,850,1701,850,0,1,852,145372
168,850,800,5500,4400000,2,6806,1703,1,78040000,78040000,2551,850,1701,850,0,1,852,146776
168,850,800,5500,4400000,2,6806,1703,1,78040000,78040000,2551,850,1701,850,0,1,852,170947
168,850,800,5500,4400000,2,6806,1703,1,78040000,78040000,2551,850,1701,850,0,1,852,171453

168,1250,800,5500,4400000,2,10006,2503,1,98200000,98200000,3751,1250,2501,1250,0,1,1252,1693981
168,1250,800,5500,4400000,2,10006,2503,1,98200000,98200000,3751,1250,2501,1250,0,1,1252,196490
168,1250,800,5500,4400000,2,10006,2503,1,98200000,98200000,3751,1250,2501,1250,0,1,1252,196275
168,1250,800,5500,4400000,2,10006,2503,1,98200000,98200000,3751,1250,2501,1250,0,1,1252,195850
168,1250,800,5500,4400000,2,10006,2503,1,98200000,98200000,3751,1250,2501,1250,0,1,1252,197732
168,1250,800,5500,4400000,2,10006,2503,1,98200000,98200000,3751,1250,2501,1250,0,1,1252,209075
168,1250,800,5500,4400000,2,10006,2503,1,98200000,98200000,3751,1250,2501,1250,0,1,1252,209476

168,1650,800,5500,4400000,2,13206,3303,1,118360000,118360000,4951,1650,3301,1650,0,1,1652,2419900
168,1650,800,5500,4400000,2,13206,3303,1,118360000,118360000,4951,1650,3301,1650,0,1,1652,243389
168,1650,800,5500,4400000,2,13206,3303,1,118360000,118360000,4951,1650,3301,1650,0,1,1652,246285
168,1650,800,5500,4400000,2,13206,3303,1,118360000,118360000,4951,1650,3301,1650,0,1,1652,247221
168,1650,800,5500,4400000,2,13206,3303,1,118360000,118360000,4951,1650,3301,1650,0,1,1652,245613
168,1650,800,5500,4400000,2,13206,3303,1,118360000,118360000,4951,1650,3301,1650,0,1,1652,256125
168,1650,800,5500,4400000,2,13206,3303,1,118360000,118360000,4951,1650,3301,1650,0,1,1652,256536

168,2050,800,5500,4400000,2,16406,4103,1,138520000,138520000,6151,2050,4101,2050,0,1,2052,2859659
168,2050,800,5500,4400000,2,16406,4103,1,138520000,138520000,6151,2050,4101,2050,0,1,2052,288976
168,2050,800,5500,4400000,2,16406,4103,1,138520000,138520000,6151,2050,4101,2050,0,1,2052,288735
168,2050,800,5500,4400000,2,16406,4103,1,138520000,138520000,6151,2050,4101,2050,0,1,2052,288296
168,2050,800,5500,4400000,2,16406,4103,1,138520000,138520000,6151,2050,4101,2050,0,1,2052,286404
168,2050,800,5500,4400000,2,16406,4103,1,138520000,138520000,6151,2050,4101,2050,0,1,2052,341404
168,2050,800,5500,4400000,2,16406,4103,1,138520000,138520000,6151,2050,4101,2050,0,1,2052,325985

168,2450,800,5500,4400000,2,19606,4903,1,158680000,158680000,7351,2450,4901,2450,0,1,2452,3589124
168,2450,800,5500,4400000,2,19606,4903,1,158680000,158680000,7351,2450,4901,2450,0,1,2452,331187
168,2450,800,5500,4400000,2,19606,4903,1,158680000,158680000,7351,2450,4901,2450,0,1,2452,332794
168,2450,800,5500,4400000,2,19606,4903,1,158680000,158680000,7351,2450,4901,2450,0,1,2452,332098
168,2450,800,5500,4400000,2,19606,4903,1,158680000,158680000,7351,2450,4901,2450,0,1,2452,332546
168,2450,800,5500,4400000,2,19606,4903,1,158680000,158680000,7351,2450,4901,2450,0,1,2452,380562
168,2450,800,5500,4400000,2,19606,4903,1,158680000,158680000,7351,2450,4901,2450,0,1,2452,380980

168,2850,800,5500,4400000,2,22806,5703,1,178840000,178840000,8551,2850,5701,2850,0,1,2852,4246302
168,2850,800,5500,4400000,2,22806,5703,1,178840000,178840000,8551,2850,5701,2850,0,1,2852,399802
168,2850,800,5500,4400000,2,22806,5703,1,178840000,178840000,8551,2850,5701,2850,0,1,2852,385829
168,2850,800,5500,4400000,2,22806,5703,1,178840000,178840000,8551,2850,5701,2850,0,1,2852,388772
168,2850,800,5500,4400000,2,22806,5703,1,178840000,178840000,8551,2850,5701,2850,0,1,2852,403753
168,2850,800,5500,4400000,2,22806,5703,1,178840000,178840000,8551,2850,5701,2850,0,1,2852,440485
168,2850,800,5500,4400000,2,22806,5703,1,178840000,178840000,8551,2850,5701,2850,0,1,2852,454823

168,3250,800,5500,4400000,2,26006,6503,1,199000000,199000000,9751,3250,6501,3250,0,1,3252,4980401
168,3250,800,5500,4400000,2,26006,6503,1,199000000,199000000,9751,3250,6501,3250,0,1,3252,433526
168,3250,800,5500,4400000,2,26006,6503,1,199000000,199000000,9751,3250,6501,3250,0,1,3252,430561
168,3250,800,5500,4400000,2,26006,6503,1,199000000,199000000,9751,3250,6501,3250,0,1,3252,433253
168,3250,800,5500,4400000,2,26006,6503,1,199000000,199000000,9751,3250,6501,3250,0,1,3252,432791
168,3250,800,5500,4400000,2,26006,6503,1,199000000,199000000,9751,3250,6501,3250,0,1,3252,497674
168,3250,800,5500,4400000,2,26006,6503,1,199000000,199000000,9751,3250,6501,3250,0,1,3252,498104

168,3650,800,5500,4400000,2,29206,7303,1,219160000,219160000,10951,3650,7301,3650,0,1,3652,5367584
168,3650,800,5500,4400000,2,29206,7303,1,219160000,219160000,10951,3650,7301,3650,0,1,3652,485521
168,3650,800,5500,4400000,2,29206,7303,1,219160000,219160000,10951,3650,7301,3650,0,1,3652,497906
168,3650,800,5500,4400000,2,29206,7303,1,219160000,219160000,10951,3650,7301,3650,0,1,3652,481557
168,3650,800,5500,4400000,2,29206,7303,1,219160000,219160000,10951,3650,7301,3650,0,1,3652,486118
168,3650,800,5500,4400000,2,29206,7303,1,219160000,219160000,10951,3650,7301,3650,0,1,3652,547645
168,3650,800,5500,4400000,2,29206,7303,1,219160000,219160000,10951,3650,7301,3650,0,1,3652,547201

168,4050,800,5500,4400000,2,32406,8103,1,239320000,239320000,12151,4050,8101,4050,0,1,4052,6176945
168,4050,800,5500,4400000,2,32406,8103,1,239320000,239320000,12151,4050,8101,4050,0,1,4052,528485
168,4050,800,5500,4400000,2,32406,8103,1,239320000,239320000,12151,4050,8101,4050,0,1,4052,527942
168,4050,800,5500,4400000,2,32406,8103,1,239320000,239320000,12151,4050,8101,4050,0,1,4052,525342
168,4050,800,5500,4400000,2,32406,8103,1,239320000,239320000,12151,4050,8101,4050,0,1,4052,527162
168,4050,800,5500,4400000,2,32406,8103,1,239320000,239320000,12151,4050,8101,4050,0,1,4052,592089
168,4050,800,5500,4400000,2,32406,8103,1,239320000,239320000,12151,4050,8101,4050,0,1,4052,590558

168,4450,800,5500,4400000,2,35606,8903,1,259480000,259480000,13351,4450,8901,4450,0,1,4452,6564938
168,4450,800,5500,4400000,2,35606,8903,1,259480000,259480000,13351,4450,8901,4450,0,1,4452,584831
168,4450,800,5500,4400000,2,35606,8903,1,259480000,259480000,13351,4450,8901,4450,0,1,4452,588496
168,4450,800,5500,4400000,2,35606,8903,1,259480000,259480000,13351,4450,8901,4450,0,1,4452,593536
168,4450,800,5500,4400000,2,35606,8903,1,259480000,259480000,13351,4450,8901,4450,0,1,4452,589071
168,4450,800,5500,4400000,2,35606,8903,1,259480000,259480000,13351,4450,8901,4450,0,1,4452,633133
168,4450,800,5500,4400000,2,35606,8903,1,259480000,259480000,13351,4450,8901,4450,0,1,4452,631526

168,4850,800,5500,4400000,2,38806,9703,1,279640000,279640000,14551,4850,9701,4850,0,1,4852,7194212
168,4850,800,5500,4400000,2,38806,9703,1,279640000,279640000,14551,4850,9701,4850,0,1,4852,712265
168,4850,800,5500,4400000,2,38806,9703,1,279640000,279640000,14551,4850,9701,4850,0,1,4852,718441
168,4850,800,5500,4400000,2,38806,9703,1,279640000,279640000,14551,4850,9701,4850,0,1,4852,718933
168,4850,800,5500,4400000,2,38806,9703,1,279640000,279640000,14551,4850,9701,4850,0,1,4852,717571
168,4850,800,5500,4400000,2,38806,9703,1,279640000,279640000,14551,4850,9701,4850,0,1,4852,720633
168,4850,800,5500,4400000,2,38806,9703,1,279640000,279640000,14551,4850,9701,4850,0,1,4852,721107

168,5250,800,5500,4400000,2,42006,10503,1,299800000,299800000,15751,5250,10501,5250,0,1,5252,7272015
168,5250,800,5500,4400000,2,42006,10503,1,299800000,299800000,15751,5250,10501,5250,0,1,5252,705442
168,5250,800,5500,4400000,2,42006,10503,1,299800000,299800000,15751,5250,10501,5250,0,1,5252,694523
168,5250,800,5500,4400000,2,42006,10503,1,299800000,299800000,15751,5250,10501,5250,0,1,5252,699104
168,5250,800,5500,4400000,2,42006,10503,1,299800000,299800000,15751,5250,10501,5250,0,1,5252,703864
168,5250,800,5500,4400000,2,42006,10503,1,299800000,299800000,15751,5250,10501,5250,0,1,5252,740731
168,5250,800,5500,4400000,2,42006,10503,1,299800000,299800000,15751,5250,10501,5250,0,1,5252,726352

168,5650,800,5500,4400000,2,45206,11303,1,319960000,319960000,16951,5650,11301,5650,0,1,5652,8176124
168,5650,800,5500,4400000,2,45206,11303,1,319960000,319960000,16951,5650,11301,5650,0,1,5652,777354
168,5650,800,5500,4400000,2,45206,11303,1,319960000,319960000,16951,5650,11301,5650,0,1,5652,759633
168,5650,800,5500,4400000,2,45206,11303,1,319960000,319960000,16951,5650,11301,5650,0,1,5652,775584
168,5650,800,5500,4400000,2,45206,11303,1,319960000,319960000,16951,5650,11301,5650,0,1,5652,785775
168,5650,800,5500,4400000,2,45206,11303,1,319960000,319960000,16951,5650,11301,5650,0,1,5652,795501
168,5650,800,5500,4400000,2,45206,11303,1,319960000,319960000,16951,5650,11301,5650,0,1,5652,805860

168,6050,800,5500,4400000,2,48406,12103,1,340120000,340120000,18151,6050,12101,6050,0,1,6052,8817998
168,6050,800,5500,4400000,2,48406,12103,1,340120000,340120000,18151,6050,12101,6050,0,1,6052,813472
168,6050,800,5500,4400000,2,48406,12103,1,340120000,340120000,18151,6050,12101,6050,0,1,6052,829189
168,6050,800,5500,4400000,2,48406,12103,1,340120000,340120000,18151,6050,12101,6050,0,1,6052,800407
168,6050,800,5500,4400000,2,48406,12103,1,340120000,340120000,18151,6050,12101,6050,0,1,6052,815126
168,6050,800,5500,4400000,2,48406,12103,1,340120000,340120000,18151,6050,12101,6050,0,1,6052,833801
168,6050,800,5500,4400000,2,48406,12103,1,340120000,340120000,18151,6050,12101,6050,0,1,6052,833305

168,6450,800,5500,4400000,2,51606,12903,1,360280000,360280000,19351,6450,12901,6450,0,1,6452,9135735
168,6450,800,5500,4400000,2,51606,12903,1,360280000,360280000,19351,6450,12901,6450,0,1,6452,875665
168,6450,800,5500,4400000,2,51606,12903,1,360280000,360280000,19351,6450,12901,6450,0,1,6452,874402
168,6450,800,5500,4400000,2,51606,12903,1,360280000,360280000,19351,6450,12901,6450,0,1,6452,881806
168,6450,800,5500,4400000,2,51606,12903,1,360280000,360280000,19351,6450,12901,6450,0,1,6452,861421
168,6450,800,5500,4400000,2,51606,12903,1,360280000,360280000,19351,6450,12901,6450,0,1,6452,885691
168,6450,800,5500,4400000,2,51606,12903,1,360280000,360280000,19351,6450,12901,6450,0,1,6452,885194

168,6850,800,5500,4400000,2,54806,13703,1,380440000,380440000,20551,6850,13701,6850,0,1,6852,10253172
168,6850,800,5500,4400000,2,54806,13703,1,380440000,380440000,20551,6850,13701,6850,0,1,6852,919334
168,6850,800,5500,4400000,2,54806,13703,1,380440000,380440000,20551,6850,13701,6850,0,1,6852,917835
168,6850,800,5500,4400000,2,54806,13703,1,380440000,380440000,20551,6850,13701,6850,0,1,6852,900919
168,6850,800,5500,4400000,2,54806,13703,1,380440000,380440000,20551,6850,13701,6850,0,1,6852,916465
168,6850,800,5500,4400000,2,54806,13703,1,380440000,380440000,20551,6850,13701,6850,0,1,6852,927369
168,6850,800,5500,4400000,2,54806,13703,1,380440000,380440000,20551,6850,13701,6850,0,1,6852,923039

168,50,800,5100,4080000,2,406,103,1,35000000,35000000,151,50,101,50,0,1,52,49947
168,50,800,5100,4080000,2,406,103,1,35000000,35000000,151,50,101,50,0,1,52,41697
168,50,800,5100,4080000,2,406,103,1,35000000,35000000,151,50,101,50,0,1,52,51313
168,50,800,5100,4080000,2,406,103,1,35000000,35000000,151,50,101,50,0,1,52,52226
168,50,800,5100,4080000,2,406,103,1,35000000,35000000,151,50,101,50,0,1,52,52697
168,50,800,5100,4080000,2,406,103,1,35000000,35000000,151,50,101,50,0,1,52,59381
168,50,800,5100,4080000,2,406,103,1,35000000,35000000,151,50,101,50,0,1,52,59868

168,450,800,5100,4080000,2,3606,903,1,53880000,53880000,1351,450,901,450,0,1,452,469132
168,450,800,5100,4080000,2,3606,903,1,53880000,53880000,1351,450,901,450,0,1,452,94440
168,450,800,5100,4080000,2,3606,903,1,53880000,53880000,1351,450,901,450,0,1,452,96018
168,450,800,5100,4080000,2,3606,903,1,53880000,53880000,1351,450,901,450,0,1,452,95807
168,450,800,5100,4080000,2,3606,903,1,53880000,53880000,1351,450,901,450,0,1,452,95372
168,450,800,5100,4080000,2,3606,903,1,53880000,53880000,1351,450,901,450,0,1,452,108893
168,450,800,5100,4080000,2,3606,903,1,53880000,53880000,1351,450,901,450,0,1,452,109392

168,850,800,5100,4080000,2,6806,1703,1,72760000,72760000,2551,850,1701,850,0,1,852,979735
168,850,800,5100,4080000,2,6806,1703,1,72760000,72760000,2551,850,1701,850,0,1,852,143965
168,850,800,5100,4080000,2,6806,1703,1,72760000,72760000,2551,850,1701,850,0,1,852,143337
168,850,800,5100,4080000,2,6806,1703,1,72760000,72760000,2551,850,1701,850,0,1,852,144472
168,850,800,5100,4080000,2,6806,1703,1,72760000,72760000,2551,850,1701,850,0,1,852,141777
168,850,800,5100,4080000,2,6806,1703,1,72760000,72760000,2551,850,1701,850,0,1,852,158442
168,850,800,5100,4080000,2,6806,1703,1,72760000,72760000,2551,850,1701,850,0,1,852,155969

168,1250,800,5100,4080000,2,10006,2503,1,91640000,91640000,3751,1250,2501,1250,0,1,1252,1606200
168,1250,800,5100,4080000,2,10006,2503,1,91640000,91640000,3751,1250,2501,1250,0,1,1252,176843
168,1250,800,5100,4080000,2,10006,2503,1,91640000,91640000,3751,1250,2501,1250,0,1,1252,180078
168,1250,800,5100,4080000,2,10006,2503,1,91640000,91640000,3751,1250,2501,1250,0,1,1252,184671
168,1250,800,5100,4080000,2,10006,2503,1,91640000,91640000,3751,1250,2501,1250,0,1,1252,185182
168,1250,800,5100,4080000,2,10006,2503,1,91640000,91640000,3751,1250,2501,1250,0,1,1252,203589
168,1250,800,5100,4080000,2,10006,2503,1,91640000,91640000,3751,1250,2501,1250,0,1,1252,203987

168,1650,800,5100,4080000,2,13206,3303,1,110520000,110520000,4951,1650,3301,1650,0,1,1652,2085020
168,1650,800,5100,4080000,2,13206,3303,1,110520000,110520000,4951,1650,3301,1650,0,1,1652,237512
168,1650,800,5100,4080000,2,13206,3303,1,110520000,110520000,4951,1650,3301,1650,0,1,1652,236893
168,1650,800,5100,4080000,2,13206,3303,1,110520000,110520000,4951,1650,3301,1650,0,1,1652,237943
168,1650,800,5100,4080000,2,13206,3303,1,110520000,110520000,4951,1650,3301,1650,0,1,1652,234968
168,1650,800,5100,4080000,2,13206,3303,1,110520000,110520000,4951,1650,3301,1650,0,1,1652,239541
168,1650,800,5100,4080000,2,13206,3303,1,110520000,110520000,4951,1650,3301,1650,0,1,1652,239979

168,2050,800,5100,4080000,2,16406,4103,1,129400000,129400000,6151,2050,4101,2050,0,1,2052,2619827
168,2050,800,5100,4080000,2,16406,4103,1,129400000,129400000,6151,2050,4101,2050,0,1,2052,294695
168,2050,800,5100,4080000,2,16406,4103,1,129400000,129400000,6151,2050,4101,2050,0,1,2052,283032
168,2050,800,5100,4080000,2,16406,4103,1,129400000,129400000,6151,2050,4101,2050,0,1,2052,283827
168,2050,800,5100,4080000,2,16406,4103,1,129400000,129400000,6151,2050,4101,2050,0,1,2052,287614
168,2050,800,5100,4080000,2,16406,4103,1,129400000,129400000,6151,2050,4101,2050,0,1,2052,307558
168,2050,800,5100,4080000,2,16406,4103,1,129400000,129400000,6151,2050,4101,2050,0,1,2052,345726

168,2450,800,5100,4080000,2,19606,4903,1,148280000,148280000,7351,2450,4901,2450,0,1,2452,3317874
168,2450,800,5100,4080000,2,19606,4903,1,148280000,148280000,7351,2450,4901,2450,0,1,2452,316602
168,2450,800,5100,4080000,2,19606,4903,1,148280000,148280000,7351,2450,4901,2450,0,1,2452,314846
168,2450,800,5100,4080000,2,19606,4903,1,148280000,148280000,7351,2450,4901,2450,0,1,2452,315293
168,2450,800,5100,4080000,2,19606,4903,1,148280000,148280000,7351,2450,4901,2450,0,1,2452,314301
168,2450,800,5100,4080000,2,19606,4903,1,148280000,148280000,7351,2450,4901,2450,0,1,2452,355946
168,2450,800,5100,4080000,2,19606,4903,1,148280000,148280000,7351,2450,4901,2450,0,1,2452,360806

168,2850,800,5100,4080000,2,22806,5703,1,167160000,167160000,8551,2850,5701,2850,0,1,2852,3849484
168,2850,800,5100,4080000,2,22806,5703,1,167160000,167160000,8551,2850,5701,2850,0,1,2852,380728
168,2850,800,5100,4080000,2,22806,5703,1,167160000,167160000,8551,2850,5701,2850,0,1,2852,378691
168,2850,800,5100,4080000,2,22806,5703,1,167160000,167160000,8551,2850,5701,2850,0,1,2852,380058
168,2850,800,5100,4080000,2,22806,5703,1,167160000,167160000,8551,2850,5701,2850,0,1,2852,377414
168,2850,800,5100,4080000,2,22806,5703,1,167160000,167160000,8551,2850,5701,2850,0,1,2852,408717
168,2850,800,5100,4080000,2,22806,5703,1,167160000,167160000,8551,2850,5701,2850,0,1,2852,408287

168,3250,800,5100,4080000,2,26006,6503,1,186040000,186040000,9751,3250,6501,3250,0,1,3252,4404799
168,3250,800,5100,4080000,2,26006,6503,1,186040000,186040000,9751,3250,6501,3250,0,1,3252,404669
168,3250,800,5100,4080000,2,26006,6503,1,186040000,186040000,9751,3250,6501,3250,0,1,3252,418668
168,3250,800,5100,4080000,2,26006,6503,1,186040000,186040000,9751,3250,6501,3250,0,1,3252,408244
168,3250,800,5100,4080000,2,26006,6503,1,186040000,186040000,9751,3250,6501,3250,0,1,3252,408823
168,3250,800,5100,4080000,2,26006,6503,1,186040000,186040000,9751,3250,6501,3250,0,1,3252,475944
168,3250,800,5100,4080000,2,26006,6503,1,186040000,186040000,9751,3250,6501,3250,0,1,3252,475515

168,3650,800,5100,4080000,2,29206,7303,1,204920000,204920000,10951,3650,7301,3650,0,1,3652,5031495
168,3650,800,5100,4080000,2,29206,7303,1,204920000,204920000,10951,3650,7301,3650,0,1,3652,452403
168,3650,800,5100,4080000,2,29206,7303,1,204920000,204920000,10951,3650,7301,3650,0,1,3652,450261
168,3650,800,5100,4080000,2,29206,7303,1,204920000,204920000,10951,3650,7301,3650,0,1,3652,453020
168,3650,800,5100,4080000,2,29206,7303,1,204920000,204920000,10951,3650,7301,3650,0,1,3652,453565
168,3650,800,5100,4080000,2,29206,7303,1,204920000,204920000,10951,3650,7301,3650,0,1,3652,518261
168,3650,800,5100,4080000,2,29206,7303,1,204920000,204920000,10951,3650,7301,3650,0,1,3652,517824

168,4050,800,5100,4080000,2,32406,8103,1,223800000,223800000,12151,4050,8101,4050,0,1,4052,5597618
168,4050,800,5100,4080000,2,32406,8103,1,223800000,223800000,12151,4050,8101,4050,0,1,4052,498126
168,4050,800,5100,4080000,2,32406,8103,1,223800000,223800000,12151,4050,8101,4050,0,1,4052,496344
168,4050,800,5100,4080000,2,32406,8103,1,223800000,223800000,12151,4050,8101,4050,0,1,4052,506205
168,4050,800,5100,4080000,2,32406,8103,1,223800000,223800000,12151,4050,8101,4050,0,1,4052,498733
168,4050,800,5100,4080000,2,32406,8103,1,223800000,223800000,12151,4050,8101,4050,0,1,4052,559857
168,4050,800,5100,4080000,2,32406,8103,1,223800000,223800000,12151,4050,8101,4050,0,1,4052,560305

168,4450,800,5100,4080000,2,35606,8903,1,242680000,242680000,13351,4450,8901,4450,0,1,4452,5633909
168,4450,800,5100,4080000,2,35606,8903,1,242680000,242680000,13351,4450,8901,4450,0,1,4452,537781
168,4450,800,5100,4080000,2,35606,8903,1,242680000,242680000,13351,4450,8901,4450,0,1,4452,535867
168,4450,800,5100,4080000,2,35606,8903,1,242680000,242680000,13351,4450,8901,4450,0,1,4452,537360
168,4450,800,5100,4080000,2,35606,8903,1,242680000,242680000,13351,4450,8901,4450,0,1,4452,538338
168,4450,800,5100,4080000,2,35606,8903,1,242680000,242680000,13351,4450,8901,4450,0,1,4452,599092
168,4450,800,5100,4080000,2,35606,8903,1,242680000,242680000,13351,4450,8901,4450,0,1,4452,599548

168,4850,800,5100,4080000,2,38806,9703,1,261560000,261560000,14551,4850,9701,4850,0,1,4852,6091729
168,4850,800,5100,4080000,2,38806,9703,1,261560000,261560000,14551,4850,9701,4850,0,1,4852,581874
168,4850,800,5100,4080000,2,38806,9703,1,261560000,261560000,14551,4850,9701,4850,0,1,4852,581556
168,4850,800,5100,4080000,2,38806,9703,1,261560000,261560000,14551,4850,9701,4850,0,1,4852,581054
168,4850,800,5100,4080000,2,38806,9703,1,261560000,261560000,14551,4850,9701,4850,0,1,4852,580107
168,4850,800,5100,4080000,2,38806,9703,1,261560000,261560000,14551,4850,9701,4850,0,1,4852,656548
168,4850,800,5100,4080000,2,38806,9703,1,261560000,261560000,14551,4850,9701,4850,0,1,4852,623531

168,5250,800,5100,4080000,2,42006,10503,1,280440000,280440000,15751,5250,10501,5250,0,1,5252,6952630
168,5250,800,5100,4080000,2,42006,10503,1,280440000,280440000,15751,5250,10501,5250,0,1,5252,628055
168,5250,800,5100,4080000,2,42006,10503,1,280440000,280440000,15751,5250,10501,5250,0,1,5252,622721
168,5250,800,5100,4080000,2,42006,10503,1,280440000,280440000,15751,5250,10501,5250,0,1,5252,627716
168,5250,800,5100,4080000,2,42006,10503,1,280440000,280440000,15751,5250,10501,5250,0,1,5252,627187
168,5250,800,5100,4080000,2,42006,10503,1,280440000,280440000,15751,5250,10501,5250,0,1,5252,673739
168,5250,800,5100,4080000,2,42006,10503,1,280440000,280440000,15751,5250,10501,5250,0,1,5252,674216

168,5650,800,5100,4080000,2,45206,11303,1,299320000,299320000,16951,5650,11301,5650,0,1,5652,7045237
168,5650,800,5100,4080000,2,45206,11303,1,299320000,299320000,16951,5650,11301,5650,0,1,5652,739703
168,5650,800,5100,4080000,2,45206,11303,1,299320000,299320000,16951,5650,11301,5650,0,1,5652,699428
168,5650,800,5100,4080000,2,45206,11303,1,299320000,299320000,16951,5650,11301,5650,0,1,5652,688998
168,5650,800,5100,4080000,2,45206,11303,1,299320000,299320000,16951,5650,11301,5650,0,1,5652,728050
168,5650,800,5100,4080000,2,45206,11303,1,299320000,299320000,16951,5650,11301,5650,0,1,5652,747647
168,5650,800,5100,4080000,2,45206,11303,1,299320000,299320000,16951,5650,11301,5650,0,1,5652,756205

168,6050,800,5100,4080000,2,48406,12103,1,318200000,318200000,18151,6050,12101,6050,0,1,6052,8478157
168,6050,800,5100,4080000,2,48406,12103,1,318200000,318200000,18151,6050,12101,6050,0,1,6052,740673
168,6050,800,5100,4080000,2,48406,12103,1,318200000,318200000,18151,6050,12101,6050,0,1,6052,742754
168,6050,800,5100,4080000,2,48406,12103,1,318200000,318200000,18151,6050,12101,6050,0,1,6052,741580
168,6050,800,5100,4080000,2,48406,12103,1,318200000,318200000,18151,6050,12101,6050,0,1,6052,737287
168,6050,800,5100,4080000,2,48406,12103,1,318200000,318200000,18151,6050,12101,6050,0,1,6052,760896
168,6050,800,5100,4080000,2,48406,12103,1,318200000,318200000,18151,6050,12101,6050,0,1,6052,760408

168,6450,800,5100,4080000,2,51606,12903,1,337080000,337080000,19351,6450,12901,6450,0,1,6452,8910546
168,6450,800,5100,4080000,2,51606,12903,1,337080000,337080000,19351,6450,12901,6450,0,1,6452,807588
168,6450,800,5100,4080000,2,51606,12903,1,337080000,337080000,19351,6450,12901,6450,0,1,6452,805864
168,6450,800,5100,4080000,2,51606,12903,1,337080000,337080000,19351,6450,12901,6450,0,1,6452,814957
168,6450,800,5100,4080000,2,51606,12903,1,337080000,337080000,19351,6450,12901,6450,0,1,6452,793292
168,6450,800,5100,4080000,2,51606,12903,1,337080000,337080000,19351,6450,12901,6450,0,1,6452,824477
168,6450,800,5100,4080000,2,51606,12903,1,337080000,337080000,19351,6450,12901,6450,0,1,6452,823912

168,6850,800,5100,4080000,2,54806,13703,1,355960000,355960000,20551,6850,13701,6850,0,1,6852,8686823
168,6850,800,5100,4080000,2,54806,13703,1,355960000,355960000,20551,6850,13701,6850,0,1,6852,811987
168,6850,800,5100,4080000,2,54806,13703,1,355960000,355960000,20551,6850,13701,6850,0,1,6852,811294
168,6850,800,5100,4080000,2,54806,13703,1,355960000,355960000,20551,6850,13701,6850,0,1,6852,812872
168,6850,800,5100,4080000,2,54806,13703,1,355960000,355960000,20551,6850,13701,6850,0,1,6852,810079
168,6850,800,5100,4080000,2,54806,13703,1,355960000,355960000,20551,6850,13701,6850,0,1,6852,842106
168,6850,800,5100,4080000,2,54806,13703,1,355960000,355960000,20551,6850,13701,6850,0,1,6852,841607

168,50,800,4700,3760000,2,406,103,1,32280000,32280000,151,50,101,50,0,1,52,47022
168,50,800,4700,3760000,2,406,103,1,32280000,32280000,151,50,101,50,0,1,52,48489
168,50,800,4700,3760000,2,406,103,1,32280000,32280000,151,50,101,50,0,1,52,44589
168,50,800,4700,3760000,2,406,103,1,32280000,32280000,151,50,101,50,0,1,52,38853
168,50,800,4700,3760000,2,406,103,1,32280000,32280000,151,50,101,50,0,1,52,48031
168,50,800,4700,3760000,2,406,103,1,32280000,32280000,151,50,101,50,0,1,52,56207
168,50,800,4700,3760000,2,406,103,1,32280000,32280000,151,50,101,50,0,1,52,56692

168,450,800,4700,3760000,2,3606,903,1,49880000,49880000,1351,450,901,450,0,1,452,453164
168,450,800,4700,3760000,2,3606,903,1,49880000,49880000,1351,450,901,450,0,1,452,89776
168,450,800,4700,3760000,2,3606,903,1,49880000,49880000,1351,450,901,450,0,1,452,89121
168,450,800,4700,3760000,2,3606,903,1,49880000,49880000,1351,450,901,450,0,1,452,88568
168,450,800,4700,3760000,2,3606,903,1,49880000,49880000,1351,450,901,450,0,1,452,89556
168,450,800,4700,3760000,2,3606,903,1,49880000,49880000,1351,450,901,450,0,1,452,102281
168,450,800,4700,3760000,2,3606,903,1,49880000,49880000,1351,450,901,450,0,1,452,101783

168,850,800,4700,3760000,2,6806,1703,1,67480000,67480000,2551,850,1701,850,0,1,852,883549
168,850,800,4700,3760000,2,6806,1703,1,67480000,67480000,2551,850,1701,850,0,1,852,129235
168,850,800,4700,3760000,2,6806,1703,1,67480000,67480000,2551,850,1701,850,0,1,852,128689
168,850,800,4700,3760000,2,6806,1703,1,67480000,67480000,2551,850,1701,850,0,1,852,125819
168,850,800,4700,3760000,2,6806,1703,1,67480000,67480000,2551,850,1701,850,0,1,852,126871
168,850,800,4700,3760000,2,6806,1703,1,67480000,67480000,2551,850,1701,850,0,1,852,152567
168,850,800,4700,3760000,2,6806,1703,1,67480000,67480000,2551,850,1701,850,0,1,852,145399

168,1250,800,4700,3760000,2,10006,2503,1,85080000,85080000,3751,1250,2501,1250,0,1,1252,1470238
168,1250,800,4700,3760000,2,10006,2503,1,85080000,85080000,3751,1250,2501,1250,0,1,1252,172895
168,1250,800,4700,3760000,2,10006,2503,1,85080000,85080000,3751,1250,2501,1250,0,1,1252,174798
168,1250,800,4700,3760000,2,10006,2503,1,85080000,85080000,3751,1250,2501,1250,0,1,1252,174337
168,1250,800,4700,3760000,2,10006,2503,1,85080000,85080000,3751,1250,2501,1250,0,1,1252,175041
168,1250,800,4700,3760000,2,10006,2503,1,85080000,85080000,3751,1250,2501,1250,0,1,1252,192591
168,1250,800,4700,3760000,2,10006,2503,1,85080000,85080000,3751,1250,2501,1250,0,1,1252,193114

168,1650,800,4700,3760000,2,13206,3303,1,102680000,102680000,4951,1650,3301,1650,0,1,1652,1994905
168,1650,800,4700,3760000,2,13206,3303,1,102680000,102680000,4951,1650,3301,1650,0,1,1652,207378
168,1650,800,4700,3760000,2,13206,3303,1,102680000,102680000,4951,1650,3301,1650,0,1,1652,208349
168,1650,800,4700,3760000,2,13206,3303,1,102680000,102680000,4951,1650,3301,1650,0,1,1652,207917
168,1650,800,4700,3760000,2,13206,3303,1,102680000,102680000,4951,1650,3301,1650,0,1,1652,208587
168,1650,800,4700,3760000,2,13206,3303,1,102680000,102680000,4951,1650,3301,1650,0,1,1652,228528
168,1650,800,4700,3760000,2,13206,3303,1,102680000,102680000,4951,1650,3301,1650,0,1,1652,228935

168,2050,800,4700,3760000,2,16406,4103,1,120280000,120280000,6151,2050,4101,2050,0,1,2052,2426917
168,2050,800,4700,3760000,2,16406,4103,1,120280000,120280000,6151,2050,4101,2050,0,1,2052,248504
168,2050,800,4700,3760000,2,16406,4103,1,120280000,120280000,6151,2050,4101,2050,0,1,2052,249185
168,2050,800,4700,3760000,2,16406,4103,1,120280000,120280000,6151,2050,4101,2050,0,1,2052,247944
168,2050,800,4700,3760000,2,16406,4103,1,120280000,120280000,6151,2050,4101,2050,0,1,2052,248942
168,2050,800,4700,3760000,2,16406,4103,1,120280000,120280000,6151,2050,4101,2050,0,1,2052,289143
168,2050,800,4700,3760000,2,16406,4103,1,120280000,120280000,6151,2050,4101,2050,0,1,2052,289556

168,2450,800,4700,3760000,2,19606,4903,1,137880000,137880000,7351,2450,4901,2450,0,1,2452,2997387
168,2450,800,4700,3760000,2,19606,4903,1,137880000,137880000,7351,2450,4901,2450,0,1,2452,303457
168,2450,800,4700,3760000,2,19606,4903,1,137880000,137880000,7351,2450,4901,2450,0,1,2452,289529
168,2450,800,4700,3760000,2,19606,4903,1,137880000,137880000,7351,2450,4901,2450,0,1,2452,290393
168,2450,800,4700,3760000,2,19606,4903,1,137880000,137880000,7351,2450,4901,2450,0,1,2452,301932
168,2450,800,4700,3760000,2,19606,4903,1,137880000,137880000,7351,2450,4901,2450,0,1,2452,355771
168,2450,800,4700,3760000,2,19606,4903,1,137880000,137880000,7351,2450,4901,2450,0,1,2452,355355

168,2850,800,4700,3760000,2,22806,5703,1,155480000,155480000,8551,2850,5701,2850,0,1,2852,3479992
168,2850,800,4700,3760000,2,22806,5703,1,155480000,155480000,8551,2850,5701,2850,0,1,2852,368608
168,2850,800,4700,3760000,2,22806,5703,1,155480000,155480000,8551,2850,5701,2850,0,1,2852,365514
168,2850,800,4700,3760000,2,22806,5703,1,155480000,155480000,8551,2850,5701,2850,0,1,2852,368097
168,2850,800,4700,3760000,2,22806,5703,1,155480000,155480000,8551,2850,5701,2850,0,1,2852,366770
168,2850,800,4700,3760000,2,22806,5703,1,155480000,155480000,8551,2850,5701,2850,0,1,2852,427803
168,2850,800,4700,3760000,2,22806,5703,1,155480000,155480000,8551,2850,5701,2850,0,1,2852,426492

168,3250,800,4700,3760000,2,26006,6503,1,173080000,173080000,9751,3250,6501,3250,0,1,3252,4008290
168,3250,800,4700,3760000,2,26006,6503,1,173080000,173080000,9751,3250,6501,3250,0,1,3252,373089
168,3250,800,4700,3760000,2,26006,6503,1,173080000,173080000,9751,3250,6501,3250,0,1,3252,387452
168,3250,800,4700,3760000,2,26006,6503,1,173080000,173080000,9751,3250,6501,3250,0,1,3252,377153
168,3250,800,4700,3760000,2,26006,6503,1,173080000,173080000,9751,3250,6501,3250,0,1,3252,377735
168,3250,800,4700,3760000,2,26006,6503,1,173080000,173080000,9751,3250,6501,3250,0,1,3252,450815
168,3250,800,4700,3760000,2,26006,6503,1,173080000,173080000,9751,3250,6501,3250,0,1,3252,450385

168,3650,800,4700,3760000,2,29206,7303,1,190680000,190680000,10951,3650,7301,3650,0,1,3652,4564622
168,3650,800,4700,3760000,2,29206,7303,1,190680000,190680000,10951,3650,7301,3650,0,1,3652,416711
168,3650,800,4700,3760000,2,29206,7303,1,190680000,190680000,10951,3650,7301,3650,0,1,3652,416997
168,3650,800,4700,3760000,2,29206,7303,1,190680000,190680000,10951,3650,7301,3650,0,1,3652,415295
168,3650,800,4700,3760000,2,29206,7303,1,190680000,190680000,10951,3650,7301,3650,0,1,3652,416233
168,3650,800,4700,3760000,2,29206,7303,1,190680000,190680000,10951,3650,7301,3650,0,1,3652,475223
168,3650,800,4700,3760000,2,29206,7303,1,190680000,190680000,10951,3650,7301,3650,0,1,3652,475678

168,4050,800,4700,3760000,2,32406,8103,1,208280000,208280000,12151,4050,8101,4050,0,1,4052,4941732
168,4050,800,4700,3760000,2,32406,8103,1,208280000,208280000,12151,4050,8101,4050,0,1,4052,458867
168,4050,800,4700,3760000,2,32406,8103,1,208280000,208280000,12151,4050,8101,4050,0,1,4052,459275
168,4050,800,4700,3760000,2,32406,8103,1,208280000,208280000,12151,4050,8101,4050,0,1,4052,457462
168,4050,800,4700,3760000,2,32406,8103,1,208280000,208280000,12151,4050,8101,4050,0,1,4052,459832
168,4050,800,4700,3760000,2,32406,8103,1,208280000,208280000,12151,4050,8101,4050,0,1,4052,527894
168,4050,800,4700,3760000,2,32406,8103,1,208280000,208280000,12151,4050,8101,4050,0,1,4052,527450

168,4450,800,4700,3760000,2,35606,8903,1,225880000,225880000,13351,4450,8901,4450,0,1,4452,5615306
168,4450,800,4700,3760000,2,35606,8903,1,225880000,225880000,13351,4450,8901,4450,0,1,4452,505746
168,4450,800,4700,3760000,2,35606,8903,1,225880000,225880000,13351,4450,8901,4450,0,1,4452,505186
168,4450,800,4700,3760000,2,35606,8903,1,225880000,225880000,13351,4450,8901,4450,0,1,4452,512295
168,4450,800,4700,3760000,2,35606,8903,1,225880000,225880000,13351,4450,8901,4450,0,1,4452,506080
168,4450,800,4700,3760000,2,35606,8903,1,225880000,225880000,13351,4450,8901,4450,0,1,4452,564304
168,4450,800,4700,3760000,2,35606,8903,1,225880000,225880000,13351,4450,8901,4450,0,1,4452,562778

168,4850,800,4700,3760000,2,38806,9703,1,243480000,243480000,14551,4850,9701,4850,0,1,4852,6283735
168,4850,800,4700,3760000,2,38806,9703,1,243480000,243480000,14551,4850,9701,4850,0,1,4852,537212
168,4850,800,4700,3760000,2,38806,9703,1,243480000,243480000,14551,4850,9701,4850,0,1,4852,536387
168,4850,800,4700,3760000,2,38806,9703,1,243480000,243480000,14551,4850,9701,4850,0,1,4852,536891
168,4850,800,4700,3760000,2,38806,9703,1,243480000,243480000,14551,4850,9701,4850,0,1,4852,533901
168,4850,800,4700,3760000,2,38806,9703,1,243480000,243480000,14551,4850,9701,4850,0,1,4852,600221
168,4850,800,4700,3760000,2,38806,9703,1,243480000,243480000,14551,4850,9701,4850,0,1,4852,598678

168,5250,800,4700,3760000,2,42006,10503,1,261080000,261080000,15751,5250,10501,5250,0,1,5252,6613294
168,5250,800,4700,3760000,2,42006,10503,1,261080000,261080000,15751,5250,10501,5250,0,1,5252,585671
168,5250,800,4700,3760000,2,42006,10503,1,261080000,261080000,15751,5250,10501,5250,0,1,5252,586529
168,5250,800,4700,3760000,2,42006,10503,1,261080000,261080000,15751,5250,10501,5250,0,1,5252,583076
168,5250,800,4700,3760000,2,42006,10503,1,261080000,261080000,15751,5250,10501,5250,0,1,5252,586191
168,5250,800,4700,3760000,2,42006,10503,1,261080000,261080000,15751,5250,10501,5250,0,1,5252,631641
168,5250,800,4700,3760000,2,42006,10503,1,261080000,261080000,15751,5250,10501,5250,0,1,5252,632121

168,5650,800,4700,3760000,2,45206,11303,1,278680000,278680000,16951,5650,11301,5650,0,1,5652,7186437
168,5650,800,4700,3760000,2,45206,11303,1,278680000,278680000,16951,5650,11301,5650,0,1,5652,661909
168,5650,800,4700,3760000,2,45206,11303,1,278680000,278680000,16951,5650,11301,5650,0,1,5652,639395
168,5650,800,4700,3760000,2,45206,11303,1,278680000,278680000,16951,5650,11301,5650,0,1,5652,637788
168,5650,800,4700,3760000,2,45206,11303,1,278680000,278680000,16951,5650,11301,5650,0,1,5652,667845
168,5650,800,4700,3760000,2,45206,11303,1,278680000,278680000,16951,5650,11301,5650,0,1,5652,697553
168,5650,800,4700,3760000,2,45206,11303,1,278680000,278680000,16951,5650,11301,5650,0,1,5652,694436

168,6050,800,4700,3760000,2,48406,12103,1,296280000,296280000,18151,6050,12101,6050,0,1,6052,7876983
168,6050,800,4700,3760000,2,48406,12103,1,296280000,296280000,18151,6050,12101,6050,0,1,6052,684406
168,6050,800,4700,3760000,2,48406,12103,1,296280000,296280000,18151,6050,12101,6050,0,1,6052,693908
168,6050,800,4700,3760000,2,48406,12103,1,296280000,296280000,18151,6050,12101,6050,0,1,6052,687641
168,6050,800,4700,3760000,2,48406,12103,1,296280000,296280000,18151,6050,12101,6050,0,1,6052,686508
168,6050,800,4700,3760000,2,48406,12103,1,296280000,296280000,18151,6050,12101,6050,0,1,6052,716587
168,6050,800,4700,3760000,2,48406,12103,1,296280000,296280000,18151,6050,12101,6050,0,1,6052,716098

168,6450,800,4700,3760000,2,51606,12903,1,313880000,313880000,19351,6450,12901,6450,0,1,6452,8296829
168,6450,800,4700,3760000,2,51606,12903,1,313880000,313880000,19351,6450,12901,6450,0,1,6452,727949
168,6450,800,4700,3760000,2,51606,12903,1,313880000,313880000,19351,6450,12901,6450,0,1,6452,723437
168,6450,800,4700,3760000,2,51606,12903,1,313880000,313880000,19351,6450,12901,6450,0,1,6452,729193
168,6450,800,4700,3760000,2,51606,12903,1,313880000,313880000,19351,6450,12901,6450,0,1,6452,727036
168,6450,800,4700,3760000,2,51606,12903,1,313880000,313880000,19351,6450,12901,6450,0,1,6452,749220
168,6450,800,4700,3760000,2,51606,12903,1,313880000,313880000,19351,6450,12901,6450,0,1,6452,748726

168,6850,800,4700,3760000,2,54806,13703,1,331480000,331480000,20551,6850,13701,6850,0,1,6852,8860764
168,6850,800,4700,3760000,2,54806,13703,1,331480000,331480000,20551,6850,13701,6850,0,1,6852,796474
168,6850,800,4700,3760000,2,54806,13703,1,331480000,331480000,20551,6850,13701,6850,0,1,6852,784160
168,6850,800,4700,3760000,2,54806,13703,1,331480000,331480000,20551,6850,13701,6850,0,1,6852,801635
168,6850,800,4700,3760000,2,54806,13703,1,331480000,331480000,20551,6850,13701,6850,0,1,6852,794960
168,6850,800,4700,3760000,2,54806,13703,1,331480000,331480000,20551,6850,13701,6850,0,1,6852,809661
168,6850,800,4700,3760000,2,54806,13703,1,331480000,331480000,20551,6850,13701,6850,0,1,6852,809157

168,50,800,4300,3440000,2,406,103,1,29560000,29560000,151,50,101,50,0,1,52,40307
168,50,800,4300,3440000,2,406,103,1,29560000,29560000,151,50,101,50,0,1,52,38071
168,50,800,4300,3440000,2,406,103,1,29560000,29560000,151,50,101,50,0,1,52,32998
168,50,800,4300,3440000,2,406,103,1,29560000,29560000,151,50,101,50,0,1,52,37528
168,50,800,4300,3440000,2,406,103,1,29560000,29560000,151,50,101,50,0,1,52,39740
168,50,800,4300,3440000,2,406,103,1,29560000,29560000,151,50,101,50,0,1,52,49072
168,50,800,4300,3440000,2,406,103,1,29560000,29560000,151,50,101,50,0,1,52,46479

168,450,800,4300,3440000,2,3606,903,1,45880000,45880000,1351,450,901,450,0,1,452,378398
168,450,800,4300,3440000,2,3606,903,1,45880000,45880000,1351,450,901,450,0,1,452,82183
168,450,800,4300,3440000,2,3606,903,1,45880000,45880000,1351,450,901,450,0,1,452,80692
168,450,800,4300,3440000,2,3606,903,1,45880000,45880000,1351,450,901,450,0,1,452,75927
168,450,800,4300,3440000,2,3606,903,1,45880000,45880000,1351,450,901,450,0,1,452,81709
168,450,800,4300,3440000,2,3606,903,1,45880000,45880000,1351,450,901,450,0,1,452,92818
168,450,800,4300,3440000,2,3606,903,1,45880000,45880000,1351,450,901,450,0,1,452,93313

168,850,800,4300,3440000,2,6806,1703,1,62200000,62200000,2551,850,1701,850,0,1,852,797571
168,850,800,4300,3440000,2,6806,1703,1,62200000,62200000,2551,850,1701,850,0,1,852,116407
168,850,800,4300,3440000,2,6806,1703,1,62200000,62200000,2551,850,1701,850,0,1,852,115973
168,850,800,4300,3440000,2,6806,1703,1,62200000,62200000,2551,850,1701,850,0,1,852,116625
168,850,800,4300,3440000,2,6806,1703,1,62200000,62200000,2551,850,1701,850,0,1,852,114643
168,850,800,4300,3440000,2,6806,1703,1,62200000,62200000,2551,850,1701,850,0,1,852,143459
168,850,800,4300,3440000,2,6806,1703,1,62200000,62200000,2551,850,1701,850,0,1,852,136145

168,1250,800,4300,3440000,2,10006,2503,1,78520000,78520000,3751,1250,2501,1250,0,1,1252,1335007
168,1250,800,4300,3440000,2,10006,2503,1,78520000,78520000,3751,1250,2501,1250,0,1,1252,162522
168,1250,800,4300,3440000,2,10006,2503,1,78520000,78520000,3751,1250,2501,1250,0,1,1252,162068
168,1250,800,4300,3440000,2,10006,2503,1,78520000,78520000,3751,1250,2501,1250,0,1,1252,162756
168,1250,800,4300,3440000,2,10006,2503,1,78520000,78520000,3751,1250,2501,1250,0,1,1252,161475
168,1250,800,4300,3440000,2,10006,2503,1,78520000,78520000,3751,1250,2501,1250,0,1,1252,179112
168,1250,800,4300,3440000,2,10006,2503,1,78520000,78520000,3751,1250,2501,1250,0,1,1252,178590

168,1650,800,4300,3440000,2,13206,3303,1,94840000,94840000,4951,1650,3301,1650,0,1,1652,1754899
168,1650,800,4300,3440000,2,13206,3303,1,94840000,94840000,4951,1650,3301,1650,0,1,1652,193269
168,1650,800,4300,3440000,2,13206,3303,1,94840000,94840000,4951,1650,3301,1650,0,1,1652,194082
168,1650,800,4300,3440000,2,13206,3303,1,94840000,94840000,4951,1650,3301,1650,0,1,1652,193823
168,1650,800,4300,3440000,2,13206,3303,1,94840000,94840000,4951,1650,3301,1650,0,1,1652,192368
168,1650,800,4300,3440000,2,13206,3303,1,94840000,94840000,4951,1650,3301,1650,0,1,1652,215711
168,1650,800,4300,3440000,2,13206,3303,1,94840000,94840000,4951,1650,3301,1650,0,1,1652,216119

168,2050,800,4300,3440000,2,16406,4103,1,111160000,111160000,6151,2050,4101,2050,0,1,2052,2195545
168,2050,800,4300,3440000,2,16406,4103,1,111160000,111160000,6151,2050,4101,2050,0,1,2052,229426
168,2050,800,4300,3440000,2,16406,4103,1,111160000,111160000,6151,2050,4101,2050,0,1,2052,231653
168,2050,800,4300,3440000,2,16406,4103,1,111160000,111160000,6151,2050,4101,2050,0,1,2052,231891
168,2050,800,4300,3440000,2,16406,4103,1,111160000,111160000,6151,2050,4101,2050,0,1,2052,231211
168,2050,800,4300,3440000,2,16406,4103,1,111160000,111160000,6151,2050,4101,2050,0,1,2052,251647
168,2050,800,4300,3440000,2,16406,4103,1,111160000,111160000,6151,2050,4101,2050,0,1,2052,253636

168,2450,800,4300,3440000,2,19606,4903,1,127480000,127480000,7351,2450,4901,2450,0,1,2452,2635383
168,2450,800,4300,3440000,2,19606,4903,1,127480000,127480000,7351,2450,4901,2450,0,1,2452,268086
168,2450,800,4300,3440000,2,19606,4903,1,127480000,127480000,7351,2450,4901,2450,0,1,2452,267713
168,2450,800,4300,3440000,2,19606,4903,1,127480000,127480000,7351,2450,4901,2450,0,1,2452,266539
168,2450,800,4300,3440000,2,19606,4903,1,127480000,127480000,7351,2450,4901,2450,0,1,2452,268587
168,2450,800,4300,3440000,2,19606,4903,1,127480000,127480000,7351,2450,4901,2450,0,1,2452,299692
168,2450,800,4300,3440000,2,19606,4903,1,127480000,127480000,7351,2450,4901,2450,0,1,2452,300111

168,2850,800,4300,3440000,2,22806,5703,1,143800000,143800000,8551,2850,5701,2850,0,1,2852,3104744
168,2850,800,4300,3440000,2,22806,5703,1,143800000,143800000,8551,2850,5701,2850,0,1,2852,305669
168,2850,800,4300,3440000,2,22806,5703,1,143800000,143800000,8551,2850,5701,2850,0,1,2852,304793
168,2850,800,4300,3440000,2,22806,5703,1,143800000,143800000,8551,2850,5701,2850,0,1,2852,307479
168,2850,800,4300,3440000,2,22806,5703,1,143800000,143800000,8551,2850,5701,2850,0,1,2852,306975
168,2850,800,4300,3440000,2,22806,5703,1,143800000,143800000,8551,2850,5701,2850,0,1,2852,347026
168,2850,800,4300,3440000,2,22806,5703,1,143800000,143800000,8551,2850,5701,2850,0,1,2852,347451

168,3250,800,4300,3440000,2,26006,6503,1,160120000,160120000,9751,3250,6501,3250,0,1,3252,3726264
168,3250,800,4300,3440000,2,26006,6503,1,160120000,160120000,9751,3250,6501,3250,0,1,3252,356193
168,3250,800,4300,3440000,2,26006,6503,1,160120000,160120000,9751,3250,6501,3250,0,1,3252,352818
168,3250,800,4300,3440000,2,26006,6503,1,160120000,160120000,9751,3250,6501,3250,0,1,3252,351942
168,3250,800,4300,3440000,2,26006,6503,1,160120000,160120000,9751,3250,6501,3250,0,1,3252,362046
168,3250,800,4300,3440000,2,26006,6503,1,160120000,160120000,9751,3250,6501,3250,0,1,3252,398839
168,3250,800,4300,3440000,2,26006,6503,1,160120000,160120000,9751,3250,6501,3250,0,1,3252,412763

168,3650,800,4300,3440000,2,29206,7303,1,176440000,176440000,10951,3650,7301,3650,0,1,3652,3993053
168,3650,800,4300,3440000,2,29206,7303,1,176440000,176440000,10951,3650,7301,3650,0,1,3652,389066
168,3650,800,4300,3440000,2,29206,7303,1,176440000,176440000,10951,3650,7301,3650,0,1,3652,388776
168,3650,800,4300,3440000,2,29206,7303,1,176440000,176440000,10951,3650,7301,3650,0,1,3652,386695
168,3650,800,4300,3440000,2,29206,7303,1,176440000,176440000,10951,3650,7301,3650,0,1,3652,388297
168,3650,800,4300,3440000,2,29206,7303,1,176440000,176440000,10951,3650,7301,3650,0,1,3652,441235
168,3650,800,4300,3440000,2,29206,7303,1,176440000,176440000,10951,3650,7301,3650,0,1,3652,444237

168,4050,800,4300,3440000,2,32406,8103,1,192760000,192760000,12151,4050,8101,4050,0,1,4052,4656615
168,4050,800,4300,3440000,2,32406,8103,1,192760000,192760000,12151,4050,8101,4050,0,1,4052,425070
168,4050,800,4300,3440000,2,32406,8103,1,192760000,192760000,12151,4050,8101,4050,0,1,4052,432906
168,4050,800,4300,3440000,2,32406,8103,1,192760000,192760000,12151,4050,8101,4050,0,1,4052,421324
168,4050,800,4300,3440000,2,32406,8103,1,192760000,192760000,12151,4050,8101,4050,0,1,4052,424471
168,4050,800,4300,3440000,2,32406,8103,1,192760000,192760000,12151,4050,8101,4050,0,1,4052,482823
168,4050,800,4300,3440000,2,32406,8103,1,192760000,192760000,12151,4050,8101,4050,0,1,4052,482376

168,4450,800,4300,3440000,2,35606,8903,1,209080000,209080000,13351,4450,8901,4450,0,1,4452,5102782
168,4450,800,4300,3440000,2,35606,8903,1,209080000,209080000,13351,4450,8901,4450,0,1,4452,458707
168,4450,800,4300,3440000,2,35606,8903,1,209080000,209080000,13351,4450,8901,4450,0,1,4452,455174
168,4450,800,4300,3440000,2,35606,8903,1,209080000,209080000,13351,4450,8901,4450,0,1,4452,459512
168,4450,800,4300,3440000,2,35606,8903,1,209080000,209080000,13351,4450,8901,4450,0,1,4452,459201
168,4450,800,4300,3440000,2,35606,8903,1,209080000,209080000,13351,4450,8901,4450,0,1,4452,522402
168,4450,800,4300,3440000,2,35606,8903,1,209080000,209080000,13351,4450,8901,4450,0,1,4452,522856

168,4850,800,4300,3440000,2,38806,9703,1,225400000,225400000,14551,4850,9701,4850,0,1,4852,5582417
168,4850,800,4300,3440000,2,38806,9703,1,225400000,225400000,14551,4850,9701,4850,0,1,4852,500002
168,4850,800,4300,3440000,2,38806,9703,1,225400000,225400000,14551,4850,9701,4850,0,1,4852,500283
168,4850,800,4300,3440000,2,38806,9703,1,225400000,225400000,14551,4850,9701,4850,0,1,4852,502800
168,4850,800,4300,3440000,2,38806,9703,1,225400000,225400000,14551,4850,9701,4850,0,1,4852,499542
168,4850,800,4300,3440000,2,38806,9703,1,225400000,225400000,14551,4850,9701,4850,0,1,4852,560180
168,4850,800,4300,3440000,2,38806,9703,1,225400000,225400000,14551,4850,9701,4850,0,1,4852,560641

168,5250,800,4300,3440000,2,42006,10503,1,241720000,241720000,15751,5250,10501,5250,0,1,5252,6016594
168,5250,800,4300,3440000,2,42006,10503,1,241720000,241720000,15751,5250,10501,5250,0,1,5252,530172
168,5250,800,4300,3440000,2,42006,10503,1,241720000,241720000,15751,5250,10501,5250,0,1,5252,531134
168,5250,800,4300,3440000,2,42006,10503,1,241720000,241720000,15751,5250,10501,5250,0,1,5252,533930
168,5250,800,4300,3440000,2,42006,10503,1,241720000,241720000,15751,5250,10501,5250,0,1,5252,534615
168,5250,800,4300,3440000,2,42006,10503,1,241720000,241720000,15751,5250,10501,5250,0,1,5252,594689
168,5250,800,4300,3440000,2,42006,10503,1,241720000,241720000,15751,5250,10501,5250,0,1,5252,593124

168,5650,800,4300,3440000,2,45206,11303,1,258040000,258040000,16951,5650,11301,5650,0,1,5652,6560560
168,5650,800,4300,3440000,2,45206,11303,1,258040000,258040000,16951,5650,11301,5650,0,1,5652,568399
168,5650,800,4300,3440000,2,45206,11303,1,258040000,258040000,16951,5650,11301,5650,0,1,5652,563090
168,5650,800,4300,3440000,2,45206,11303,1,258040000,258040000,16951,5650,11301,5650,0,1,5652,567861
168,5650,800,4300,3440000,2,45206,11303,1,258040000,258040000,16951,5650,11301,5650,0,1,5652,568751
168,5650,800,4300,3440000,2,45206,11303,1,258040000,258040000,16951,5650,11301,5650,0,1,5652,623755
168,5650,800,4300,3440000,2,45206,11303,1,258040000,258040000,16951,5650,11301,5650,0,1,5652,624235

168,6050,800,4300,3440000,2,48406,12103,1,274360000,274360000,18151,6050,12101,6050,0,1,6052,7108932
168,6050,800,4300,3440000,2,48406,12103,1,274360000,274360000,18151,6050,12101,6050,0,1,6052,613225
168,6050,800,4300,3440000,2,48406,12103,1,274360000,274360000,18151,6050,12101,6050,0,1,6052,609707
168,6050,800,4300,3440000,2,48406,12103,1,274360000,274360000,18151,6050,12101,6050,0,1,6052,612521
168,6050,800,4300,3440000,2,48406,12103,1,274360000,274360000,18151,6050,12101,6050,0,1,6052,613726
168,6050,800,4300,3440000,2,48406,12103,1,274360000,274360000,18151,6050,12101,6050,0,1,6052,658011
168,6050,800,4300,3440000,2,48406,12103,1,274360000,274360000,18151,6050,12101,6050,0,1,6052,656330

168,6450,800,4300,3440000,2,51606,12903,1,290680000,290680000,19351,6450,12901,6450,0,1,6452,7606630
168,6450,800,4300,3440000,2,51606,12903,1,290680000,290680000,19351,6450,12901,6450,0,1,6452,681018
168,6450,800,4300,3440000,2,51606,12903,1,290680000,290680000,19351,6450,12901,6450,0,1,6452,660051
168,6450,800,4300,3440000,2,51606,12903,1,290680000,290680000,19351,6450,12901,6450,0,1,6452,663881
168,6450,800,4300,3440000,2,51606,12903,1,290680000,290680000,19351,6450,12901,6450,0,1,6452,669631
168,6450,800,4300,3440000,2,51606,12903,1,290680000,290680000,19351,6450,12901,6450,0,1,6452,714659
168,6450,800,4300,3440000,2,51606,12903,1,290680000,290680000,19351,6450,12901,6450,0,1,6452,714167

168,6850,800,4300,3440000,2,54806,13703,1,307000000,307000000,20551,6850,13701,6850,0,1,6852,6963381
168,6850,800,4300,3440000,2,54806,13703,1,307000000,307000000,20551,6850,13701,6850,0,1,6852,730235
168,6850,800,4300,3440000,2,54806,13703,1,307000000,307000000,20551,6850,13701,6850,0,1,6852,740737
168,6850,800,4300,3440000,2,54806,13703,1,307000000,307000000,20551,6850,13701,6850,0,1,6852,736090
168,6850,800,4300,3440000,2,54806,13703,1,307000000,307000000,20551,6850,13701,6850,0,1,6852,733798
168,6850,800,4300,3440000,2,54806,13703,1,307000000,307000000,20551,6850,13701,6850,0,1,6852,748807
168,6850,800,4300,3440000,2,54806,13703,1,307000000,307000000,20551,6850,13701,6850,0,1,6852,748305

168,50,800,3900,3120000,2,406,103,1,26840000,26840000,151,50,101,50,0,1,52,37224
168,50,800,3900,3120000,2,406,103,1,26840000,26840000,151,50,101,50,0,1,52,30124
168,50,800,3900,3120000,2,406,103,1,26840000,26840000,151,50,101,50,0,1,52,37195
168,50,800,3900,3120000,2,406,103,1,26840000,26840000,151,50,101,50,0,1,52,36730
168,50,800,3900,3120000,2,406,103,1,26840000,26840000,151,50,101,50,0,1,52,34313
168,50,800,3900,3120000,2,406,103,1,26840000,26840000,151,50,101,50,0,1,52,44670
168,50,800,3900,3120000,2,406,103,1,26840000,26840000,151,50,101,50,0,1,52,43296

168,450,800,3900,3120000,2,3606,903,1,41880000,41880000,1351,450,901,450,0,1,452,349365
168,450,800,3900,3120000,2,3606,903,1,41880000,41880000,1351,450,901,450,0,1,452,71263
168,450,800,3900,3120000,2,3606,903,1,41880000,41880000,1351,450,901,450,0,1,452,70073
168,450,800,3900,3120000,2,3606,903,1,41880000,41880000,1351,450,901,450,0,1,452,63967
168,450,800,3900,3120000,2,3606,903,1,41880000,41880000,1351,450,901,450,0,1,452,69067
168,450,800,3900,3120000,2,3606,903,1,41880000,41880000,1351,450,901,450,0,1,452,83731
168,450,800,3900,3120000,2,3606,903,1,41880000,41880000,1351,450,901,450,0,1,452,88025

168,850,800,3900,3120000,2,6806,1703,1,56920000,56920000,2551,850,1701,850,0,1,852,728982
168,850,800,3900,3120000,2,6806,1703,1,56920000,56920000,2551,850,1701,850,0,1,852,110250
168,850,800,3900,3120000,2,6806,1703,1,56920000,56920000,2551,850,1701,850,0,1,852,109585
168,850,800,3900,3120000,2,6806,1703,1,56920000,56920000,2551,850,1701,850,0,1,852,110028
168,850,800,3900,3120000,2,6806,1703,1,56920000,56920000,2551,850,1701,850,0,1,852,109013
168,850,800,3900,3120000,2,6806,1703,1,56920000,56920000,2551,850,1701,850,0,1,852,123540
168,850,800,3900,3120000,2,6806,1703,1,56920000,56920000,2551,850,1701,850,0,1,852,124050

168,1250,800,3900,3120000,2,10006,2503,1,71960000,71960000,3751,1250,2501,1250,0,1,1252,1130649
168,1250,800,3900,3120000,2,10006,2503,1,71960000,71960000,3751,1250,2501,1250,0,1,1252,148243
168,1250,800,3900,3120000,2,10006,2503,1,71960000,71960000,3751,1250,2501,1250,0,1,1252,147775
168,1250,800,3900,3120000,2,10006,2503,1,71960000,71960000,3751,1250,2501,1250,0,1,1252,146346
168,1250,800,3900,3120000,2,10006,2503,1,71960000,71960000,3751,1250,2501,1250,0,1,1252,148476
168,1250,800,3900,3120000,2,10006,2503,1,71960000,71960000,3751,1250,2501,1250,0,1,1252,163502
168,1250,800,3900,3120000,2,10006,2503,1,71960000,71960000,3751,1250,2501,1250,0,1,1252,162984

168,1650,800,3900,3120000,2,13206,3303,1,87000000,87000000,4951,1650,3301,1650,0,1,1652,1587250
168,1650,800,3900,3120000,2,13206,3303,1,87000000,87000000,4951,1650,3301,1650,0,1,1652,179427
168,1650,800,3900,3120000,2,13206,3303,1,87000000,87000000,4951,1650,3301,1650,0,1,1652,178720
168,1650,800,3900,3120000,2,13206,3303,1,87000000,87000000,4951,1650,3301,1650,0,1,1652,182687
168,1650,800,3900,3120000,2,13206,3303,1,87000000,87000000,4951,1650,3301,1650,0,1,1652,182160
168,1650,800,3900,3120000,2,13206,3303,1,87000000,87000000,4951,1650,3301,1650,0,1,1652,200970
168,1650,800,3900,3120000,2,13206,3303,1,87000000,87000000,4951,1650,3301,1650,0,1,1652,200556

168,2050,800,3900,3120000,2,16406,4103,1,102040000,102040000,6151,2050,4101,2050,0,1,2052,1963941
168,2050,800,3900,3120000,2,16406,4103,1,102040000,102040000,6151,2050,4101,2050,0,1,2052,218619
168,2050,800,3900,3120000,2,16406,4103,1,102040000,102040000,6151,2050,4101,2050,0,1,2052,218110
168,2050,800,3900,3120000,2,16406,4103,1,102040000,102040000,6151,2050,4101,2050,0,1,2052,217674
168,2050,800,3900,3120000,2,16406,4103,1,102040000,102040000,6151,2050,4101,2050,0,1,2052,216388
168,2050,800,3900,3120000,2,16406,4103,1,102040000,102040000,6151,2050,4101,2050,0,1,2052,220599
168,2050,800,3900,3120000,2,16406,4103,1,102040000,102040000,6151,2050,4101,2050,0,1,2052,230949

168,2450,800,3900,3120000,2,19606,4903,1,117080000,117080000,7351,2450,4901,2450,0,1,2452,2502616
168,2450,800,3900,3120000,2,19606,4903,1,117080000,117080000,7351,2450,4901,2450,0,1,2452,244207
168,2450,800,3900,3120000,2,19606,4903,1,117080000,117080000,7351,2450,4901,2450,0,1,2452,244577
168,2450,800,3900,3120000,2,19606,4903,1,117080000,117080000,7351,2450,4901,2450,0,1,2452,245064
168,2450,800,3900,3120000,2,19606,4903,1,117080000,117080000,7351,2450,4901,2450,0,1,2452,243065
168,2450,800,3900,3120000,2,19606,4903,1,117080000,117080000,7351,2450,4901,2450,0,1,2452,273536
168,2450,800,3900,3120000,2,19606,4903,1,117080000,117080000,7351,2450,4901,2450,0,1,2452,273116

168,2850,800,3900,3120000,2,22806,5703,1,132120000,132120000,8551,2850,5701,2850,0,1,2852,2826764
168,2850,800,3900,3120000,2,22806,5703,1,132120000,132120000,8551,2850,5701,2850,0,1,2852,282459
168,2850,800,3900,3120000,2,22806,5703,1,132120000,132120000,8551,2850,5701,2850,0,1,2852,282999
168,2850,800,3900,3120000,2,22806,5703,1,132120000,132120000,8551,2850,5701,2850,0,1,2852,288621
168,2850,800,3900,3120000,2,22806,5703,1,132120000,132120000,8551,2850,5701,2850,0,1,2852,278838
168,2850,800,3900,3120000,2,22806,5703,1,132120000,132120000,8551,2850,5701,2850,0,1,2852,321065
168,2850,800,3900,3120000,2,22806,5703,1,132120000,132120000,8551,2850,5701,2850,0,1,2852,321494

168,3250,800,3900,3120000,2,26006,6503,1,147160000,147160000,9751,3250,6501,3250,0,1,3252,3371945
168,3250,800,3900,3120000,2,26006,6503,1,147160000,147160000,9751,3250,6501,3250,0,1,3252,318194
168,3250,800,3900,3120000,2,26006,6503,1,147160000,147160000,9751,3250,6501,3250,0,1,3252,318932
168,3250,800,3900,3120000,2,26006,6503,1,147160000,147160000,9751,3250,6501,3250,0,1,3252,318657
168,3250,800,3900,3120000,2,26006,6503,1,147160000,147160000,9751,3250,6501,3250,0,1,3252,316685
168,3250,800,3900,3120000,2,26006,6503,1,147160000,147160000,9751,3250,6501,3250,0,1,3252,356975
168,3250,800,3900,3120000,2,26006,6503,1,147160000,147160000,9751,3250,6501,3250,0,1,3252,356542

168,3650,800,3900,3120000,2,29206,7303,1,162200000,162200000,10951,3650,7301,3650,0,1,3652,3630160
168,3650,800,3900,3120000,2,29206,7303,1,162200000,162200000,10951,3650,7301,3650,0,1,3652,354835
168,3650,800,3900,3120000,2,29206,7303,1,162200000,162200000,10951,3650,7301,3650,0,1,3652,350061
168,3650,800,3900,3120000,2,29206,7303,1,162200000,162200000,10951,3650,7301,3650,0,1,3652,354543
168,3650,800,3900,3120000,2,29206,7303,1,162200000,162200000,10951,3650,7301,3650,0,1,3652,354064
168,3650,800,3900,3120000,2,29206,7303,1,162200000,162200000,10951,3650,7301,3650,0,1,3652,397783
168,3650,800,3900,3120000,2,29206,7303,1,162200000,162200000,10951,3650,7301,3650,0,1,3652,397337

168,4050,800,3900,3120000,2,32406,8103,1,177240000,177240000,12151,4050,8101,4050,0,1,4052,4296079
168,4050,800,3900,3120000,2,32406,8103,1,177240000,177240000,12151,4050,8101,4050,0,1,4052,407694
168,4050,800,3900,3120000,2,32406,8103,1,177240000,177240000,12151,4050,8101,4050,0,1,4052,408102
168,4050,800,3900,3120000,2,32406,8103,1,177240000,177240000,12151,4050,8101,4050,0,1,4052,408656
168,4050,800,3900,3120000,2,32406,8103,1,177240000,177240000,12151,4050,8101,4050,0,1,4052,406375
168,4050,800,3900,3120000,2,32406,8103,1,177240000,177240000,12151,4050,8101,4050,0,1,4052,463133
168,4050,800,3900,3120000,2,32406,8103,1,177240000,177240000,12151,4050,8101,4050,0,1,4052,462686

168,4450,800,3900,3120000,2,35606,8903,1,192280000,192280000,13351,4450,8901,4450,0,1,4452,4631839
168,4450,800,3900,3120000,2,35606,8903,1,192280000,192280000,13351,4450,8901,4450,0,1,4452,419506
168,4450,800,3900,3120000,2,35606,8903,1,192280000,192280000,13351,4450,8901,4450,0,1,4452,417415
168,4450,800,3900,3120000,2,35606,8903,1,192280000,192280000,13351,4450,8901,4450,0,1,4452,420141
168,4450,800,3900,3120000,2,35606,8903,1,192280000,192280000,13351,4450,8901,4450,0,1,4452,420704
168,4450,800,3900,3120000,2,35606,8903,1,192280000,192280000,13351,4450,8901,4450,0,1,4452,482787
168,4450,800,3900,3120000,2,35606,8903,1,192280000,192280000,13351,4450,8901,4450,0,1,4452,482334

168,4850,800,3900,3120000,2,38806,9703,1,207320000,207320000,14551,4850,9701,4850,0,1,4852,4970133
168,4850,800,3900,3120000,2,38806,9703,1,207320000,207320000,14551,4850,9701,4850,0,1,4852,470374
168,4850,800,3900,3120000,2,38806,9703,1,207320000,207320000,14551,4850,9701,4850,0,1,4852,462434
168,4850,800,3900,3120000,2,38806,9703,1,207320000,207320000,14551,4850,9701,4850,0,1,4852,461396
168,4850,800,3900,3120000,2,38806,9703,1,207320000,207320000,14551,4850,9701,4850,0,1,4852,476707
168,4850,800,3900,3120000,2,38806,9703,1,207320000,207320000,14551,4850,9701,4850,0,1,4852,543002
168,4850,800,3900,3120000,2,38806,9703,1,207320000,207320000,14551,4850,9701,4850,0,1,4852,528824

168,5250,800,3900,3120000,2,42006,10503,1,222360000,222360000,15751,5250,10501,5250,0,1,5252,5576167
168,5250,800,3900,3120000,2,42006,10503,1,222360000,222360000,15751,5250,10501,5250,0,1,5252,489298
168,5250,800,3900,3120000,2,42006,10503,1,222360000,222360000,15751,5250,10501,5250,0,1,5252,503605
168,5250,800,3900,3120000,2,42006,10503,1,222360000,222360000,15751,5250,10501,5250,0,1,5252,493656
168,5250,800,3900,3120000,2,42006,10503,1,222360000,222360000,15751,5250,10501,5250,0,1,5252,493021
168,5250,800,3900,3120000,2,42006,10503,1,222360000,222360000,15751,5250,10501,5250,0,1,5252,553229
168,5250,800,3900,3120000,2,42006,10503,1,222360000,222360000,15751,5250,10501,5250,0,1,5252,551708

168,5650,800,3900,3120000,2,45206,11303,1,237400000,237400000,16951,5650,11301,5650,0,1,5652,5759103
168,5650,800,3900,3120000,2,45206,11303,1,237400000,237400000,16951,5650,11301,5650,0,1,5652,523414
168,5650,800,3900,3120000,2,45206,11303,1,237400000,237400000,16951,5650,11301,5650,0,1,5652,518794
168,5650,800,3900,3120000,2,45206,11303,1,237400000,237400000,16951,5650,11301,5650,0,1,5652,522528
168,5650,800,3900,3120000,2,45206,11303,1,237400000,237400000,16951,5650,11301,5650,0,1,5652,523062
168,5650,800,3900,3120000,2,45206,11303,1,237400000,237400000,16951,5650,11301,5650,0,1,5652,582293
168,5650,800,3900,3120000,2,45206,11303,1,237400000,237400000,16951,5650,11301,5650,0,1,5652,581813

168,6050,800,3900,3120000,2,48406,12103,1,252440000,252440000,18151,6050,12101,6050,0,1,6052,6378569
168,6050,800,3900,3120000,2,48406,12103,1,252440000,252440000,18151,6050,12101,6050,0,1,6052,554194
168,6050,800,3900,3120000,2,48406,12103,1,252440000,252440000,18151,6050,12101,6050,0,1,6052,555084
168,6050,800,3900,3120000,2,48406,12103,1,252440000,252440000,18151,6050,12101,6050,0,1,6052,554731
168,6050,800,3900,3120000,2,48406,12103,1,252440000,252440000,18151,6050,12101,6050,0,1,6052,553228
168,6050,800,3900,3120000,2,48406,12103,1,252440000,252440000,18151,6050,12101,6050,0,1,6052,613098
168,6050,800,3900,3120000,2,48406,12103,1,252440000,252440000,18151,6050,12101,6050,0,1,6052,612618

168,6450,800,3900,3120000,2,51606,12903,1,267480000,267480000,19351,6450,12901,6450,0,1,6452,7069102
168,6450,800,3900,3120000,2,51606,12903,1,267480000,267480000,19351,6450,12901,6450,0,1,6452,600755
168,6450,800,3900,3120000,2,51606,12903,1,267480000,267480000,19351,6450,12901,6450,0,1,6452,599373
168,6450,800,3900,3120000,2,51606,12903,1,267480000,267480000,19351,6450,12901,6450,0,1,6452,607260
168,6450,800,3900,3120000,2,51606,12903,1,267480000,267480000,19351,6450,12901,6450,0,1,6452,597530
168,6450,800,3900,3120000,2,51606,12903,1,267480000,267480000,19351,6450,12901,6450,0,1,6452,639536
168,6450,800,3900,3120000,2,51606,12903,1,267480000,267480000,19351,6450,12901,6450,0,1,6452,637896

168,6850,800,3900,3120000,2,54806,13703,1,282520000,282520000,20551,6850,13701,6850,0,1,6852,7260989
168,6850,800,3900,3120000,2,54806,13703,1,282520000,282520000,20551,6850,13701,6850,0,1,6852,624933
168,6850,800,3900,3120000,2,54806,13703,1,282520000,282520000,20551,6850,13701,6850,0,1,6852,619821
168,6850,800,3900,3120000,2,54806,13703,1,282520000,282520000,20551,6850,13701,6850,0,1,6852,624256
168,6850,800,3900,3120000,2,54806,13703,1,282520000,282520000,20551,6850,13701,6850,0,1,6852,625456
168,6850,800,3900,3120000,2,54806,13703,1,282520000,282520000,20551,6850,13701,6850,0,1,6852,672071
168,6850,800,3900,3120000,2,54806,13703,1,282520000,282520000,20551,6850,13701,6850,0,1,6852,670384

168,50,800,3500,2800000,2,406,103,1,24120000,24120000,151,50,101,50,0,1,52,32776
168,50,800,3500,2800000,2,406,103,1,24120000,24120000,151,50,101,50,0,1,52,28080
168,50,800,3500,2800000,2,406,103,1,24120000,24120000,151,50,101,50,0,1,52,30123
168,50,800,3500,2800000,2,406,103,1,24120000,24120000,151,50,101,50,0,1,52,33283
168,50,800,3500,2800000,2,406,103,1,24120000,24120000,151,50,101,50,0,1,52,32825
168,50,800,3500,2800000,2,406,103,1,24120000,24120000,151,50,101,50,0,1,52,39227
168,50,800,3500,2800000,2,406,103,1,24120000,24120000,151,50,101,50,0,1,52,39713

168,450,800,3500,2800000,2,3606,903,1,37880000,37880000,1351,450,901,450,0,1,452,318507
168,450,800,3500,2800000,2,3606,903,1,37880000,37880000,1351,450,901,450,0,1,452,67941
168,450,800,3500,2800000,2,3606,903,1,37880000,37880000,1351,450,901,450,0,1,452,67321
168,450,800,3500,2800000,2,3606,903,1,37880000,37880000,1351,450,901,450,0,1,452,68792
168,450,800,3500,2800000,2,3606,903,1,37880000,37880000,1351,450,901,450,0,1,452,68136
168,450,800,3500,2800000,2,3606,903,1,37880000,37880000,1351,450,901,450,0,1,452,76284
168,450,800,3500,2800000,2,3606,903,1,37880000,37880000,1351,450,901,450,0,1,452,76779

168,850,800,3500,2800000,2,6806,1703,1,51640000,51640000,2551,850,1701,850,0,1,852,708130
168,850,800,3500,2800000,2,6806,1703,1,51640000,51640000,2551,850,1701,850,0,1,852,101400
168,850,800,3500,2800000,2,6806,1703,1,51640000,51640000,2551,850,1701,850,0,1,852,100376
168,850,800,3500,2800000,2,6806,1703,1,51640000,51640000,2551,850,1701,850,0,1,852,101757
168,850,800,3500,2800000,2,6806,1703,1,51640000,51640000,2551,850,1701,850,0,1,852,102249
168,850,800,3500,2800000,2,6806,1703,1,51640000,51640000,2551,850,1701,850,0,1,852,110361
168,850,800,3500,2800000,2,6806,1703,1,51640000,51640000,2551,850,1701,850,0,1,852,112502

168,1250,800,3500,2800000,2,10006,2503,1,65400000,65400000,3751,1250,2501,1250,0,1,1252,1039590
168,1250,800,3500,2800000,2,10006,2503,1,65400000,65400000,3751,1250,2501,1250,0,1,1252,133260
168,1250,800,3500,2800000,2,10006,2503,1,65400000,65400000,3751,1250,2501,1250,0,1,1252,135111
168,1250,800,3500,2800000,2,10006,2503,1,65400000,65400000,3751,1250,2501,1250,0,1,1252,134648
168,1250,800,3500,2800000,2,10006,2503,1,65400000,65400000,3751,1250,2501,1250,0,1,1252,135348
168,1250,800,3500,2800000,2,10006,2503,1,65400000,65400000,3751,1250,2501,1250,0,1,1252,148500
168,1250,800,3500,2800000,2,10006,2503,1,65400000,65400000,3751,1250,2501,1250,0,1,1252,149018

168,1650,800,3500,2800000,2,13206,3303,1,79160000,79160000,4951,1650,3301,1650,0,1,1652,1405336
168,1650,800,3500,2800000,2,13206,3303,1,79160000,79160000,4951,1650,3301,1650,0,1,1652,166187
168,1650,800,3500,2800000,2,13206,3303,1,79160000,79160000,4951,1650,3301,1650,0,1,1652,165700
168,1650,800,3500,2800000,2,13206,3303,1,79160000,79160000,4951,1650,3301,1650,0,1,1652,166443
168,1650,800,3500,2800000,2,13206,3303,1,79160000,79160000,4951,1650,3301,1650,0,1,1652,164728
168,1650,800,3500,2800000,2,13206,3303,1,79160000,79160000,4951,1650,3301,1650,0,1,1652,183424
168,1650,800,3500,2800000,2,13206,3303,1,79160000,79160000,4951,1650,3301,1650,0,1,1652,186520

168,2050,800,3500,2800000,2,16406,4103,1,92920000,92920000,6151,2050,4101,2050,0,1,2052,1772063
168,2050,800,3500,2800000,2,16406,4103,1,92920000,92920000,6151,2050,4101,2050,0,1,2052,192335
168,2050,800,3500,2800000,2,16406,4103,1,92920000,92920000,6151,2050,4101,2050,0,1,2052,193636
168,2050,800,3500,2800000,2,16406,4103,1,92920000,92920000,6151,2050,4101,2050,0,1,2052,191234
168,2050,800,3500,2800000,2,16406,4103,1,92920000,92920000,6151,2050,4101,2050,0,1,2052,193122
168,2050,800,3500,2800000,2,16406,4103,1,92920000,92920000,6151,2050,4101,2050,0,1,2052,213563
168,2050,800,3500,2800000,2,16406,4103,1,92920000,92920000,6151,2050,4101,2050,0,1,2052,213148

168,2450,800,3500,2800000,2,19606,4903,1,106680000,106680000,7351,2450,4901,2450,0,1,2452,2102835
168,2450,800,3500,2800000,2,19606,4903,1,106680000,106680000,7351,2450,4901,2450,0,1,2452,227053
168,2450,800,3500,2800000,2,19606,4903,1,106680000,106680000,7351,2450,4901,2450,0,1,2452,221819
168,2450,800,3500,2800000,2,19606,4903,1,106680000,106680000,7351,2450,4901,2450,0,1,2452,224914
168,2450,800,3500,2800000,2,19606,4903,1,106680000,106680000,7351,2450,4901,2450,0,1,2452,226069
168,2450,800,3500,2800000,2,19606,4903,1,106680000,106680000,7351,2450,4901,2450,0,1,2452,239248
168,2450,800,3500,2800000,2,19606,4903,1,106680000,106680000,7351,2450,4901,2450,0,1,2452,239666

168,2850,800,3500,2800000,2,22806,5703,1,120440000,120440000,8551,2850,5701,2850,0,1,2852,2521676
168,2850,800,3500,2800000,2,22806,5703,1,120440000,120440000,8551,2850,5701,2850,0,1,2852,263563
168,2850,800,3500,2800000,2,22806,5703,1,120440000,120440000,8551,2850,5701,2850,0,1,2852,251525
168,2850,800,3500,2800000,2,22806,5703,1,120440000,120440000,8551,2850,5701,2850,0,1,2852,252343
168,2850,800,3500,2800000,2,22806,5703,1,120440000,120440000,8551,2850,5701,2850,0,1,2852,254208
168,2850,800,3500,2800000,2,22806,5703,1,120440000,120440000,8551,2850,5701,2850,0,1,2852,300296
168,2850,800,3500,2800000,2,22806,5703,1,120440000,120440000,8551,2850,5701,2850,0,1,2852,299704

168,3250,800,3500,2800000,2,26006,6503,1,134200000,134200000,9751,3250,6501,3250,0,1,3252,2815210
168,3250,800,3500,2800000,2,26006,6503,1,134200000,134200000,9751,3250,6501,3250,0,1,3252,293369
168,3250,800,3500,2800000,2,26006,6503,1,134200000,134200000,9751,3250,6501,3250,0,1,3252,295018
168,3250,800,3500,2800000,2,26006,6503,1,134200000,134200000,9751,3250,6501,3250,0,1,3252,285483
168,3250,800,3500,2800000,2,26006,6503,1,134200000,134200000,9751,3250,6501,3250,0,1,3252,299194
168,3250,800,3500,2800000,2,26006,6503,1,134200000,134200000,9751,3250,6501,3250,0,1,3252,332492
168,3250,800,3500,2800000,2,26006,6503,1,134200000,134200000,9751,3250,6501,3250,0,1,3252,332935

168,3650,800,3500,2800000,2,29206,7303,1,147960000,147960000,10951,3650,7301,3650,0,1,3652,3216246
168,3650,800,3500,2800000,2,29206,7303,1,147960000,147960000,10951,3650,7301,3650,0,1,3652,315622
168,3650,800,3500,2800000,2,29206,7303,1,147960000,147960000,10951,3650,7301,3650,0,1,3652,316877
168,3650,800,3500,2800000,2,29206,7303,1,147960000,147960000,10951,3650,7301,3650,0,1,3652,317814
168,3650,800,3500,2800000,2,29206,7303,1,147960000,147960000,10951,3650,7301,3650,0,1,3652,317286
168,3650,800,3500,2800000,2,29206,7303,1,147960000,147960000,10951,3650,7301,3650,0,1,3652,361726
168,3650,800,3500,2800000,2,29206,7303,1,147960000,147960000,10951,3650,7301,3650,0,1,3652,362168

168,4050,800,3500,2800000,2,32406,8103,1,161720000,161720000,12151,4050,8101,4050,0,1,4052,3633508
168,4050,800,3500,2800000,2,32406,8103,1,161720000,161720000,12151,4050,8101,4050,0,1,4052,351787
168,4050,800,3500,2800000,2,32406,8103,1,161720000,161720000,12151,4050,8101,4050,0,1,4052,350994
168,4050,800,3500,2800000,2,32406,8103,1,161720000,161720000,12151,4050,8101,4050,0,1,4052,348912
168,4050,800,3500,2800000,2,32406,8103,1,161720000,161720000,12151,4050,8101,4050,0,1,4052,351486
168,4050,800,3500,2800000,2,32406,8103,1,161720000,161720000,12151,4050,8101,4050,0,1,4052,402909
168,4050,800,3500,2800000,2,32406,8103,1,161720000,161720000,12151,4050,8101,4050,0,1,4052,403354

168,4450,800,3500,2800000,2,35606,8903,1,175480000,175480000,13351,4450,8901,4450,0,1,4452,4010977
168,4450,800,3500,2800000,2,35606,8903,1,175480000,175480000,13351,4450,8901,4450,0,1,4452,384183
168,4450,800,3500,2800000,2,35606,8903,1,175480000,175480000,13351,4450,8901,4450,0,1,4452,384840
168,4450,800,3500,2800000,2,35606,8903,1,175480000,175480000,13351,4450,8901,4450,0,1,4452,383305
168,4450,800,3500,2800000,2,35606,8903,1,175480000,175480000,13351,4450,8901,4450,0,1,4452,385321
168,4450,800,3500,2800000,2,35606,8903,1,175480000,175480000,13351,4450,8901,4450,0,1,4452,433992
168,4450,800,3500,2800000,2,35606,8903,1,175480000,175480000,13351,4450,8901,4450,0,1,4452,433539

168,4850,800,3500,2800000,2,38806,9703,1,189240000,189240000,14551,4850,9701,4850,0,1,4852,4538557
168,4850,800,3500,2800000,2,38806,9703,1,189240000,189240000,14551,4850,9701,4850,0,1,4852,413770
168,4850,800,3500,2800000,2,38806,9703,1,189240000,189240000,14551,4850,9701,4850,0,1,4852,412542
168,4850,800,3500,2800000,2,38806,9703,1,189240000,189240000,14551,4850,9701,4850,0,1,4852,410471
168,4850,800,3500,2800000,2,38806,9703,1,189240000,189240000,14551,4850,9701,4850,0,1,4852,413209
168,4850,800,3500,2800000,2,38806,9703,1,189240000,189240000,14551,4850,9701,4850,0,1,4852,469593
168,4850,800,3500,2800000,2,38806,9703,1,189240000,189240000,14551,4850,9701,4850,0,1,4852,469136

168,5250,800,3500,2800000,2,42006,10503,1,203000000,203000000,15751,5250,10501,5250,0,1,5252,4453071
168,5250,800,3500,2800000,2,42006,10503,1,203000000,203000000,15751,5250,10501,5250,0,1,5252,449715
168,5250,800,3500,2800000,2,42006,10503,1,203000000,203000000,15751,5250,10501,5250,0,1,5252,445708
168,5250,800,3500,2800000,2,42006,10503,1,203000000,203000000,15751,5250,10501,5250,0,1,5252,454051
168,5250,800,3500,2800000,2,42006,10503,1,203000000,203000000,15751,5250,10501,5250,0,1,5252,450332
168,5250,800,3500,2800000,2,42006,10503,1,203000000,203000000,15751,5250,10501,5250,0,1,5252,509387
168,5250,800,3500,2800000,2,42006,10503,1,203000000,203000000,15751,5250,10501,5250,0,1,5252,508914

168,5650,800,3500,2800000,2,45206,11303,1,216760000,216760000,16951,5650,11301,5650,0,1,5652,5164775
168,5650,800,3500,2800000,2,45206,11303,1,216760000,216760000,16951,5650,11301,5650,0,1,5652,471335
168,5650,800,3500,2800000,2,45206,11303,1,216760000,216760000,16951,5650,11301,5650,0,1,5652,472787
168,5650,800,3500,2800000,2,45206,11303,1,216760000,216760000,16951,5650,11301,5650,0,1,5652,473238
168,5650,800,3500,2800000,2,45206,11303,1,216760000,216760000,16951,5650,11301,5650,0,1,5652,473835
168,5650,800,3500,2800000,2,45206,11303,1,216760000,216760000,16951,5650,11301,5650,0,1,5652,536633
168,5650,800,3500,2800000,2,45206,11303,1,216760000,216760000,16951,5650,11301,5650,0,1,5652,537114

168,6050,800,3500,2800000,2,48406,12103,1,230520000,230520000,18151,6050,12101,6050,0,1,6052,5610634
168,6050,800,3500,2800000,2,48406,12103,1,230520000,230520000,18151,6050,12101,6050,0,1,6052,509097
168,6050,800,3500,2800000,2,48406,12103,1,230520000,230520000,18151,6050,12101,6050,0,1,6052,508039
168,6050,800,3500,2800000,2,48406,12103,1,230520000,230520000,18151,6050,12101,6050,0,1,6052,508504
168,6050,800,3500,2800000,2,48406,12103,1,230520000,230520000,18151,6050,12101,6050,0,1,6052,506547
168,6050,800,3500,2800000,2,48406,12103,1,230520000,230520000,18151,6050,12101,6050,0,1,6052,568322
168,6050,800,3500,2800000,2,48406,12103,1,230520000,230520000,18151,6050,12101,6050,0,1,6052,566772

168,6450,800,3500,2800000,2,51606,12903,1,244280000,244280000,19351,6450,12901,6450,0,1,6452,5606506
168,6450,800,3500,2800000,2,51606,12903,1,244280000,244280000,19351,6450,12901,6450,0,1,6452,540881
168,6450,800,3500,2800000,2,51606,12903,1,244280000,244280000,19351,6450,12901,6450,0,1,6452,537640
168,6450,800,3500,2800000,2,51606,12903,1,244280000,244280000,19351,6450,12901,6450,0,1,6452,541486
168,6450,800,3500,2800000,2,51606,12903,1,244280000,244280000,19351,6450,12901,6450,0,1,6452,539171
168,6450,800,3500,2800000,2,51606,12903,1,244280000,244280000,19351,6450,12901,6450,0,1,6452,595510
168,6450,800,3500,2800000,2,51606,12903,1,244280000,244280000,19351,6450,12901,6450,0,1,6452,593911

168,6850,800,3500,2800000,2,54806,13703,1,258040000,258040000,20551,6850,13701,6850,0,1,6852,6577518
168,6850,800,3500,2800000,2,54806,13703,1,258040000,258040000,20551,6850,13701,6850,0,1,6852,597062
168,6850,800,3500,2800000,2,54806,13703,1,258040000,258040000,20551,6850,13701,6850,0,1,6852,592135
168,6850,800,3500,2800000,2,54806,13703,1,258040000,258040000,20551,6850,13701,6850,0,1,6852,574544
168,6850,800,3500,2800000,2,54806,13703,1,258040000,258040000,20551,6850,13701,6850,0,1,6852,594995
168,6850,800,3500,2800000,2,54806,13703,1,258040000,258040000,20551,6850,13701,6850,0,1,6852,646807
168,6850,800,3500,2800000,2,54806,13703,1,258040000,258040000,20551,6850,13701,6850,0,1,6852,648417

168,50,800,3100,2480000,2,406,103,1,21400000,21400000,151,50,101,50,0,1,52,30291
168,50,800,3100,2480000,2,406,103,1,21400000,21400000,151,50,101,50,0,1,52,30949
168,50,800,3100,2480000,2,406,103,1,21400000,21400000,151,50,101,50,0,1,52,25538
168,50,800,3100,2480000,2,406,103,1,21400000,21400000,151,50,101,50,0,1,52,31408
168,50,800,3100,2480000,2,406,103,1,21400000,21400000,151,50,101,50,0,1,52,28608
168,50,800,3100,2480000,2,406,103,1,21400000,21400000,151,50,101,50,0,1,52,36434
168,50,800,3100,2480000,2,406,103,1,21400000,21400000,151,50,101,50,0,1,52,36924

168,450,800,3100,2480000,2,3606,903,1,33880000,33880000,1351,450,901,450,0,1,452,280003
168,450,800,3100,2480000,2,3606,903,1,33880000,33880000,1351,450,901,450,0,1,452,60483
168,450,800,3100,2480000,2,3606,903,1,33880000,33880000,1351,450,901,450,0,1,452,61524
168,450,800,3100,2480000,2,3606,903,1,33880000,33880000,1351,450,901,450,0,1,452,61060
168,450,800,3100,2480000,2,3606,903,1,33880000,33880000,1351,450,901,450,0,1,452,59148
168,450,800,3100,2480000,2,3606,903,1,33880000,33880000,1351,450,901,450,0,1,452,67457
168,450,800,3100,2480000,2,3606,903,1,33880000,33880000,1351,450,901,450,0,1,452,76351

168,850,800,3100,2480000,2,6806,1703,1,46360000,46360000,2551,850,1701,850,0,1,852,555723
168,850,800,3100,2480000,2,6806,1703,1,46360000,46360000,2551,850,1701,850,0,1,852,92580
168,850,800,3100,2480000,2,6806,1703,1,46360000,46360000,2551,850,1701,850,0,1,852,91546
168,850,800,3100,2480000,2,6806,1703,1,46360000,46360000,2551,850,1701,850,0,1,852,93425
168,850,800,3100,2480000,2,6806,1703,1,46360000,46360000,2551,850,1701,850,0,1,852,92938
168,850,800,3100,2480000,2,6806,1703,1,46360000,46360000,2551,850,1701,850,0,1,852,101246
168,850,800,3100,2480000,2,6806,1703,1,46360000,46360000,2551,850,1701,850,0,1,852,102577

168,1250,800,3100,2480000,2,10006,2503,1,58840000,58840000,3751,1250,2501,1250,0,1,1252,870852
168,1250,800,3100,2480000,2,10006,2503,1,58840000,58840000,3751,1250,2501,1250,0,1,1252,121232
168,1250,800,3100,2480000,2,10006,2503,1,58840000,58840000,3751,1250,2501,1250,0,1,1252,119820
168,1250,800,3100,2480000,2,10006,2503,1,58840000,58840000,3751,1250,2501,1250,0,1,1252,121468
168,1250,800,3100,2480000,2,10006,2503,1,58840000,58840000,3751,1250,2501,1250,0,1,1252,120779
168,1250,800,3100,2480000,2,10006,2503,1,58840000,58840000,3751,1250,2501,1250,0,1,1252,133860
168,1250,800,3100,2480000,2,10006,2503,1,58840000,58840000,3751,1250,2501,1250,0,1,1252,133345

168,1650,800,3100,2480000,2,13206,3303,1,71320000,71320000,4951,1650,3301,1650,0,1,1652,1159772
168,1650,800,3100,2480000,2,13206,3303,1,71320000,71320000,4951,1650,3301,1650,0,1,1652,150921
168,1650,800,3100,2480000,2,13206,3303,1,71320000,71320000,4951,1650,3301,1650,0,1,1652,150399
168,1650,800,3100,2480000,2,13206,3303,1,71320000,71320000,4951,1650,3301,1650,0,1,1652,149246
168,1650,800,3100,2480000,2,13206,3303,1,71320000,71320000,4951,1650,3301,1650,0,1,1652,142255
168,1650,800,3100,2480000,2,13206,3303,1,71320000,71320000,4951,1650,3301,1650,0,1,1652,165825
168,1650,800,3100,2480000,2,13206,3303,1,71320000,71320000,4951,1650,3301,1650,0,1,1652,165296

168,2050,800,3100,2480000,2,16406,4103,1,83800000,83800000,6151,2050,4101,2050,0,1,2052,1537126
168,2050,800,3100,2480000,2,16406,4103,1,83800000,83800000,6151,2050,4101,2050,0,1,2052,174861
168,2050,800,3100,2480000,2,16406,4103,1,83800000,83800000,6151,2050,4101,2050,0,1,2052,174162
168,2050,800,3100,2480000,2,16406,4103,1,83800000,83800000,6151,2050,4101,2050,0,1,2052,174612
168,2050,800,3100,2480000,2,16406,4103,1,83800000,83800000,6151,2050,4101,2050,0,1,2052,172797
168,2050,800,3100,2480000,2,16406,4103,1,83800000,83800000,6151,2050,4101,2050,0,1,2052,205672
168,2050,800,3100,2480000,2,16406,4103,1,83800000,83800000,6151,2050,4101,2050,0,1,2052,203663

168,2450,800,3100,2480000,2,19606,4903,1,96280000,96280000,7351,2450,4901,2450,0,1,2452,1668321
168,2450,800,3100,2480000,2,19606,4903,1,96280000,96280000,7351,2450,4901,2450,0,1,2452,211337
168,2450,800,3100,2480000,2,19606,4903,1,96280000,96280000,7351,2450,4901,2450,0,1,2452,204796
168,2450,800,3100,2480000,2,19606,4903,1,96280000,96280000,7351,2450,4901,2450,0,1,2452,207145
168,2450,800,3100,2480000,2,19606,4903,1,96280000,96280000,7351,2450,4901,2450,0,1,2452,212525
168,2450,800,3100,2480000,2,19606,4903,1,96280000,96280000,7351,2450,4901,2450,0,1,2452,214818
168,2450,800,3100,2480000,2,19606,4903,1,96280000,96280000,7351,2450,4901,2450,0,1,2452,217280

168,2850,800,3100,2480000,2,22806,5703,1,108760000,108760000,8551,2850,5701,2850,0,1,2852,2181178
168,2850,800,3100,2480000,2,22806,5703,1,108760000,108760000,8551,2850,5701,2850,0,1,2852,248921
168,2850,800,3100,2480000,2,22806,5703,1,108760000,108760000,8551,2850,5701,2850,0,1,2852,249641
168,2850,800,3100,2480000,2,22806,5703,1,108760000,108760000,8551,2850,5701,2850,0,1,2852,249373
168,2850,800,3100,2480000,2,22806,5703,1,108760000,108760000,8551,2850,5701,2850,0,1,2852,245447
168,2850,800,3100,2480000,2,22806,5703,1,108760000,108760000,8551,2850,5701,2850,0,1,2852,238870
168,2850,800,3100,2480000,2,22806,5703,1,108760000,108760000,8551,2850,5701,2850,0,1,2852,240997

168,3250,800,3100,2480000,2,26006,6503,1,121240000,121240000,9751,3250,6501,3250,0,1,3252,2538876
168,3250,800,3100,2480000,2,26006,6503,1,121240000,121240000,9751,3250,6501,3250,0,1,3252,257661
168,3250,800,3100,2480000,2,26006,6503,1,121240000,121240000,9751,3250,6501,3250,0,1,3252,261180
168,3250,800,3100,2480000,2,26006,6503,1,121240000,121240000,9751,3250,6501,3250,0,1,3252,261723
168,3250,800,3100,2480000,2,26006,6503,1,121240000,121240000,9751,3250,6501,3250,0,1,3252,260298
168,3250,800,3100,2480000,2,26006,6503,1,121240000,121240000,9751,3250,6501,3250,0,1,3252,277944
168,3250,800,3100,2480000,2,26006,6503,1,121240000,121240000,9751,3250,6501,3250,0,1,3252,277509

168,3650,800,3100,2480000,2,29206,7303,1,133720000,133720000,10951,3650,7301,3650,0,1,3652,2942573
168,3650,800,3100,2480000,2,29206,7303,1,133720000,133720000,10951,3650,7301,3650,0,1,3652,285010
168,3650,800,3100,2480000,2,29206,7303,1,133720000,133720000,10951,3650,7301,3650,0,1,3652,283843
168,3650,800,3100,2480000,2,29206,7303,1,133720000,133720000,10951,3650,7301,3650,0,1,3652,282045
168,3650,800,3100,2480000,2,29206,7303,1,133720000,133720000,10951,3650,7301,3650,0,1,3652,284477
168,3650,800,3100,2480000,2,29206,7303,1,133720000,133720000,10951,3650,7301,3650,0,1,3652,321543
168,3650,800,3100,2480000,2,29206,7303,1,133720000,133720000,10951,3650,7301,3650,0,1,3652,321100

168,4050,800,3100,2480000,2,32406,8103,1,146200000,146200000,12151,4050,8101,4050,0,1,4052,3263042
168,4050,800,3100,2480000,2,32406,8103,1,146200000,146200000,12151,4050,8101,4050,0,1,4052,316690
168,4050,800,3100,2480000,2,32406,8103,1,146200000,146200000,12151,4050,8101,4050,0,1,4052,317147
168,4050,800,3100,2480000,2,32406,8103,1,146200000,146200000,12151,4050,8101,4050,0,1,4052,320805
168,4050,800,3100,2480000,2,32406,8103,1,146200000,146200000,12151,4050,8101,4050,0,1,4052,319120
168,4050,800,3100,2480000,2,32406,8103,1,146200000,146200000,12151,4050,8101,4050,0,1,4052,359781
168,4050,800,3100,2480000,2,32406,8103,1,146200000,146200000,12151,4050,8101,4050,0,1,4052,360231

168,4450,800,3100,2480000,2,35606,8903,1,158680000,158680000,13351,4450,8901,4450,0,1,4452,3514835
168,4450,800,3100,2480000,2,35606,8903,1,158680000,158680000,13351,4450,8901,4450,0,1,4452,340305
168,4450,800,3100,2480000,2,35606,8903,1,158680000,158680000,13351,4450,8901,4450,0,1,4452,343424
168,4450,800,3100,2480000,2,35606,8903,1,158680000,158680000,13351,4450,8901,4450,0,1,4452,342865
168,4450,800,3100,2480000,2,35606,8903,1,158680000,158680000,13351,4450,8901,4450,0,1,4452,342225
168,4450,800,3100,2480000,2,35606,8903,1,158680000,158680000,13351,4450,8901,4450,0,1,4452,387461
168,4450,800,3100,2480000,2,35606,8903,1,158680000,158680000,13351,4450,8901,4450,0,1,4452,387007

168,4850,800,3100,2480000,2,38806,9703,1,171160000,171160000,14551,4850,9701,4850,0,1,4852,3961393
168,4850,800,3100,2480000,2,38806,9703,1,171160000,171160000,14551,4850,9701,4850,0,1,4852,371133
168,4850,800,3100,2480000,2,38806,9703,1,171160000,171160000,14551,4850,9701,4850,0,1,4852,371449
168,4850,800,3100,2480000,2,38806,9703,1,171160000,171160000,14551,4850,9701,4850,0,1,4852,369021
168,4850,800,3100,2480000,2,38806,9703,1,171160000,171160000,14551,4850,9701,4850,0,1,4852,370627
168,4850,800,3100,2480000,2,38806,9703,1,171160000,171160000,14551,4850,9701,4850,0,1,4852,427470
168,4850,800,3100,2480000,2,38806,9703,1,171160000,171160000,14551,4850,9701,4850,0,1,4852,428850

168,5250,800,3100,2480000,2,42006,10503,1,183640000,183640000,15751,5250,10501,5250,0,1,5252,4347343
168,5250,800,3100,2480000,2,42006,10503,1,183640000,183640000,15751,5250,10501,5250,0,1,5252,394599
168,5250,800,3100,2480000,2,42006,10503,1,183640000,183640000,15751,5250,10501,5250,0,1,5252,395123
168,5250,800,3100,2480000,2,42006,10503,1,183640000,183640000,15751,5250,10501,5250,0,1,5252,393995
168,5250,800,3100,2480000,2,42006,10503,1,183640000,183640000,15751,5250,10501,5250,0,1,5252,395463
168,5250,800,3100,2480000,2,42006,10503,1,183640000,183640000,15751,5250,10501,5250,0,1,5252,454487
168,5250,800,3100,2480000,2,42006,10503,1,183640000,183640000,15751,5250,10501,5250,0,1,5252,454016

168,5650,800,3100,2480000,2,45206,11303,1,196120000,196120000,16951,5650,11301,5650,0,1,5652,4540720
168,5650,800,3100,2480000,2,45206,11303,1,196120000,196120000,16951,5650,11301,5650,0,1,5652,423454
168,5650,800,3100,2480000,2,45206,11303,1,196120000,196120000,16951,5650,11301,5650,0,1,5652,422635
168,5650,800,3100,2480000,2,45206,11303,1,196120000,196120000,16951,5650,11301,5650,0,1,5652,420960
168,5650,800,3100,2480000,2,45206,11303,1,196120000,196120000,16951,5650,11301,5650,0,1,5652,424052
168,5650,800,3100,2480000,2,45206,11303,1,196120000,196120000,16951,5650,11301,5650,0,1,5652,484362
168,5650,800,3100,2480000,2,45206,11303,1,196120000,196120000,16951,5650,11301,5650,0,1,5652,483884

168,6050,800,3100,2480000,2,48406,12103,1,208600000,208600000,18151,6050,12101,6050,0,1,6052,4794778
168,6050,800,3100,2480000,2,48406,12103,1,208600000,208600000,18151,6050,12101,6050,0,1,6052,458631
168,6050,800,3100,2480000,2,48406,12103,1,208600000,208600000,18151,6050,12101,6050,0,1,6052,454696
168,6050,800,3100,2480000,2,48406,12103,1,208600000,208600000,18151,6050,12101,6050,0,1,6052,455330
168,6050,800,3100,2480000,2,48406,12103,1,208600000,208600000,18151,6050,12101,6050,0,1,6052,451662
168,6050,800,3100,2480000,2,48406,12103,1,208600000,208600000,18151,6050,12101,6050,0,1,6052,539325
168,6050,800,3100,2480000,2,48406,12103,1,208600000,208600000,18151,6050,12101,6050,0,1,6052,523258

168,6450,800,3100,2480000,2,51606,12903,1,221080000,221080000,19351,6450,12901,6450,0,1,6452,4805243
168,6450,800,3100,2480000,2,51606,12903,1,221080000,221080000,19351,6450,12901,6450,0,1,6452,481524
168,6450,800,3100,2480000,2,51606,12903,1,221080000,221080000,19351,6450,12901,6450,0,1,6452,498759
168,6450,800,3100,2480000,2,51606,12903,1,221080000,221080000,19351,6450,12901,6450,0,1,6452,478521
168,6450,800,3100,2480000,2,51606,12903,1,221080000,221080000,19351,6450,12901,6450,0,1,6452,499362
168,6450,800,3100,2480000,2,51606,12903,1,221080000,221080000,19351,6450,12901,6450,0,1,6452,545177
168,6450,800,3100,2480000,2,51606,12903,1,221080000,221080000,19351,6450,12901,6450,0,1,6452,544675

168,6850,800,3100,2480000,2,54806,13703,1,233560000,233560000,20551,6850,13701,6850,0,1,6852,5383195
168,6850,800,3100,2480000,2,54806,13703,1,233560000,233560000,20551,6850,13701,6850,0,1,6852,510041
168,6850,800,3100,2480000,2,54806,13703,1,233560000,233560000,20551,6850,13701,6850,0,1,6852,511717
168,6850,800,3100,2480000,2,54806,13703,1,233560000,233560000,20551,6850,13701,6850,0,1,6852,508876
168,6850,800,3100,2480000,2,54806,13703,1,233560000,233560000,20551,6850,13701,6850,0,1,6852,512349
168,6850,800,3100,2480000,2,54806,13703,1,233560000,233560000,20551,6850,13701,6850,0,1,6852,570956
168,6850,800,3100,2480000,2,54806,13703,1,233560000,233560000,20551,6850,13701,6850,0,1,6852,570461

168,50,800,2700,2160000,2,406,103,1,18680000,18680000,151,50,101,50,0,1,52,24698
168,50,800,2700,2160000,2,406,103,1,18680000,18680000,151,50,101,50,0,1,52,32352
168,50,800,2700,2160000,2,406,103,1,18680000,18680000,151,50,101,50,0,1,52,26712
168,50,800,2700,2160000,2,406,103,1,18680000,18680000,151,50,101,50,0,1,52,30222
168,50,800,2700,2160000,2,406,103,1,18680000,18680000,151,50,101,50,0,1,52,31249
168,50,800,2700,2160000,2,406,103,1,18680000,18680000,151,50,101,50,0,1,52,35381
168,50,800,2700,2160000,2,406,103,1,18680000,18680000,151,50,101,50,0,1,52,37262

168,450,800,2700,2160000,2,3606,903,1,29880000,29880000,1351,450,901,450,0,1,452,235172
168,450,800,2700,2160000,2,3606,903,1,29880000,29880000,1351,450,901,450,0,1,452,54601
168,450,800,2700,2160000,2,3606,903,1,29880000,29880000,1351,450,901,450,0,1,452,61525
168,450,800,2700,2160000,2,3606,903,1,29880000,29880000,1351,450,901,450,0,1,452,58918
168,450,800,2700,2160000,2,3606,903,1,29880000,29880000,1351,450,901,450,0,1,452,61055
168,450,800,2700,2160000,2,3606,903,1,29880000,29880000,1351,450,901,450,0,1,452,66915
168,450,800,2700,2160000,2,3606,903,1,29880000,29880000,1351,450,901,450,0,1,452,67413

168,850,800,2700,2160000,2,6806,1703,1,41080000,41080000,2551,850,1701,850,0,1,852,501815
168,850,800,2700,2160000,2,6806,1703,1,41080000,41080000,2551,850,1701,850,0,1,852,77893
168,850,800,2700,2160000,2,6806,1703,1,41080000,41080000,2551,850,1701,850,0,1,852,76863
168,850,800,2700,2160000,2,6806,1703,1,41080000,41080000,2551,850,1701,850,0,1,852,70346
168,850,800,2700,2160000,2,6806,1703,1,41080000,41080000,2551,850,1701,850,0,1,852,78392
168,850,800,2700,2160000,2,6806,1703,1,41080000,41080000,2551,850,1701,850,0,1,852,89185
168,850,800,2700,2160000,2,6806,1703,1,41080000,41080000,2551,850,1701,850,0,1,852,92821

168,1250,800,2700,2160000,2,10006,2503,1,52280000,52280000,3751,1250,2501,1250,0,1,1252,754683
168,1250,800,2700,2160000,2,10006,2503,1,52280000,52280000,3751,1250,2501,1250,0,1,1252,108224
168,1250,800,2700,2160000,2,10006,2503,1,52280000,52280000,3751,1250,2501,1250,0,1,1252,106171
168,1250,800,2700,2160000,2,10006,2503,1,52280000,52280000,3751,1250,2501,1250,0,1,1252,107993
168,1250,800,2700,2160000,2,10006,2503,1,52280000,52280000,3751,1250,2501,1250,0,1,1252,107534
168,1250,800,2700,2160000,2,10006,2503,1,52280000,52280000,3751,1250,2501,1250,0,1,1252,118970
168,1250,800,2700,2160000,2,10006,2503,1,52280000,52280000,3751,1250,2501,1250,0,1,1252,118447

168,1650,800,2700,2160000,2,13206,3303,1,63480000,63480000,4951,1650,3301,1650,0,1,1652,987598
168,1650,800,2700,2160000,2,13206,3303,1,63480000,63480000,4951,1650,3301,1650,0,1,1652,134578
168,1650,800,2700,2160000,2,13206,3303,1,63480000,63480000,4951,1650,3301,1650,0,1,1652,135207
168,1650,800,2700,2160000,2,13206,3303,1,63480000,63480000,4951,1650,3301,1650,0,1,1652,129386
168,1650,800,2700,2160000,2,13206,3303,1,63480000,63480000,4951,1650,3301,1650,0,1,1652,135754
168,1650,800,2700,2160000,2,13206,3303,1,63480000,63480000,4951,1650,3301,1650,0,1,1652,149026
168,1650,800,2700,2160000,2,13206,3303,1,63480000,63480000,4951,1650,3301,1650,0,1,1652,148482

168,2050,800,2700,2160000,2,16406,4103,1,74680000,74680000,6151,2050,4101,2050,0,1,2052,1360693
168,2050,800,2700,2160000,2,16406,4103,1,74680000,74680000,6151,2050,4101,2050,0,1,2052,159376
168,2050,800,2700,2160000,2,16406,4103,1,74680000,74680000,6151,2050,4101,2050,0,1,2052,159009
168,2050,800,2700,2160000,2,16406,4103,1,74680000,74680000,6151,2050,4101,2050,0,1,2052,160582
168,2050,800,2700,2160000,2,16406,4103,1,74680000,74680000,6151,2050,4101,2050,0,1,2052,160031
168,2050,800,2700,2160000,2,16406,4103,1,74680000,74680000,6151,2050,4101,2050,0,1,2052,175776
168,2050,800,2700,2160000,2,16406,4103,1,74680000,74680000,6151,2050,4101,2050,0,1,2052,175222

168,2450,800,2700,2160000,2,19606,4903,1,85880000,85880000,7351,2450,4901,2450,0,1,2452,1603712
168,2450,800,2700,2160000,2,19606,4903,1,85880000,85880000,7351,2450,4901,2450,0,1,2452,181509
168,2450,800,2700,2160000,2,19606,4903,1,85880000,85880000,7351,2450,4901,2450,0,1,2452,182614
168,2450,800,2700,2160000,2,19606,4903,1,85880000,85880000,7351,2450,4901,2450,0,1,2452,182925
168,2450,800,2700,2160000,2,19606,4903,1,85880000,85880000,7351,2450,4901,2450,0,1,2452,182116
168,2450,800,2700,2160000,2,19606,4903,1,85880000,85880000,7351,2450,4901,2450,0,1,2452,203195
168,2450,800,2700,2160000,2,19606,4903,1,85880000,85880000,7351,2450,4901,2450,0,1,2452,201427

168,2850,800,2700,2160000,2,22806,5703,1,97080000,97080000,8551,2850,5701,2850,0,1,2852,1903173
168,2850,800,2700,2160000,2,22806,5703,1,97080000,97080000,8551,2850,5701,2850,0,1,2852,207551
168,2850,800,2700,2160000,2,22806,5703,1,97080000,97080000,8551,2850,5701,2850,0,1,2852,208053
168,2850,800,2700,2160000,2,22806,5703,1,97080000,97080000,8551,2850,5701,2850,0,1,2852,206679
168,2850,800,2700,2160000,2,22806,5703,1,97080000,97080000,8551,2850,5701,2850,0,1,2852,205606
168,2850,800,2700,2160000,2,22806,5703,1,97080000,97080000,8551,2850,5701,2850,0,1,2852,215106
168,2850,800,2700,2160000,2,22806,5703,1,97080000,97080000,8551,2850,5701,2850,0,1,2852,215538

168,3250,800,2700,2160000,2,26006,6503,1,108280000,108280000,9751,3250,6501,3250,0,1,3252,2151853
168,3250,800,2700,2160000,2,26006,6503,1,108280000,108280000,9751,3250,6501,3250,0,1,3252,237153
168,3250,800,2700,2160000,2,26006,6503,1,108280000,108280000,9751,3250,6501,3250,0,1,3252,238579
168,3250,800,2700,2160000,2,26006,6503,1,108280000,108280000,9751,3250,6501,3250,0,1,3252,233313
168,3250,800,2700,2160000,2,26006,6503,1,108280000,108280000,9751,3250,6501,3250,0,1,3252,238014
168,3250,800,2700,2160000,2,26006,6503,1,108280000,108280000,9751,3250,6501,3250,0,1,3252,242960
168,3250,800,2700,2160000,2,26006,6503,1,108280000,108280000,9751,3250,6501,3250,0,1,3252,243397

168,3650,800,2700,2160000,2,29206,7303,1,119480000,119480000,10951,3650,7301,3650,0,1,3652,2430340
168,3650,800,2700,2160000,2,29206,7303,1,119480000,119480000,10951,3650,7301,3650,0,1,3652,253100
168,3650,800,2700,2160000,2,29206,7303,1,119480000,119480000,10951,3650,7301,3650,0,1,3652,254267
168,3650,800,2700,2160000,2,29206,7303,1,119480000,119480000,10951,3650,7301,3650,0,1,3652,251390
168,3650,800,2700,2160000,2,29206,7303,1,119480000,119480000,10951,3650,7301,3650,0,1,3652,253735
168,3650,800,2700,2160000,2,29206,7303,1,119480000,119480000,10951,3650,7301,3650,0,1,3652,279494
168,3650,800,2700,2160000,2,29206,7303,1,119480000,119480000,10951,3650,7301,3650,0,1,3652,279035

168,4050,800,2700,2160000,2,32406,8103,1,130680000,130680000,12151,4050,8101,4050,0,1,4052,2695041
168,4050,800,2700,2160000,2,32406,8103,1,130680000,130680000,12151,4050,8101,4050,0,1,4052,280475
168,4050,800,2700,2160000,2,32406,8103,1,130680000,130680000,12151,4050,8101,4050,0,1,4052,281185
168,4050,800,2700,2160000,2,32406,8103,1,130680000,130680000,12151,4050,8101,4050,0,1,4052,297986
168,4050,800,2700,2160000,2,32406,8103,1,130680000,130680000,12151,4050,8101,4050,0,1,4052,281818
168,4050,800,2700,2160000,2,32406,8103,1,130680000,130680000,12151,4050,8101,4050,0,1,4052,309819
168,4050,800,2700,2160000,2,32406,8103,1,130680000,130680000,12151,4050,8101,4050,0,1,4052,309366

168,4450,800,2700,2160000,2,35606,8903,1,141880000,141880000,13351,4450,8901,4450,0,1,4452,2964278
168,4450,800,2700,2160000,2,35606,8903,1,141880000,141880000,13351,4450,8901,4450,0,1,4452,305219
168,4450,800,2700,2160000,2,35606,8903,1,141880000,141880000,13351,4450,8901,4450,0,1,4452,302642
168,4450,800,2700,2160000,2,35606,8903,1,141880000,141880000,13351,4450,8901,4450,0,1,4452,305792
168,4450,800,2700,2160000,2,35606,8903,1,141880000,141880000,13351,4450,8901,4450,0,1,4452,303891
168,4450,800,2700,2160000,2,35606,8903,1,141880000,141880000,13351,4450,8901,4450,0,1,4452,344196
168,4450,800,2700,2160000,2,35606,8903,1,141880000,141880000,13351,4450,8901,4450,0,1,4452,343743

168,4850,800,2700,2160000,2,38806,9703,1,153080000,153080000,14551,4850,9701,4850,0,1,4852,3298519
168,4850,800,2700,2160000,2,38806,9703,1,153080000,153080000,14551,4850,9701,4850,0,1,4852,325040
168,4850,800,2700,2160000,2,38806,9703,1,153080000,153080000,14551,4850,9701,4850,0,1,4852,321616
168,4850,800,2700,2160000,2,38806,9703,1,153080000,153080000,14551,4850,9701,4850,0,1,4852,325875
168,4850,800,2700,2160000,2,38806,9703,1,153080000,153080000,14551,4850,9701,4850,0,1,4852,325546
168,4850,800,2700,2160000,2,38806,9703,1,153080000,153080000,14551,4850,9701,4850,0,1,4852,362947
168,4850,800,2700,2160000,2,38806,9703,1,153080000,153080000,14551,4850,9701,4850,0,1,4852,362484

168,5250,800,2700,2160000,2,42006,10503,1,164280000,164280000,15751,5250,10501,5250,0,1,5252,3669502
168,5250,800,2700,2160000,2,42006,10503,1,164280000,164280000,15751,5250,10501,5250,0,1,5252,351364
168,5250,800,2700,2160000,2,42006,10503,1,164280000,164280000,15751,5250,10501,5250,0,1,5252,350919
168,5250,800,2700,2160000,2,42006,10503,1,164280000,164280000,15751,5250,10501,5250,0,1,5252,349600
168,5250,800,2700,2160000,2,42006,10503,1,164280000,164280000,15751,5250,10501,5250,0,1,5252,351958
168,5250,800,2700,2160000,2,42006,10503,1,164280000,164280000,15751,5250,10501,5250,0,1,5252,394068
168,5250,800,2700,2160000,2,42006,10503,1,164280000,164280000,15751,5250,10501,5250,0,1,5252,394542

168,5650,800,2700,2160000,2,45206,11303,1,175480000,175480000,16951,5650,11301,5650,0,1,5652,3992578
168,5650,800,2700,2160000,2,45206,11303,1,175480000,175480000,16951,5650,11301,5650,0,1,5652,386385
168,5650,800,2700,2160000,2,45206,11303,1,175480000,175480000,16951,5650,11301,5650,0,1,5652,379306
168,5650,800,2700,2160000,2,45206,11303,1,175480000,175480000,16951,5650,11301,5650,0,1,5652,380161
168,5650,800,2700,2160000,2,45206,11303,1,175480000,175480000,16951,5650,11301,5650,0,1,5652,377990
168,5650,800,2700,2160000,2,45206,11303,1,175480000,175480000,16951,5650,11301,5650,0,1,5652,450331
168,5650,800,2700,2160000,2,45206,11303,1,175480000,175480000,16951,5650,11301,5650,0,1,5652,450828

168,6050,800,2700,2160000,2,48406,12103,1,186680000,186680000,18151,6050,12101,6050,0,1,6052,4157942
168,6050,800,2700,2160000,2,48406,12103,1,186680000,186680000,18151,6050,12101,6050,0,1,6052,402589
168,6050,800,2700,2160000,2,48406,12103,1,186680000,186680000,18151,6050,12101,6050,0,1,6052,399234
168,6050,800,2700,2160000,2,48406,12103,1,186680000,186680000,18151,6050,12101,6050,0,1,6052,401291
168,6050,800,2700,2160000,2,48406,12103,1,186680000,186680000,18151,6050,12101,6050,0,1,6052,401988
168,6050,800,2700,2160000,2,48406,12103,1,186680000,186680000,18151,6050,12101,6050,0,1,6052,459452
168,6050,800,2700,2160000,2,48406,12103,1,186680000,186680000,18151,6050,12101,6050,0,1,6052,458971

168,6450,800,2700,2160000,2,51606,12903,1,197880000,197880000,19351,6450,12901,6450,0,1,6452,4507300
168,6450,800,2700,2160000,2,51606,12903,1,197880000,197880000,19351,6450,12901,6450,0,1,6452,439790
168,6450,800,2700,2160000,2,51606,12903,1,197880000,197880000,19351,6450,12901,6450,0,1,6452,443627
168,6450,800,2700,2160000,2,51606,12903,1,197880000,197880000,19351,6450,12901,6450,0,1,6452,437208
168,6450,800,2700,2160000,2,51606,12903,1,197880000,197880000,19351,6450,12901,6450,0,1,6452,444423
168,6450,800,2700,2160000,2,51606,12903,1,197880000,197880000,19351,6450,12901,6450,0,1,6452,483269
168,6450,800,2700,2160000,2,51606,12903,1,197880000,197880000,19351,6450,12901,6450,0,1,6452,483760

168,6850,800,2700,2160000,2,54806,13703,1,209080000,209080000,20551,6850,13701,6850,0,1,6852,4904155
168,6850,800,2700,2160000,2,54806,13703,1,209080000,209080000,20551,6850,13701,6850,0,1,6852,443998
168,6850,800,2700,2160000,2,54806,13703,1,209080000,209080000,20551,6850,13701,6850,0,1,6852,443499
168,6850,800,2700,2160000,2,54806,13703,1,209080000,209080000,20551,6850,13701,6850,0,1,6852,444340
168,6850,800,2700,2160000,2,54806,13703,1,209080000,209080000,20551,6850,13701,6850,0,1,6852,444728
168,6850,800,2700,2160000,2,54806,13703,1,209080000,209080000,20551,6850,13701,6850,0,1,6852,520077
168,6850,800,2700,2160000,2,54806,13703,1,209080000,209080000,20551,6850,13701,6850,0,1,6852,521672

168,50,800,2300,1840000,2,406,103,1,15960000,15960000,151,50,101,50,0,1,52,21215
168,50,800,2300,1840000,2,406,103,1,15960000,15960000,151,50,101,50,0,1,52,20731
168,50,800,2300,1840000,2,406,103,1,15960000,15960000,151,50,101,50,0,1,52,26937
168,50,800,2300,1840000,2,406,103,1,15960000,15960000,151,50,101,50,0,1,52,25444
168,50,800,2300,1840000,2,406,103,1,15960000,15960000,151,50,101,50,0,1,52,26427
168,50,800,2300,1840000,2,406,103,1,15960000,15960000,151,50,101,50,0,1,52,29481
168,50,800,2300,1840000,2,406,103,1,15960000,15960000,151,50,101,50,0,1,52,29975

168,450,800,2300,1840000,2,3606,903,1,25880000,25880000,1351,450,901,450,0,1,452,193975
168,450,800,2300,1840000,2,3606,903,1,25880000,25880000,1351,450,901,450,0,1,452,46893
168,450,800,2300,1840000,2,3606,903,1,25880000,25880000,1351,450,901,450,0,1,452,48093
168,450,800,2300,1840000,2,3606,903,1,25880000,25880000,1351,450,901,450,0,1,452,47446
168,450,800,2300,1840000,2,3606,903,1,25880000,25880000,1351,450,901,450,0,1,452,48768
168,450,800,2300,1840000,2,3606,903,1,25880000,25880000,1351,450,901,450,0,1,452,55251
168,450,800,2300,1840000,2,3606,903,1,25880000,25880000,1351,450,901,450,0,1,452,54752

168,850,800,2300,1840000,2,6806,1703,1,35800000,35800000,2551,850,1701,850,0,1,852,403398
168,850,800,2300,1840000,2,6806,1703,1,35800000,35800000,2551,850,1701,850,0,1,852,72061
168,850,800,2300,1840000,2,6806,1703,1,35800000,35800000,2551,850,1701,850,0,1,852,71578
168,850,800,2300,1840000,2,6806,1703,1,35800000,35800000,2551,850,1701,850,0,1,852,70207
168,850,800,2300,1840000,2,6806,1703,1,35800000,35800000,2551,850,1701,850,0,1,852,71217
168,850,800,2300,1840000,2,6806,1703,1,35800000,35800000,2551,850,1701,850,0,1,852,78197
168,850,800,2300,1840000,2,6806,1703,1,35800000,35800000,2551,850,1701,850,0,1,852,75913

168,1250,800,2300,1840000,2,10006,2503,1,45720000,45720000,3751,1250,2501,1250,0,1,1252,640569
168,1250,800,2300,1840000,2,10006,2503,1,45720000,45720000,3751,1250,2501,1250,0,1,1252,91413
168,1250,800,2300,1840000,2,10006,2503,1,45720000,45720000,3751,1250,2501,1250,0,1,1252,91858
168,1250,800,2300,1840000,2,10006,2503,1,45720000,45720000,3751,1250,2501,1250,0,1,1252,92087
168,1250,800,2300,1840000,2,10006,2503,1,45720000,45720000,3751,1250,2501,1250,0,1,1252,88014
168,1250,800,2300,1840000,2,10006,2503,1,45720000,45720000,3751,1250,2501,1250,0,1,1252,101829
168,1250,800,2300,1840000,2,10006,2503,1,45720000,45720000,3751,1250,2501,1250,0,1,1252,102350

168,1650,800,2300,1840000,2,13206,3303,1,55640000,55640000,4951,1650,3301,1650,0,1,1652,864898
168,1650,800,2300,1840000,2,13206,3303,1,55640000,55640000,4951,1650,3301,1650,0,1,1652,116427
168,1650,800,2300,1840000,2,13206,3303,1,55640000,55640000,4951,1650,3301,1650,0,1,1652,115468
168,1650,800,2300,1840000,2,13206,3303,1,55640000,55640000,4951,1650,3301,1650,0,1,1652,117160
168,1650,800,2300,1840000,2,13206,3303,1,55640000,55640000,4951,1650,3301,1650,0,1,1652,116910
168,1650,800,2300,1840000,2,13206,3303,1,55640000,55640000,4951,1650,3301,1650,0,1,1652,128064
168,1650,800,2300,1840000,2,13206,3303,1,55640000,55640000,4951,1650,3301,1650,0,1,1652,127520

168,2050,800,2300,1840000,2,16406,4103,1,65560000,65560000,6151,2050,4101,2050,0,1,2052,1150578
168,2050,800,2300,1840000,2,16406,4103,1,65560000,65560000,6151,2050,4101,2050,0,1,2052,139274
168,2050,800,2300,1840000,2,16406,4103,1,65560000,65560000,6151,2050,4101,2050,0,1,2052,138531
168,2050,800,2300,1840000,2,16406,4103,1,65560000,65560000,6151,2050,4101,2050,0,1,2052,139013
168,2050,800,2300,1840000,2,16406,4103,1,65560000,65560000,6151,2050,4101,2050,0,1,2052,137947
168,2050,800,2300,1840000,2,16406,4103,1,65560000,65560000,6151,2050,4101,2050,0,1,2052,151936
168,2050,800,2300,1840000,2,16406,4103,1,65560000,65560000,6151,2050,4101,2050,0,1,2052,152490

168,2450,800,2300,1840000,2,19606,4903,1,75480000,75480000,7351,2450,4901,2450,0,1,2452,1371989
168,2450,800,2300,1840000,2,19606,4903,1,75480000,75480000,7351,2450,4901,2450,0,1,2452,160986
168,2450,800,2300,1840000,2,19606,4903,1,75480000,75480000,7351,2450,4901,2450,0,1,2452,155692
168,2450,800,2300,1840000,2,19606,4903,1,75480000,75480000,7351,2450,4901,2450,0,1,2452,161632
168,2450,800,2300,1840000,2,19606,4903,1,75480000,75480000,7351,2450,4901,2450,0,1,2452,162205
168,2450,800,2300,1840000,2,19606,4903,1,75480000,75480000,7351,2450,4901,2450,0,1,2452,176044
168,2450,800,2300,1840000,2,19606,4903,1,75480000,75480000,7351,2450,4901,2450,0,1,2452,176604

168,2850,800,2300,1840000,2,22806,5703,1,85400000,85400000,8551,2850,5701,2850,0,1,2852,1541024
168,2850,800,2300,1840000,2,22806,5703,1,85400000,85400000,8551,2850,5701,2850,0,1,2852,187944
168,2850,800,2300,1840000,2,22806,5703,1,85400000,85400000,8551,2850,5701,2850,0,1,2852,185729
168,2850,800,2300,1840000,2,22806,5703,1,85400000,85400000,8551,2850,5701,2850,0,1,2852,187249
168,2850,800,2300,1840000,2,22806,5703,1,85400000,85400000,8551,2850,5701,2850,0,1,2852,188442
168,2850,800,2300,1840000,2,22806,5703,1,85400000,85400000,8551,2850,5701,2850,0,1,2852,201006
168,2850,800,2300,1840000,2,22806,5703,1,85400000,85400000,8551,2850,5701,2850,0,1,2852,201437

168,3250,800,2300,1840000,2,26006,6503,1,95320000,95320000,9751,3250,6501,3250,0,1,3252,1863908
168,3250,800,2300,1840000,2,26006,6503,1,95320000,95320000,9751,3250,6501,3250,0,1,3252,206423
168,3250,800,2300,1840000,2,26006,6503,1,95320000,95320000,9751,3250,6501,3250,0,1,3252,205891
168,3250,800,2300,1840000,2,26006,6503,1,95320000,95320000,9751,3250,6501,3250,0,1,3252,202282
168,3250,800,2300,1840000,2,26006,6503,1,95320000,95320000,9751,3250,6501,3250,0,1,3252,204994
168,3250,800,2300,1840000,2,26006,6503,1,95320000,95320000,9751,3250,6501,3250,0,1,3252,212526
168,3250,800,2300,1840000,2,26006,6503,1,95320000,95320000,9751,3250,6501,3250,0,1,3252,212091

168,3650,800,2300,1840000,2,29206,7303,1,105240000,105240000,10951,3650,7301,3650,0,1,3652,2044632
168,3650,800,2300,1840000,2,29206,7303,1,105240000,105240000,10951,3650,7301,3650,0,1,3652,218570
168,3650,800,2300,1840000,2,29206,7303,1,105240000,105240000,10951,3650,7301,3650,0,1,3652,218857
168,3650,800,2300,1840000,2,29206,7303,1,105240000,105240000,10951,3650,7301,3650,0,1,3652,216283
168,3650,800,2300,1840000,2,29206,7303,1,105240000,105240000,10951,3650,7301,3650,0,1,3652,218090
168,3650,800,2300,1840000,2,29206,7303,1,105240000,105240000,10951,3650,7301,3650,0,1,3652,254532
168,3650,800,2300,1840000,2,29206,7303,1,105240000,105240000,10951,3650,7301,3650,0,1,3652,254991

168,4050,800,2300,1840000,2,32406,8103,1,115160000,115160000,12151,4050,8101,4050,0,1,4052,2115950
168,4050,800,2300,1840000,2,32406,8103,1,115160000,115160000,12151,4050,8101,4050,0,1,4052,251325
168,4050,800,2300,1840000,2,32406,8103,1,115160000,115160000,12151,4050,8101,4050,0,1,4052,250423
168,4050,800,2300,1840000,2,32406,8103,1,115160000,115160000,12151,4050,8101,4050,0,1,4052,251897
168,4050,800,2300,1840000,2,32406,8103,1,115160000,115160000,12151,4050,8101,4050,0,1,4052,246799
168,4050,800,2300,1840000,2,32406,8103,1,115160000,115160000,12151,4050,8101,4050,0,1,4052,256116
168,4050,800,2300,1840000,2,32406,8103,1,115160000,115160000,12151,4050,8101,4050,0,1,4052,256572

168,4450,800,2300,1840000,2,35606,8903,1,125080000,125080000,13351,4450,8901,4450,0,1,4452,2539584
168,4450,800,2300,1840000,2,35606,8903,1,125080000,125080000,13351,4450,8901,4450,0,1,4452,278014
168,4450,800,2300,1840000,2,35606,8903,1,125080000,125080000,13351,4450,8901,4450,0,1,4452,279183
168,4450,800,2300,1840000,2,35606,8903,1,125080000,125080000,13351,4450,8901,4450,0,1,4452,283195
168,4450,800,2300,1840000,2,35606,8903,1,125080000,125080000,13351,4450,8901,4450,0,1,4452,276510
168,4450,800,2300,1840000,2,35606,8903,1,125080000,125080000,13351,4450,8901,4450,0,1,4452,286600
168,4450,800,2300,1840000,2,35606,8903,1,125080000,125080000,13351,4450,8901,4450,0,1,4452,286139

168,4850,800,2300,1840000,2,38806,9703,1,135000000,135000000,14551,4850,9701,4850,0,1,4852,2796949
168,4850,800,2300,1840000,2,38806,9703,1,135000000,135000000,14551,4850,9701,4850,0,1,4852,287930
168,4850,800,2300,1840000,2,38806,9703,1,135000000,135000000,14551,4850,9701,4850,0,1,4852,283789
168,4850,800,2300,1840000,2,38806,9703,1,135000000,135000000,14551,4850,9701,4850,0,1,4852,288744
168,4850,800,2300,1840000,2,38806,9703,1,135000000,135000000,14551,4850,9701,4850,0,1,4852,286889
168,4850,800,2300,1840000,2,38806,9703,1,135000000,135000000,14551,4850,9701,4850,0,1,4852,315391
168,4850,800,2300,1840000,2,38806,9703,1,135000000,135000000,14551,4850,9701,4850,0,1,4852,315855

168,5250,800,2300,1840000,2,42006,10503,1,144920000,144920000,15751,5250,10501,5250,0,1,5252,3106876
168,5250,800,2300,1840000,2,42006,10503,1,144920000,144920000,15751,5250,10501,5250,0,1,5252,302249
168,5250,800,2300,1840000,2,42006,10503,1,144920000,144920000,15751,5250,10501,5250,0,1,5252,299985
168,5250,800,2300,1840000,2,42006,10503,1,144920000,144920000,15751,5250,10501,5250,0,1,5252,302830
168,5250,800,2300,1840000,2,42006,10503,1,144920000,144920000,15751,5250,10501,5250,0,1,5252,301372
168,5250,800,2300,1840000,2,42006,10503,1,144920000,144920000,15751,5250,10501,5250,0,1,5252,352475
168,5250,800,2300,1840000,2,42006,10503,1,144920000,144920000,15751,5250,10501,5250,0,1,5252,352965

168,5650,800,2300,1840000,2,45206,11303,1,154840000,154840000,16951,5650,11301,5650,0,1,5652,3224639
168,5650,800,2300,1840000,2,45206,11303,1,154840000,154840000,16951,5650,11301,5650,0,1,5652,330115
168,5650,800,2300,1840000,2,45206,11303,1,154840000,154840000,16951,5650,11301,5650,0,1,5652,331150
168,5650,800,2300,1840000,2,45206,11303,1,154840000,154840000,16951,5650,11301,5650,0,1,5652,330565
168,5650,800,2300,1840000,2,45206,11303,1,154840000,154840000,16951,5650,11301,5650,0,1,5652,328815
168,5650,800,2300,1840000,2,45206,11303,1,154840000,154840000,16951,5650,11301,5650,0,1,5652,363051
168,5650,800,2300,1840000,2,45206,11303,1,154840000,154840000,16951,5650,11301,5650,0,1,5652,362572

168,6050,800,2300,1840000,2,48406,12103,1,164760000,164760000,18151,6050,12101,6050,0,1,6052,3389834
168,6050,800,2300,1840000,2,48406,12103,1,164760000,164760000,18151,6050,12101,6050,0,1,6052,382736
168,6050,800,2300,1840000,2,48406,12103,1,164760000,164760000,18151,6050,12101,6050,0,1,6052,370467
168,6050,800,2300,1840000,2,48406,12103,1,164760000,164760000,18151,6050,12101,6050,0,1,6052,379166
168,6050,800,2300,1840000,2,48406,12103,1,164760000,164760000,18151,6050,12101,6050,0,1,6052,377658
168,6050,800,2300,1840000,2,48406,12103,1,164760000,164760000,18151,6050,12101,6050,0,1,6052,384918
168,6050,800,2300,1840000,2,48406,12103,1,164760000,164760000,18151,6050,12101,6050,0,1,6052,385410

168,6450,800,2300,1840000,2,51606,12903,1,174680000,174680000,19351,6450,12901,6450,0,1,6452,3638286
168,6450,800,2300,1840000,2,51606,12903,1,174680000,174680000,19351,6450,12901,6450,0,1,6452,371705
168,6450,800,2300,1840000,2,51606,12903,1,174680000,174680000,19351,6450,12901,6450,0,1,6452,370568
168,6450,800,2300,1840000,2,51606,12903,1,174680000,174680000,19351,6450,12901,6450,0,1,6452,368424
168,6450,800,2300,1840000,2,51606,12903,1,174680000,174680000,19351,6450,12901,6450,0,1,6452,369794
168,6450,800,2300,1840000,2,51606,12903,1,174680000,174680000,19351,6450,12901,6450,0,1,6452,398386
168,6450,800,2300,1840000,2,51606,12903,1,174680000,174680000,19351,6450,12901,6450,0,1,6452,398879

168,6850,800,2300,1840000,2,54806,13703,1,184600000,184600000,20551,6850,13701,6850,0,1,6852,4044221
168,6850,800,2300,1840000,2,54806,13703,1,184600000,184600000,20551,6850,13701,6850,0,1,6852,385700
168,6850,800,2300,1840000,2,54806,13703,1,184600000,184600000,20551,6850,13701,6850,0,1,6852,401212
168,6850,800,2300,1840000,2,54806,13703,1,184600000,184600000,20551,6850,13701,6850,0,1,6852,386767
168,6850,800,2300,1840000,2,54806,13703,1,184600000,184600000,20551,6850,13701,6850,0,1,6852,404374
168,6850,800,2300,1840000,2,54806,13703,1,184600000,184600000,20551,6850,13701,6850,0,1,6852,433617
168,6850,800,2300,1840000,2,54806,13703,1,184600000,184600000,20551,6850,13701,6850,0,1,6852,434113

168,50,800,1900,1520000,2,406,103,1,13240000,13240000,151,50,101,50,0,1,52,17371
168,50,800,1900,1520000,2,406,103,1,13240000,13240000,151,50,101,50,0,1,52,24131
168,50,800,1900,1520000,2,406,103,1,13240000,13240000,151,50,101,50,0,1,52,21609
168,50,800,1900,1520000,2,406,103,1,13240000,13240000,151,50,101,50,0,1,52,23122
168,50,800,1900,1520000,2,406,103,1,13240000,13240000,151,50,101,50,0,1,52,21053
168,50,800,1900,1520000,2,406,103,1,13240000,13240000,151,50,101,50,0,1,52,26317
168,50,800,1900,1520000,2,406,103,1,13240000,13240000,151,50,101,50,0,1,52,25832

168,450,800,1900,1520000,2,3606,903,1,21880000,21880000,1351,450,901,450,0,1,452,159372
168,450,800,1900,1520000,2,3606,903,1,21880000,21880000,1351,450,901,450,0,1,452,40030
168,450,800,1900,1520000,2,3606,903,1,21880000,21880000,1351,450,901,450,0,1,452,43460
168,450,800,1900,1520000,2,3606,903,1,21880000,21880000,1351,450,901,450,0,1,452,43900
168,450,800,1900,1520000,2,3606,903,1,21880000,21880000,1351,450,901,450,0,1,452,43044
168,450,800,1900,1520000,2,3606,903,1,21880000,21880000,1351,450,901,450,0,1,452,48958
168,450,800,1900,1520000,2,3606,903,1,21880000,21880000,1351,450,901,450,0,1,452,46510

168,850,800,1900,1520000,2,6806,1703,1,30520000,30520000,2551,850,1701,850,0,1,852,331680
168,850,800,1900,1520000,2,6806,1703,1,30520000,30520000,2551,850,1701,850,0,1,852,61506
168,850,800,1900,1520000,2,6806,1703,1,30520000,30520000,2551,850,1701,850,0,1,852,56607
168,850,800,1900,1520000,2,6806,1703,1,30520000,30520000,2551,850,1701,850,0,1,852,62095
168,850,800,1900,1520000,2,6806,1703,1,30520000,30520000,2551,850,1701,850,0,1,852,62591
168,850,800,1900,1520000,2,6806,1703,1,30520000,30520000,2551,850,1701,850,0,1,852,69176
168,850,800,1900,1520000,2,6806,1703,1,30520000,30520000,2551,850,1701,850,0,1,852,69693

168,1250,800,1900,1520000,2,10006,2503,1,39160000,39160000,3751,1250,2501,1250,0,1,1252,505824
168,1250,800,1900,1520000,2,10006,2503,1,39160000,39160000,3751,1250,2501,1250,0,1,1252,92615
168,1250,800,1900,1520000,2,10006,2503,1,39160000,39160000,3751,1250,2501,1250,0,1,1252,92810
168,1250,800,1900,1520000,2,10006,2503,1,39160000,39160000,3751,1250,2501,1250,0,1,1252,93027
168,1250,800,1900,1520000,2,10006,2503,1,39160000,39160000,3751,1250,2501,1250,0,1,1252,92196
168,1250,800,1900,1520000,2,10006,2503,1,39160000,39160000,3751,1250,2501,1250,0,1,1252,93248
168,1250,800,1900,1520000,2,10006,2503,1,39160000,39160000,3751,1250,2501,1250,0,1,1252,93494

168,1650,800,1900,1520000,2,13206,3303,1,47800000,47800000,4951,1650,3301,1650,0,1,1652,687497
168,1650,800,1900,1520000,2,13206,3303,1,47800000,47800000,4951,1650,3301,1650,0,1,1652,97868
168,1650,800,1900,1520000,2,13206,3303,1,47800000,47800000,4951,1650,3301,1650,0,1,1652,99478
168,1650,800,1900,1520000,2,13206,3303,1,47800000,47800000,4951,1650,3301,1650,0,1,1652,97265
168,1650,800,1900,1520000,2,13206,3303,1,47800000,47800000,4951,1650,3301,1650,0,1,1652,100014
168,1650,800,1900,1520000,2,13206,3303,1,47800000,47800000,4951,1650,3301,1650,0,1,1652,106738
168,1650,800,1900,1520000,2,13206,3303,1,47800000,47800000,4951,1650,3301,1650,0,1,1652,108310

168,2050,800,1900,1520000,2,16406,4103,1,56440000,56440000,6151,2050,4101,2050,0,1,2052,859393
168,2050,800,1900,1520000,2,16406,4103,1,56440000,56440000,6151,2050,4101,2050,0,1,2052,116939
168,2050,800,1900,1520000,2,16406,4103,1,56440000,56440000,6151,2050,4101,2050,0,1,2052,115949
168,2050,800,1900,1520000,2,16406,4103,1,56440000,56440000,6151,2050,4101,2050,0,1,2052,118286
168,2050,800,1900,1520000,2,16406,4103,1,56440000,56440000,6151,2050,4101,2050,0,1,2052,117764
168,2050,800,1900,1520000,2,16406,4103,1,56440000,56440000,6151,2050,4101,2050,0,1,2052,127801
168,2050,800,1900,1520000,2,16406,4103,1,56440000,56440000,6151,2050,4101,2050,0,1,2052,128356

168,2450,800,1900,1520000,2,19606,4903,1,65080000,65080000,7351,2450,4901,2450,0,1,2452,1112301
168,2450,800,1900,1520000,2,19606,4903,1,65080000,65080000,7351,2450,4901,2450,0,1,2452,135719
168,2450,800,1900,1520000,2,19606,4903,1,65080000,65080000,7351,2450,4901,2450,0,1,2452,134958
168,2450,800,1900,1520000,2,19606,4903,1,65080000,65080000,7351,2450,4901,2450,0,1,2452,137499
168,2450,800,1900,1520000,2,19606,4903,1,65080000,65080000,7351,2450,4901,2450,0,1,2452,136954
168,2450,800,1900,1520000,2,19606,4903,1,65080000,65080000,7351,2450,4901,2450,0,1,2452,150446
168,2450,800,1900,1520000,2,19606,4903,1,65080000,65080000,7351,2450,4901,2450,0,1,2452,152896

168,2850,800,1900,1520000,2,22806,5703,1,73720000,73720000,8551,2850,5701,2850,0,1,2852,1378148
168,2850,800,1900,1520000,2,22806,5703,1,73720000,73720000,8551,2850,5701,2850,0,1,2852,157244
168,2850,800,1900,1520000,2,22806,5703,1,73720000,73720000,8551,2850,5701,2850,0,1,2852,152973
168,2850,800,1900,1520000,2,22806,5703,1,73720000,73720000,8551,2850,5701,2850,0,1,2852,156441
168,2850,800,1900,1520000,2,22806,5703,1,73720000,73720000,8551,2850,5701,2850,0,1,2852,156954
168,2850,800,1900,1520000,2,22806,5703,1,73720000,73720000,8551,2850,5701,2850,0,1,2852,171055
168,2850,800,1900,1520000,2,22806,5703,1,73720000,73720000,8551,2850,5701,2850,0,1,2852,170465

168,3250,800,1900,1520000,2,26006,6503,1,82360000,82360000,9751,3250,6501,3250,0,1,3252,1448662
168,3250,800,1900,1520000,2,26006,6503,1,82360000,82360000,9751,3250,6501,3250,0,1,3252,177548
168,3250,800,1900,1520000,2,26006,6503,1,82360000,82360000,9751,3250,6501,3250,0,1,3252,176715
168,3250,800,1900,1520000,2,26006,6503,1,82360000,82360000,9751,3250,6501,3250,0,1,3252,175705
168,3250,800,1900,1520000,2,26006,6503,1,82360000,82360000,9751,3250,6501,3250,0,1,3252,177244
168,3250,800,1900,1520000,2,26006,6503,1,82360000,82360000,9751,3250,6501,3250,0,1,3252,191541
168,3250,800,1900,1520000,2,26006,6503,1,82360000,82360000,9751,3250,6501,3250,0,1,3252,192135

168,3650,800,1900,1520000,2,29206,7303,1,91000000,91000000,10951,3650,7301,3650,0,1,3652,1724629
168,3650,800,1900,1520000,2,29206,7303,1,91000000,91000000,10951,3650,7301,3650,0,1,3652,189939
168,3650,800,1900,1520000,2,29206,7303,1,91000000,91000000,10951,3650,7301,3650,0,1,3652,188398
168,3650,800,1900,1520000,2,29206,7303,1,91000000,91000000,10951,3650,7301,3650,0,1,3652,190474
168,3650,800,1900,1520000,2,29206,7303,1,91000000,91000000,10951,3650,7301,3650,0,1,3652,190813
168,3650,800,1900,1520000,2,29206,7303,1,91000000,91000000,10951,3650,7301,3650,0,1,3652,206085
168,3650,800,1900,1520000,2,29206,7303,1,91000000,91000000,10951,3650,7301,3650,0,1,3652,206533

168,4050,800,1900,1520000,2,32406,8103,1,99640000,99640000,12151,4050,8101,4050,0,1,4052,1862466
168,4050,800,1900,1520000,2,32406,8103,1,99640000,99640000,12151,4050,8101,4050,0,1,4052,213484
168,4050,800,1900,1520000,2,32406,8103,1,99640000,99640000,12151,4050,8101,4050,0,1,4052,216286
168,4050,800,1900,1520000,2,32406,8103,1,99640000,99640000,12151,4050,8101,4050,0,1,4052,215671
168,4050,800,1900,1520000,2,32406,8103,1,99640000,99640000,12151,4050,8101,4050,0,1,4052,217226
168,4050,800,1900,1520000,2,32406,8103,1,99640000,99640000,12151,4050,8101,4050,0,1,4052,219788
168,4050,800,1900,1520000,2,32406,8103,1,99640000,99640000,12151,4050,8101,4050,0,1,4052,219333

168,4450,800,1900,1520000,2,35606,8903,1,108280000,108280000,13351,4450,8901,4450,0,1,4452,2134862
168,4450,800,1900,1520000,2,35606,8903,1,108280000,108280000,13351,4450,8901,4450,0,1,4452,230558
168,4450,800,1900,1520000,2,35606,8903,1,108280000,108280000,13351,4450,8901,4450,0,1,4452,228436
168,4450,800,1900,1520000,2,35606,8903,1,108280000,108280000,13351,4450,8901,4450,0,1,4452,225895
168,4450,800,1900,1520000,2,35606,8903,1,108280000,108280000,13351,4450,8901,4450,0,1,4452,229381
168,4450,800,1900,1520000,2,35606,8903,1,108280000,108280000,13351,4450,8901,4450,0,1,4452,240440
168,4450,800,1900,1520000,2,35606,8903,1,108280000,108280000,13351,4450,8901,4450,0,1,4452,240906

168,4850,800,1900,1520000,2,38806,9703,1,116920000,116920000,14551,4850,9701,4850,0,1,4852,2288775
168,4850,800,1900,1520000,2,38806,9703,1,116920000,116920000,14551,4850,9701,4850,0,1,4852,251194
168,4850,800,1900,1520000,2,38806,9703,1,116920000,116920000,14551,4850,9701,4850,0,1,4852,247510
168,4850,800,1900,1520000,2,38806,9703,1,116920000,116920000,14551,4850,9701,4850,0,1,4852,251813
168,4850,800,1900,1520000,2,38806,9703,1,116920000,116920000,14551,4850,9701,4850,0,1,4852,250242
168,4850,800,1900,1520000,2,38806,9703,1,116920000,116920000,14551,4850,9701,4850,0,1,4852,254718
168,4850,800,1900,1520000,2,38806,9703,1,116920000,116920000,14551,4850,9701,4850,0,1,4852,255187

168,5250,800,1900,1520000,2,42006,10503,1,125560000,125560000,15751,5250,10501,5250,0,1,5252,2509953
168,5250,800,1900,1520000,2,42006,10503,1,125560000,125560000,15751,5250,10501,5250,0,1,5252,304055
168,5250,800,1900,1520000,2,42006,10503,1,125560000,125560000,15751,5250,10501,5250,0,1,5252,301920
168,5250,800,1900,1520000,2,42006,10503,1,125560000,125560000,15751,5250,10501,5250,0,1,5252,300156
168,5250,800,1900,1520000,2,42006,10503,1,125560000,125560000,15751,5250,10501,5250,0,1,5252,305250
168,5250,800,1900,1520000,2,42006,10503,1,125560000,125560000,15751,5250,10501,5250,0,1,5252,306307
168,5250,800,1900,1520000,2,42006,10503,1,125560000,125560000,15751,5250,10501,5250,0,1,5252,305827

168,5650,800,1900,1520000,2,45206,11303,1,134200000,134200000,16951,5650,11301,5650,0,1,5652,2594022
168,5650,800,1900,1520000,2,45206,11303,1,134200000,134200000,16951,5650,11301,5650,0,1,5652,273394
168,5650,800,1900,1520000,2,45206,11303,1,134200000,134200000,16951,5650,11301,5650,0,1,5652,272915
168,5650,800,1900,1520000,2,45206,11303,1,134200000,134200000,16951,5650,11301,5650,0,1,5652,275934
168,5650,800,1900,1520000,2,45206,11303,1,134200000,134200000,16951,5650,11301,5650,0,1,5652,275238
168,5650,800,1900,1520000,2,45206,11303,1,134200000,134200000,16951,5650,11301,5650,0,1,5652,298241
168,5650,800,1900,1520000,2,45206,11303,1,134200000,134200000,16951,5650,11301,5650,0,1,5652,298720

168,6050,800,1900,1520000,2,48406,12103,1,142840000,142840000,18151,6050,12101,6050,0,1,6052,2907055
168,6050,800,1900,1520000,2,48406,12103,1,142840000,142840000,18151,6050,12101,6050,0,1,6052,293991
168,6050,800,1900,1520000,2,48406,12103,1,142840000,142840000,18151,6050,12101,6050,0,1,6052,294951
168,6050,800,1900,1520000,2,48406,12103,1,142840000,142840000,18151,6050,12101,6050,0,1,6052,298893
168,6050,800,1900,1520000,2,48406,12103,1,142840000,142840000,18151,6050,12101,6050,0,1,6052,294571
168,6050,800,1900,1520000,2,48406,12103,1,142840000,142840000,18151,6050,12101,6050,0,1,6052,346912
168,6050,800,1900,1520000,2,48406,12103,1,142840000,142840000,18151,6050,12101,6050,0,1,6052,347414

168,6450,800,1900,1520000,2,51606,12903,1,151480000,151480000,19351,6450,12901,6450,0,1,6452,3057448
168,6450,800,1900,1520000,2,51606,12903,1,151480000,151480000,19351,6450,12901,6450,0,1,6452,313923
168,6450,800,1900,1520000,2,51606,12903,1,151480000,151480000,19351,6450,12901,6450,0,1,6452,315300
168,6450,800,1900,1520000,2,51606,12903,1,151480000,151480000,19351,6450,12901,6450,0,1,6452,318092
168,6450,800,1900,1520000,2,51606,12903,1,151480000,151480000,19351,6450,12901,6450,0,1,6452,317482
168,6450,800,1900,1520000,2,51606,12903,1,151480000,151480000,19351,6450,12901,6450,0,1,6452,345395
168,6450,800,1900,1520000,2,51606,12903,1,151480000,151480000,19351,6450,12901,6450,0,1,6452,344891

168,6850,800,1900,1520000,2,54806,13703,1,160120000,160120000,20551,6850,13701,6850,0,1,6852,3166044
168,6850,800,1900,1520000,2,54806,13703,1,160120000,160120000,20551,6850,13701,6850,0,1,6852,325743
168,6850,800,1900,1520000,2,54806,13703,1,160120000,160120000,20551,6850,13701,6850,0,1,6852,324433
168,6850,800,1900,1520000,2,54806,13703,1,160120000,160120000,20551,6850,13701,6850,0,1,6852,325124
168,6850,800,1900,1520000,2,54806,13703,1,160120000,160120000,20551,6850,13701,6850,0,1,6852,322517
168,6850,800,1900,1520000,2,54806,13703,1,160120000,160120000,20551,6850,13701,6850,0,1,6852,398788
168,6850,800,1900,1520000,2,54806,13703,1,160120000,160120000,20551,6850,13701,6850,0,1,6852,399306

168,50,800,1500,1200000,2,406,103,1,10520000,10520000,151,50,101,50,0,1,52,13968
168,50,800,1500,1200000,2,406,103,1,10520000,10520000,151,50,101,50,0,1,52,22464
168,50,800,1500,1200000,2,406,103,1,10520000,10520000,151,50,101,50,0,1,52,20236
168,50,800,1500,1200000,2,406,103,1,10520000,10520000,151,50,101,50,0,1,52,17863
168,50,800,1500,1200000,2,406,103,1,10520000,10520000,151,50,101,50,0,1,52,19824
168,50,800,1500,1200000,2,406,103,1,10520000,10520000,151,50,101,50,0,1,52,23151
168,50,800,1500,1200000,2,406,103,1,10520000,10520000,151,50,101,50,0,1,52,23832

168,450,800,1500,1200000,2,3606,903,1,17880000,17880000,1351,450,901,450,0,1,452,131168
168,450,800,1500,1200000,2,3606,903,1,17880000,17880000,1351,450,901,450,0,1,452,39048
168,450,800,1500,1200000,2,3606,903,1,17880000,17880000,1351,450,901,450,0,1,452,43756
168,450,800,1500,1200000,2,3606,903,1,17880000,17880000,1351,450,901,450,0,1,452,46987
168,450,800,1500,1200000,2,3606,903,1,17880000,17880000,1351,450,901,450,0,1,452,45381
168,450,800,1500,1200000,2,3606,903,1,17880000,17880000,1351,450,901,450,0,1,452,50198
168,450,800,1500,1200000,2,3606,903,1,17880000,17880000,1351,450,901,450,0,1,452,49545

168,850,800,1500,1200000,2,6806,1703,1,25240000,25240000,2551,850,1701,850,0,1,852,258378
168,850,800,1500,1200000,2,6806,1703,1,25240000,25240000,2551,850,1701,850,0,1,852,52446
168,850,800,1500,1200000,2,6806,1703,1,25240000,25240000,2551,850,1701,850,0,1,852,53128
168,850,800,1500,1200000,2,6806,1703,1,25240000,25240000,2551,850,1701,850,0,1,852,51863
168,850,800,1500,1200000,2,6806,1703,1,25240000,25240000,2551,850,1701,850,0,1,852,48803
168,850,800,1500,1200000,2,6806,1703,1,25240000,25240000,2551,850,1701,850,0,1,852,57929
168,850,800,1500,1200000,2,6806,1703,1,25240000,25240000,2551,850,1701,850,0,1,852,58630

168,1250,800,1500,1200000,2,10006,2503,1,32600000,32600000,3751,1250,2501,1250,0,1,1252,379020
168,1250,800,1500,1200000,2,10006,2503,1,32600000,32600000,3751,1250,2501,1250,0,1,1252,67197
168,1250,800,1500,1200000,2,10006,2503,1,32600000,32600000,3751,1250,2501,1250,0,1,1252,67425
168,1250,800,1500,1200000,2,10006,2503,1,32600000,32600000,3751,1250,2501,1250,0,1,1252,66754
168,1250,800,1500,1200000,2,10006,2503,1,32600000,32600000,3751,1250,2501,1250,0,1,1252,64065
168,1250,800,1500,1200000,2,10006,2503,1,32600000,32600000,3751,1250,2501,1250,0,1,1252,73709
168,1250,800,1500,1200000,2,10006,2503,1,32600000,32600000,3751,1250,2501,1250,0,1,1252,73193

168,1650,800,1500,1200000,2,13206,3303,1,39960000,39960000,4951,1650,3301,1650,0,1,1652,535622
168,1650,800,1500,1200000,2,13206,3303,1,39960000,39960000,4951,1650,3301,1650,0,1,1652,84912
168,1650,800,1500,1200000,2,13206,3303,1,39960000,39960000,4951,1650,3301,1650,0,1,1652,84197
168,1650,800,1500,1200000,2,13206,3303,1,39960000,39960000,4951,1650,3301,1650,0,1,1652,81020
168,1650,800,1500,1200000,2,13206,3303,1,39960000,39960000,4951,1650,3301,1650,0,1,1652,84661
168,1650,800,1500,1200000,2,13206,3303,1,39960000,39960000,4951,1650,3301,1650,0,1,1652,90415
168,1650,800,1500,1200000,2,13206,3303,1,39960000,39960000,4951,1650,3301,1650,0,1,1652,89075

168,2050,800,1500,1200000,2,16406,4103,1,47320000,47320000,6151,2050,4101,2050,0,1,2052,677308
168,2050,800,1500,1200000,2,16406,4103,1,47320000,47320000,6151,2050,4101,2050,0,1,2052,99540
168,2050,800,1500,1200000,2,16406,4103,1,47320000,47320000,6151,2050,4101,2050,0,1,2052,96659
168,2050,800,1500,1200000,2,16406,4103,1,47320000,47320000,6151,2050,4101,2050,0,1,2052,99926
168,2050,800,1500,1200000,2,16406,4103,1,47320000,47320000,6151,2050,4101,2050,0,1,2052,100456
168,2050,800,1500,1200000,2,16406,4103,1,47320000,47320000,6151,2050,4101,2050,0,1,2052,104826
168,2050,800,1500,1200000,2,16406,4103,1,47320000,47320000,6151,2050,4101,2050,0,1,2052,106970

168,2450,800,1500,1200000,2,19606,4903,1,54680000,54680000,7351,2450,4901,2450,0,1,2452,819653
168,2450,800,1500,1200000,2,19606,4903,1,54680000,54680000,7351,2450,4901,2450,0,1,2452,114871
168,2450,800,1500,1200000,2,19606,4903,1,54680000,54680000,7351,2450,4901,2450,0,1,2452,112880
168,2450,800,1500,1200000,2,19606,4903,1,54680000,54680000,7351,2450,4901,2450,0,1,2452,113516
168,2450,800,1500,1200000,2,19606,4903,1,54680000,54680000,7351,2450,4901,2450,0,1,2452,111300
168,2450,800,1500,1200000,2,19606,4903,1,54680000,54680000,7351,2450,4901,2450,0,1,2452,132810
168,2450,800,1500,1200000,2,19606,4903,1,54680000,54680000,7351,2450,4901,2450,0,1,2452,130263

168,2850,800,1500,1200000,2,22806,5703,1,62040000,62040000,8551,2850,5701,2850,0,1,2852,941292
168,2850,800,1500,1200000,2,22806,5703,1,62040000,62040000,8551,2850,5701,2850,0,1,2852,129524
168,2850,800,1500,1200000,2,22806,5703,1,62040000,62040000,8551,2850,5701,2850,0,1,2852,128136
168,2850,800,1500,1200000,2,22806,5703,1,62040000,62040000,8551,2850,5701,2850,0,1,2852,127493
168,2850,800,1500,1200000,2,22806,5703,1,62040000,62040000,8551,2850,5701,2850,0,1,2852,126024
168,2850,800,1500,1200000,2,22806,5703,1,62040000,62040000,8551,2850,5701,2850,0,1,2852,146824
168,2850,800,1500,1200000,2,22806,5703,1,62040000,62040000,8551,2850,5701,2850,0,1,2852,151445

168,3250,800,1500,1200000,2,26006,6503,1,69400000,69400000,9751,3250,6501,3250,0,1,3252,1161011
168,3250,800,1500,1200000,2,26006,6503,1,69400000,69400000,9751,3250,6501,3250,0,1,3252,146978
168,3250,800,1500,1200000,2,26006,6503,1,69400000,69400000,9751,3250,6501,3250,0,1,3252,147823
168,3250,800,1500,1200000,2,26006,6503,1,69400000,69400000,9751,3250,6501,3250,0,1,3252,147505
168,3250,800,1500,1200000,2,26006,6503,1,69400000,69400000,9751,3250,6501,3250,0,1,3252,145452
168,3250,800,1500,1200000,2,26006,6503,1,69400000,69400000,9751,3250,6501,3250,0,1,3252,162788
168,3250,800,1500,1200000,2,26006,6503,1,69400000,69400000,9751,3250,6501,3250,0,1,3252,168723

168,3650,800,1500,1200000,2,29206,7303,1,76760000,76760000,10951,3650,7301,3650,0,1,3652,1238451
168,3650,800,1500,1200000,2,29206,7303,1,76760000,76760000,10951,3650,7301,3650,0,1,3652,160788
168,3650,800,1500,1200000,2,29206,7303,1,76760000,76760000,10951,3650,7301,3650,0,1,3652,161331
168,3650,800,1500,1200000,2,29206,7303,1,76760000,76760000,10951,3650,7301,3650,0,1,3652,160170
168,3650,800,1500,1200000,2,29206,7303,1,76760000,76760000,10951,3650,7301,3650,0,1,3652,161651
168,3650,800,1500,1200000,2,29206,7303,1,76760000,76760000,10951,3650,7301,3650,0,1,3652,175748
168,3650,800,1500,1200000,2,29206,7303,1,76760000,76760000,10951,3650,7301,3650,0,1,3652,175157

168,4050,800,1500,1200000,2,32406,8103,1,84120000,84120000,12151,4050,8101,4050,0,1,4052,1499202
168,4050,800,1500,1200000,2,32406,8103,1,84120000,84120000,12151,4050,8101,4050,0,1,4052,178450
168,4050,800,1500,1200000,2,32406,8103,1,84120000,84120000,12151,4050,8101,4050,0,1,4052,174152
168,4050,800,1500,1200000,2,32406,8103,1,84120000,84120000,12151,4050,8101,4050,0,1,4052,177858
168,4050,800,1500,1200000,2,32406,8103,1,84120000,84120000,12151,4050,8101,4050,0,1,4052,177404
168,4050,800,1500,1200000,2,32406,8103,1,84120000,84120000,12151,4050,8101,4050,0,1,4052,193186
168,4050,800,1500,1200000,2,32406,8103,1,84120000,84120000,12151,4050,8101,4050,0,1,4052,192560

168,4450,800,1500,1200000,2,35606,8903,1,91480000,91480000,13351,4450,8901,4450,0,1,4452,1632240
168,4450,800,1500,1200000,2,35606,8903,1,91480000,91480000,13351,4450,8901,4450,0,1,4452,188544
168,4450,800,1500,1200000,2,35606,8903,1,91480000,91480000,13351,4450,8901,4450,0,1,4452,186112
168,4450,800,1500,1200000,2,35606,8903,1,91480000,91480000,13351,4450,8901,4450,0,1,4452,188207
168,4450,800,1500,1200000,2,35606,8903,1,91480000,91480000,13351,4450,8901,4450,0,1,4452,187658
168,4450,800,1500,1200000,2,35606,8903,1,91480000,91480000,13351,4450,8901,4450,0,1,4452,207746
168,4450,800,1500,1200000,2,35606,8903,1,91480000,91480000,13351,4450,8901,4450,0,1,4452,208200

168,4850,800,1500,1200000,2,38806,9703,1,98840000,98840000,14551,4850,9701,4850,0,1,4852,1780486
168,4850,800,1500,1200000,2,38806,9703,1,98840000,98840000,14551,4850,9701,4850,0,1,4852,198969
168,4850,800,1500,1200000,2,38806,9703,1,98840000,98840000,14551,4850,9701,4850,0,1,4852,196659
168,4850,800,1500,1200000,2,38806,9703,1,98840000,98840000,14551,4850,9701,4850,0,1,4852,199539
168,4850,800,1500,1200000,2,38806,9703,1,98840000,98840000,14551,4850,9701,4850,0,1,4852,198308
168,4850,800,1500,1200000,2,38806,9703,1,98840000,98840000,14551,4850,9701,4850,0,1,4852,217736
168,4850,800,1500,1200000,2,38806,9703,1,98840000,98840000,14551,4850,9701,4850,0,1,4852,217273

168,5250,800,1500,1200000,2,42006,10503,1,106200000,106200000,15751,5250,10501,5250,0,1,5252,1938304
168,5250,800,1500,1200000,2,42006,10503,1,106200000,106200000,15751,5250,10501,5250,0,1,5252,217589
168,5250,800,1500,1200000,2,42006,10503,1,106200000,106200000,15751,5250,10501,5250,0,1,5252,220074
168,5250,800,1500,1200000,2,42006,10503,1,106200000,106200000,15751,5250,10501,5250,0,1,5252,220996
168,5250,800,1500,1200000,2,42006,10503,1,106200000,106200000,15751,5250,10501,5250,0,1,5252,222131
168,5250,800,1500,1200000,2,42006,10503,1,106200000,106200000,15751,5250,10501,5250,0,1,5252,229464
168,5250,800,1500,1200000,2,42006,10503,1,106200000,106200000,15751,5250,10501,5250,0,1,5252,228987

168,5650,800,1500,1200000,2,45206,11303,1,113560000,113560000,16951,5650,11301,5650,0,1,5652,2077899
168,5650,800,1500,1200000,2,45206,11303,1,113560000,113560000,16951,5650,11301,5650,0,1,5652,241603
168,5650,800,1500,1200000,2,45206,11303,1,113560000,113560000,16951,5650,11301,5650,0,1,5652,242922
168,5650,800,1500,1200000,2,45206,11303,1,113560000,113560000,16951,5650,11301,5650,0,1,5652,240715
168,5650,800,1500,1200000,2,45206,11303,1,113560000,113560000,16951,5650,11301,5650,0,1,5652,242229
168,5650,800,1500,1200000,2,45206,11303,1,113560000,113560000,16951,5650,11301,5650,0,1,5652,244743
168,5650,800,1500,1200000,2,45206,11303,1,113560000,113560000,16951,5650,11301,5650,0,1,5652,245230

168,6050,800,1500,1200000,2,48406,12103,1,120920000,120920000,18151,6050,12101,6050,0,1,6052,2179564
168,6050,800,1500,1200000,2,48406,12103,1,120920000,120920000,18151,6050,12101,6050,0,1,6052,253519
168,6050,800,1500,1200000,2,48406,12103,1,120920000,120920000,18151,6050,12101,6050,0,1,6052,255544
168,6050,800,1500,1200000,2,48406,12103,1,120920000,120920000,18151,6050,12101,6050,0,1,6052,254908
168,6050,800,1500,1200000,2,48406,12103,1,120920000,120920000,18151,6050,12101,6050,0,1,6052,254279
168,6050,800,1500,1200000,2,48406,12103,1,120920000,120920000,18151,6050,12101,6050,0,1,6052,257846
168,6050,800,1500,1200000,2,48406,12103,1,120920000,120920000,18151,6050,12101,6050,0,1,6052,258337

168,6450,800,1500,1200000,2,51606,12903,1,128280000,128280000,19351,6450,12901,6450,0,1,6452,2407664
168,6450,800,1500,1200000,2,51606,12903,1,128280000,128280000,19351,6450,12901,6450,0,1,6452,266156
168,6450,800,1500,1200000,2,51606,12903,1,128280000,128280000,19351,6450,12901,6450,0,1,6452,266853
168,6450,800,1500,1200000,2,51606,12903,1,128280000,128280000,19351,6450,12901,6450,0,1,6452,265669
168,6450,800,1500,1200000,2,51606,12903,1,128280000,128280000,19351,6450,12901,6450,0,1,6452,266487
168,6450,800,1500,1200000,2,51606,12903,1,128280000,128280000,19351,6450,12901,6450,0,1,6452,291396
168,6450,800,1500,1200000,2,51606,12903,1,128280000,128280000,19351,6450,12901,6450,0,1,6452,290906

168,6850,800,1500,1200000,2,54806,13703,1,135640000,135640000,20551,6850,13701,6850,0,1,6852,2560879
168,6850,800,1500,1200000,2,54806,13703,1,135640000,135640000,20551,6850,13701,6850,0,1,6852,289752
168,6850,800,1500,1200000,2,54806,13703,1,135640000,135640000,20551,6850,13701,6850,0,1,6852,310127
168,6850,800,1500,1200000,2,54806,13703,1,135640000,135640000,20551,6850,13701,6850,0,1,6852,284177
168,6850,800,1500,1200000,2,54806,13703,1,135640000,135640000,20551,6850,13701,6850,0,1,6852,309127
168,6850,800,1500,1200000,2,54806,13703,1,135640000,135640000,20551,6850,13701,6850,0,1,6852,312341
168,6850,800,1500,1200000,2,54806,13703,1,135640000,135640000,20551,6850,13701,6850,0,1,6852,312845

168,50,800,1100,880000,2,406,103,1,7800000,7800000,151,50,101,50,0,1,52,9727
168,50,800,1100,880000,2,406,103,1,7800000,7800000,151,50,101,50,0,1,52,20676
168,50,800,1100,880000,2,406,103,1,7800000,7800000,151,50,101,50,0,1,52,19175
168,50,800,1100,880000,2,406,103,1,7800000,7800000,151,50,101,50,0,1,52,17979
168,50,800,1100,880000,2,406,103,1,7800000,7800000,151,50,101,50,0,1,52,20083
168,50,800,1100,880000,2,406,103,1,7800000,7800000,151,50,101,50,0,1,52,21123
168,50,800,1100,880000,2,406,103,1,7800000,7800000,151,50,101,50,0,1,52,21339

168,450,800,1100,880000,2,3606,903,1,13880000,13880000,1351,450,901,450,0,1,452,95928
168,450,800,1100,880000,2,3606,903,1,13880000,13880000,1351,450,901,450,0,1,452,34236
168,450,800,1100,880000,2,3606,903,1,13880000,13880000,1351,450,901,450,0,1,452,34859
168,450,800,1100,880000,2,3606,903,1,13880000,13880000,1351,450,901,450,0,1,452,32305
168,450,800,1100,880000,2,3606,903,1,13880000,13880000,1351,450,901,450,0,1,452,30792
168,450,800,1100,880000,2,3606,903,1,13880000,13880000,1351,450,901,450,0,1,452,36810
168,450,800,1100,880000,2,3606,903,1,13880000,13880000,1351,450,901,450,0,1,452,36305

168,850,800,1100,880000,2,6806,1703,1,19960000,19960000,2551,850,1701,850,0,1,852,185651
168,850,800,1100,880000,2,6806,1703,1,19960000,19960000,2551,850,1701,850,0,1,852,41880
168,850,800,1100,880000,2,6806,1703,1,19960000,19960000,2551,850,1701,850,0,1,852,41295
168,850,800,1100,880000,2,6806,1703,1,19960000,19960000,2551,850,1701,850,0,1,852,39969
168,850,800,1100,880000,2,6806,1703,1,19960000,19960000,2551,850,1701,850,0,1,852,42369
168,850,800,1100,880000,2,6806,1703,1,19960000,19960000,2551,850,1701,850,0,1,852,46311
168,850,800,1100,880000,2,6806,1703,1,19960000,19960000,2551,850,1701,850,0,1,852,45802

168,1250,800,1100,880000,2,10006,2503,1,26040000,26040000,3751,1250,2501,1250,0,1,1252,278662
168,1250,800,1100,880000,2,10006,2503,1,26040000,26040000,3751,1250,2501,1250,0,1,1252,51249
168,1250,800,1100,880000,2,10006,2503,1,26040000,26040000,3751,1250,2501,1250,0,1,1252,53209
168,1250,800,1100,880000,2,10006,2503,1,26040000,26040000,3751,1250,2501,1250,0,1,1252,50312
168,1250,800,1100,880000,2,10006,2503,1,26040000,26040000,3751,1250,2501,1250,0,1,1252,52720
168,1250,800,1100,880000,2,10006,2503,1,26040000,26040000,3751,1250,2501,1250,0,1,1252,57415
168,1250,800,1100,880000,2,10006,2503,1,26040000,26040000,3751,1250,2501,1250,0,1,1252,56898

168,1650,800,1100,880000,2,13206,3303,1,32120000,32120000,4951,1650,3301,1650,0,1,1652,371640
168,1650,800,1100,880000,2,13206,3303,1,32120000,32120000,4951,1650,3301,1650,0,1,1652,64158
168,1650,800,1100,880000,2,13206,3303,1,32120000,32120000,4951,1650,3301,1650,0,1,1652,65096
168,1650,800,1100,880000,2,13206,3303,1,32120000,32120000,4951,1650,3301,1650,0,1,1652,65800
168,1650,800,1100,880000,2,13206,3303,1,32120000,32120000,4951,1650,3301,1650,0,1,1652,65554
168,1650,800,1100,880000,2,13206,3303,1,32120000,32120000,4951,1650,3301,1650,0,1,1652,70457
168,1650,800,1100,880000,2,13206,3303,1,32120000,32120000,4951,1650,3301,1650,0,1,1652,70991

168,2050,800,1100,880000,2,16406,4103,1,38200000,38200000,6151,2050,4101,2050,0,1,2052,478913
168,2050,800,1100,880000,2,16406,4103,1,38200000,38200000,6151,2050,4101,2050,0,1,2052,74926
168,2050,800,1100,880000,2,16406,4103,1,38200000,38200000,6151,2050,4101,2050,0,1,2052,77514
168,2050,800,1100,880000,2,16406,4103,1,38200000,38200000,6151,2050,4101,2050,0,1,2052,75959
168,2050,800,1100,880000,2,16406,4103,1,38200000,38200000,6151,2050,4101,2050,0,1,2052,76998
168,2050,800,1100,880000,2,16406,4103,1,38200000,38200000,6151,2050,4101,2050,0,1,2052,84175
168,2050,800,1100,880000,2,16406,4103,1,38200000,38200000,6151,2050,4101,2050,0,1,2052,83631

168,2450,800,1100,880000,2,19606,4903,1,44280000,44280000,7351,2450,4901,2450,0,1,2452,567481
168,2450,800,1100,880000,2,19606,4903,1,44280000,44280000,7351,2450,4901,2450,0,1,2452,86908
168,2450,800,1100,880000,2,19606,4903,1,44280000,44280000,7351,2450,4901,2450,0,1,2452,88057
168,2450,800,1100,880000,2,19606,4903,1,44280000,44280000,7351,2450,4901,2450,0,1,2452,87527
168,2450,800,1100,880000,2,19606,4903,1,44280000,44280000,7351,2450,4901,2450,0,1,2452,85481
168,2450,800,1100,880000,2,19606,4903,1,44280000,44280000,7351,2450,4901,2450,0,1,2452,96121
168,2450,800,1100,880000,2,19606,4903,1,44280000,44280000,7351,2450,4901,2450,0,1,2452,96675

168,2850,800,1100,880000,2,22806,5703,1,50360000,50360000,8551,2850,5701,2850,0,1,2852,706284
168,2850,800,1100,880000,2,22806,5703,1,50360000,50360000,8551,2850,5701,2850,0,1,2852,100780
168,2850,800,1100,880000,2,22806,5703,1,50360000,50360000,8551,2850,5701,2850,0,1,2852,101947
168,2850,800,1100,880000,2,22806,5703,1,50360000,50360000,8551,2850,5701,2850,0,1,2852,101410
168,2850,800,1100,880000,2,22806,5703,1,50360000,50360000,8551,2850,5701,2850,0,1,2852,99336
168,2850,800,1100,880000,2,22806,5703,1,50360000,50360000,8551,2850,5701,2850,0,1,2852,110617
168,2850,800,1100,880000,2,22806,5703,1,50360000,50360000,8551,2850,5701,2850,0,1,2852,110044

168,3250,800,1100,880000,2,26006,6503,1,56440000,56440000,9751,3250,6501,3250,0,1,3252,794546
168,3250,800,1100,880000,2,26006,6503,1,56440000,56440000,9751,3250,6501,3250,0,1,3252,112930
168,3250,800,1100,880000,2,26006,6503,1,56440000,56440000,9751,3250,6501,3250,0,1,3252,114322
168,3250,800,1100,880000,2,26006,6503,1,56440000,56440000,9751,3250,6501,3250,0,1,3252,115118
168,3250,800,1100,880000,2,26006,6503,1,56440000,56440000,9751,3250,6501,3250,0,1,3252,114823
168,3250,800,1100,880000,2,26006,6503,1,56440000,56440000,9751,3250,6501,3250,0,1,3252,123435
168,3250,800,1100,880000,2,26006,6503,1,56440000,56440000,9751,3250,6501,3250,0,1,3252,124019

168,3650,800,1100,880000,2,29206,7303,1,62520000,62520000,10951,3650,7301,3650,0,1,3652,921716
168,3650,800,1100,880000,2,29206,7303,1,62520000,62520000,10951,3650,7301,3650,0,1,3652,122462
168,3650,800,1100,880000,2,29206,7303,1,62520000,62520000,10951,3650,7301,3650,0,1,3652,126437
168,3650,800,1100,880000,2,29206,7303,1,62520000,62520000,10951,3650,7301,3650,0,1,3652,125432
168,3650,800,1100,880000,2,29206,7303,1,62520000,62520000,10951,3650,7301,3650,0,1,3652,125861
168,3650,800,1100,880000,2,29206,7303,1,62520000,62520000,10951,3650,7301,3650,0,1,3652,137097
168,3650,800,1100,880000,2,29206,7303,1,62520000,62520000,10951,3650,7301,3650,0,1,3652,136222

168,4050,800,1100,880000,2,32406,8103,1,68600000,68600000,12151,4050,8101,4050,0,1,4052,998050
168,4050,800,1100,880000,2,32406,8103,1,68600000,68600000,12151,4050,8101,4050,0,1,4052,133866
168,4050,800,1100,880000,2,32406,8103,1,68600000,68600000,12151,4050,8101,4050,0,1,4052,134466
168,4050,800,1100,880000,2,32406,8103,1,68600000,68600000,12151,4050,8101,4050,0,1,4052,133414
168,4050,800,1100,880000,2,32406,8103,1,68600000,68600000,12151,4050,8101,4050,0,1,4052,132278
168,4050,800,1100,880000,2,32406,8103,1,68600000,68600000,12151,4050,8101,4050,0,1,4052,153763
168,4050,800,1100,880000,2,32406,8103,1,68600000,68600000,12151,4050,8101,4050,0,1,4052,154474

168,4450,800,1100,880000,2,35606,8903,1,74680000,74680000,13351,4450,8901,4450,0,1,4452,1091983
168,4450,800,1100,880000,2,35606,8903,1,74680000,74680000,13351,4450,8901,4450,0,1,4452,150178
168,4450,800,1100,880000,2,35606,8903,1,74680000,74680000,13351,4450,8901,4450,0,1,4452,151647
168,4450,800,1100,880000,2,35606,8903,1,74680000,74680000,13351,4450,8901,4450,0,1,4452,149682
168,4450,800,1100,880000,2,35606,8903,1,74680000,74680000,13351,4450,8901,4450,0,1,4452,150843
168,4450,800,1100,880000,2,35606,8903,1,74680000,74680000,13351,4450,8901,4450,0,1,4452,167300
168,4450,800,1100,880000,2,35606,8903,1,74680000,74680000,13351,4450,8901,4450,0,1,4452,167925

168,4850,800,1100,880000,2,38806,9703,1,80760000,80760000,14551,4850,9701,4850,0,1,4852,1374284
168,4850,800,1100,880000,2,38806,9703,1,80760000,80760000,14551,4850,9701,4850,0,1,4852,154570
168,4850,800,1100,880000,2,38806,9703,1,80760000,80760000,14551,4850,9701,4850,0,1,4852,155816
168,4850,800,1100,880000,2,38806,9703,1,80760000,80760000,14551,4850,9701,4850,0,1,4852,155252
168,4850,800,1100,880000,2,38806,9703,1,80760000,80760000,14551,4850,9701,4850,0,1,4852,156175
168,4850,800,1100,880000,2,38806,9703,1,80760000,80760000,14551,4850,9701,4850,0,1,4852,178707
168,4850,800,1100,880000,2,38806,9703,1,80760000,80760000,14551,4850,9701,4850,0,1,4852,179432

168,5250,800,1100,880000,2,42006,10503,1,86840000,86840000,15751,5250,10501,5250,0,1,5252,1386132
168,5250,800,1100,880000,2,42006,10503,1,86840000,86840000,15751,5250,10501,5250,0,1,5252,182239
168,5250,800,1100,880000,2,42006,10503,1,86840000,86840000,15751,5250,10501,5250,0,1,5252,183723
168,5250,800,1100,880000,2,42006,10503,1,86840000,86840000,15751,5250,10501,5250,0,1,5252,183380
168,5250,800,1100,880000,2,42006,10503,1,86840000,86840000,15751,5250,10501,5250,0,1,5252,182856
168,5250,800,1100,880000,2,42006,10503,1,86840000,86840000,15751,5250,10501,5250,0,1,5252,223998
168,5250,800,1100,880000,2,42006,10503,1,86840000,86840000,15751,5250,10501,5250,0,1,5252,223511

168,5650,800,1100,880000,2,45206,11303,1,92920000,92920000,16951,5650,11301,5650,0,1,5652,1503157
168,5650,800,1100,880000,2,45206,11303,1,92920000,92920000,16951,5650,11301,5650,0,1,5652,173704
168,5650,800,1100,880000,2,45206,11303,1,92920000,92920000,16951,5650,11301,5650,0,1,5652,174234
168,5650,800,1100,880000,2,45206,11303,1,92920000,92920000,16951,5650,11301,5650,0,1,5652,174585
168,5650,800,1100,880000,2,45206,11303,1,92920000,92920000,16951,5650,11301,5650,0,1,5652,173083
168,5650,800,1100,880000,2,45206,11303,1,92920000,92920000,16951,5650,11301,5650,0,1,5652,207712
168,5650,800,1100,880000,2,45206,11303,1,92920000,92920000,16951,5650,11301,5650,0,1,5652,207207

168,6050,800,1100,880000,2,48406,12103,1,99000000,99000000,18151,6050,12101,6050,0,1,6052,1610945
168,6050,800,1100,880000,2,48406,12103,1,99000000,99000000,18151,6050,12101,6050,0,1,6052,191000
168,6050,800,1100,880000,2,48406,12103,1,99000000,99000000,18151,6050,12101,6050,0,1,6052,191394
168,6050,800,1100,880000,2,48406,12103,1,99000000,99000000,18151,6050,12101,6050,0,1,6052,190298
168,6050,800,1100,880000,2,48406,12103,1,99000000,99000000,18151,6050,12101,6050,0,1,6052,189629
168,6050,800,1100,880000,2,48406,12103,1,99000000,99000000,18151,6050,12101,6050,0,1,6052,207764
168,6050,800,1100,880000,2,48406,12103,1,99000000,99000000,18151,6050,12101,6050,0,1,6052,207280

168,6450,800,1100,880000,2,51606,12903,1,105080000,105080000,19351,6450,12901,6450,0,1,6452,1734963
168,6450,800,1100,880000,2,51606,12903,1,105080000,105080000,19351,6450,12901,6450,0,1,6452,197459
168,6450,800,1100,880000,2,51606,12903,1,105080000,105080000,19351,6450,12901,6450,0,1,6452,195890
168,6450,800,1100,880000,2,51606,12903,1,105080000,105080000,19351,6450,12901,6450,0,1,6452,196532
168,6450,800,1100,880000,2,51606,12903,1,105080000,105080000,19351,6450,12901,6450,0,1,6452,197088
168,6450,800,1100,880000,2,51606,12903,1,105080000,105080000,19351,6450,12901,6450,0,1,6452,221108
168,6450,800,1100,880000,2,51606,12903,1,105080000,105080000,19351,6450,12901,6450,0,1,6452,221628

168,6850,800,1100,880000,2,54806,13703,1,111160000,111160000,20551,6850,13701,6850,0,1,6852,1838170
168,6850,800,1100,880000,2,54806,13703,1,111160000,111160000,20551,6850,13701,6850,0,1,6852,217779
168,6850,800,1100,880000,2,54806,13703,1,111160000,111160000,20551,6850,13701,6850,0,1,6852,219042
168,6850,800,1100,880000,2,54806,13703,1,111160000,111160000,20551,6850,13701,6850,0,1,6852,220883
168,6850,800,1100,880000,2,54806,13703,1,111160000,111160000,20551,6850,13701,6850,0,1,6852,220133
168,6850,800,1100,880000,2,54806,13703,1,111160000,111160000,20551,6850,13701,6850,0,1,6852,223976
168,6850,800,1100,880000,2,54806,13703,1,111160000,111160000,20551,6850,13701,6850,0,1,6852,224535

168,50,800,700,560000,2,406,103,1,5080000,5080000,151,50,101,50,0,1,52,6364
168,50,800,700,560000,2,406,103,1,5080000,5080000,151,50,101,50,0,1,52,17256
168,50,800,700,560000,2,406,103,1,5080000,5080000,151,50,101,50,0,1,52,18047
168,50,800,700,560000,2,406,103,1,5080000,5080000,151,50,101,50,0,1,52,16476
168,50,800,700,560000,2,406,103,1,5080000,5080000,151,50,101,50,0,1,52,15040
168,50,800,700,560000,2,406,103,1,5080000,5080000,151,50,101,50,0,1,52,17689
168,50,800,700,560000,2,406,103,1,5080000,5080000,151,50,101,50,0,1,52,18536

168,450,800,700,560000,2,3606,903,1,9880000,9880000,1351,450,901,450,0,1,452,57402
168,450,800,700,560000,2,3606,903,1,9880000,9880000,1351,450,901,450,0,1,452,27136
168,450,800,700,560000,2,3606,903,1,9880000,9880000,1351,450,901,450,0,1,452,25641
168,450,800,700,560000,2,3606,903,1,9880000,9880000,1351,450,901,450,0,1,452,29866
168,450,800,700,560000,2,3606,903,1,9880000,9880000,1351,450,901,450,0,1,452,29022
168,450,800,700,560000,2,3606,903,1,9880000,9880000,1351,450,901,450,0,1,452,30639
168,450,800,700,560000,2,3606,903,1,9880000,9880000,1351,450,901,450,0,1,452,31139

168,850,800,700,560000,2,6806,1703,1,14680000,14680000,2551,850,1701,850,0,1,852,119730
168,850,800,700,560000,2,6806,1703,1,14680000,14680000,2551,850,1701,850,0,1,852,36131
168,850,800,700,560000,2,6806,1703,1,14680000,14680000,2551,850,1701,850,0,1,852,36742
168,850,800,700,560000,2,6806,1703,1,14680000,14680000,2551,850,1701,850,0,1,852,34637
168,850,800,700,560000,2,6806,1703,1,14680000,14680000,2551,850,1701,850,0,1,852,33100
168,850,800,700,560000,2,6806,1703,1,14680000,14680000,2551,850,1701,850,0,1,852,38218
168,850,800,700,560000,2,6806,1703,1,14680000,14680000,2551,850,1701,850,0,1,852,38730

168,1250,800,700,560000,2,10006,2503,1,19480000,19480000,3751,1250,2501,1250,0,1,1252,187078
168,1250,800,700,560000,2,10006,2503,1,19480000,19480000,3751,1250,2501,1250,0,1,1252,42544
168,1250,800,700,560000,2,10006,2503,1,19480000,19480000,3751,1250,2501,1250,0,1,1252,40707
168,1250,800,700,560000,2,10006,2503,1,19480000,19480000,3751,1250,2501,1250,0,1,1252,43629
168,1250,800,700,560000,2,10006,2503,1,19480000,19480000,3751,1250,2501,1250,0,1,1252,41686
168,1250,800,700,560000,2,10006,2503,1,19480000,19480000,3751,1250,2501,1250,0,1,1252,45903
168,1250,800,700,560000,2,10006,2503,1,19480000,19480000,3751,1250,2501,1250,0,1,1252,46423

168,1650,800,700,560000,2,13206,3303,1,24280000,24280000,4951,1650,3301,1650,0,1,1652,240298
168,1650,800,700,560000,2,13206,3303,1,24280000,24280000,4951,1650,3301,1650,0,1,1652,50431
168,1650,800,700,560000,2,13206,3303,1,24280000,24280000,4951,1650,3301,1650,0,1,1652,52430
168,1650,800,700,560000,2,13206,3303,1,24280000,24280000,4951,1650,3301,1650,0,1,1652,49858
168,1650,800,700,560000,2,13206,3303,1,24280000,24280000,4951,1650,3301,1650,0,1,1652,51919
168,1650,800,700,560000,2,13206,3303,1,24280000,24280000,4951,1650,3301,1650,0,1,1652,55646
168,1650,800,700,560000,2,13206,3303,1,24280000,24280000,4951,1650,3301,1650,0,1,1652,56924

168,2050,800,700,560000,2,16406,4103,1,29080000,29080000,6151,2050,4101,2050,0,1,2052,292575
168,2050,800,700,560000,2,16406,4103,1,29080000,29080000,6151,2050,4101,2050,0,1,2052,57724
168,2050,800,700,560000,2,16406,4103,1,29080000,29080000,6151,2050,4101,2050,0,1,2052,57982
168,2050,800,700,560000,2,16406,4103,1,29080000,29080000,6151,2050,4101,2050,0,1,2052,57259
168,2050,800,700,560000,2,16406,4103,1,29080000,29080000,6151,2050,4101,2050,0,1,2052,56689
168,2050,800,700,560000,2,16406,4103,1,29080000,29080000,6151,2050,4101,2050,0,1,2052,62922
168,2050,800,700,560000,2,16406,4103,1,29080000,29080000,6151,2050,4101,2050,0,1,2052,63472

168,2450,800,700,560000,2,19606,4903,1,33880000,33880000,7351,2450,4901,2450,0,1,2452,351954
168,2450,800,700,560000,2,19606,4903,1,33880000,33880000,7351,2450,4901,2450,0,1,2452,65286
168,2450,800,700,560000,2,19606,4903,1,33880000,33880000,7351,2450,4901,2450,0,1,2452,64810
168,2450,800,700,560000,2,19606,4903,1,33880000,33880000,7351,2450,4901,2450,0,1,2452,65549
168,2450,800,700,560000,2,19606,4903,1,33880000,33880000,7351,2450,4901,2450,0,1,2452,64236
168,2450,800,700,560000,2,19606,4903,1,33880000,33880000,7351,2450,4901,2450,0,1,2452,72464
168,2450,800,700,560000,2,19606,4903,1,33880000,33880000,7351,2450,4901,2450,0,1,2452,71905

168,2850,800,700,560000,2,22806,5703,1,38680000,38680000,8551,2850,5701,2850,0,1,2852,433327
168,2850,800,700,560000,2,22806,5703,1,38680000,38680000,8551,2850,5701,2850,0,1,2852,74852
168,2850,800,700,560000,2,22806,5703,1,38680000,38680000,8551,2850,5701,2850,0,1,2852,75343
168,2850,800,700,560000,2,22806,5703,1,38680000,38680000,8551,2850,5701,2850,0,1,2852,74263
168,2850,800,700,560000,2,22806,5703,1,38680000,38680000,8551,2850,5701,2850,0,1,2852,75626
168,2850,800,700,560000,2,22806,5703,1,38680000,38680000,8551,2850,5701,2850,0,1,2852,82904
168,2850,800,700,560000,2,22806,5703,1,38680000,38680000,8551,2850,5701,2850,0,1,2852,83204

168,3250,800,700,560000,2,26006,6503,1,43480000,43480000,9751,3250,6501,3250,0,1,3252,484689
168,3250,800,700,560000,2,26006,6503,1,43480000,43480000,9751,3250,6501,3250,0,1,3252,107195
168,3250,800,700,560000,2,26006,6503,1,43480000,43480000,9751,3250,6501,3250,0,1,3252,105727
168,3250,800,700,560000,2,26006,6503,1,43480000,43480000,9751,3250,6501,3250,0,1,3252,107744
168,3250,800,700,560000,2,26006,6503,1,43480000,43480000,9751,3250,6501,3250,0,1,3252,106780
168,3250,800,700,560000,2,26006,6503,1,43480000,43480000,9751,3250,6501,3250,0,1,3252,113847
168,3250,800,700,560000,2,26006,6503,1,43480000,43480000,9751,3250,6501,3250,0,1,3252,113260

168,3650,800,700,560000,2,29206,7303,1,48280000,48280000,10951,3650,7301,3650,0,1,3652,554024
168,3650,800,700,560000,2,29206,7303,1,48280000,48280000,10951,3650,7301,3650,0,1,3652,96422
168,3650,800,700,560000,2,29206,7303,1,48280000,48280000,10951,3650,7301,3650,0,1,3652,94075
168,3650,800,700,560000,2,29206,7303,1,48280000,48280000,10951,3650,7301,3650,0,1,3652,97173
168,3650,800,700,560000,2,29206,7303,1,48280000,48280000,10951,3650,7301,3650,0,1,3652,95639
168,3650,800,700,560000,2,29206,7303,1,48280000,48280000,10951,3650,7301,3650,0,1,3652,104333
168,3650,800,700,560000,2,29206,7303,1,48280000,48280000,10951,3650,7301,3650,0,1,3652,103717

168,4050,800,700,560000,2,32406,8103,1,53080000,53080000,12151,4050,8101,4050,0,1,4052,595556
168,4050,800,700,560000,2,32406,8103,1,53080000,53080000,12151,4050,8101,4050,0,1,4052,104119
168,4050,800,700,560000,2,32406,8103,1,53080000,53080000,12151,4050,8101,4050,0,1,4052,103322
168,4050,800,700,560000,2,32406,8103,1,53080000,53080000,12151,4050,8101,4050,0,1,4052,104884
168,4050,800,700,560000,2,32406,8103,1,53080000,53080000,12151,4050,8101,4050,0,1,4052,101757
168,4050,800,700,560000,2,32406,8103,1,53080000,53080000,12151,4050,8101,4050,0,1,4052,114238
168,4050,800,700,560000,2,32406,8103,1,53080000,53080000,12151,4050,8101,4050,0,1,4052,114962

168,4450,800,700,560000,2,35606,8903,1,57880000,57880000,13351,4450,8901,4450,0,1,4452,697717
168,4450,800,700,560000,2,35606,8903,1,57880000,57880000,13351,4450,8901,4450,0,1,4452,109387
168,4450,800,700,560000,2,35606,8903,1,57880000,57880000,13351,4450,8901,4450,0,1,4452,111608
168,4450,800,700,560000,2,35606,8903,1,57880000,57880000,13351,4450,8901,4450,0,1,4452,112196
168,4450,800,700,560000,2,35606,8903,1,57880000,57880000,13351,4450,8901,4450,0,1,4452,110487
168,4450,800,700,560000,2,35606,8903,1,57880000,57880000,13351,4450,8901,4450,0,1,4452,120648
168,4450,800,700,560000,2,35606,8903,1,57880000,57880000,13351,4450,8901,4450,0,1,4452,121370

168,4850,800,700,560000,2,38806,9703,1,62680000,62680000,14551,4850,9701,4850,0,1,4852,789090
168,4850,800,700,560000,2,38806,9703,1,62680000,62680000,14551,4850,9701,4850,0,1,4852,123354
168,4850,800,700,560000,2,38806,9703,1,62680000,62680000,14551,4850,9701,4850,0,1,4852,116830
168,4850,800,700,560000,2,38806,9703,1,62680000,62680000,14551,4850,9701,4850,0,1,4852,121946
168,4850,800,700,560000,2,38806,9703,1,62680000,62680000,14551,4850,9701,4850,0,1,4852,118019
168,4850,800,700,560000,2,38806,9703,1,62680000,62680000,14551,4850,9701,4850,0,1,4852,137469
168,4850,800,700,560000,2,38806,9703,1,62680000,62680000,14551,4850,9701,4850,0,1,4852,136737

168,5250,800,700,560000,2,42006,10503,1,67480000,67480000,15751,5250,10501,5250,0,1,5252,794206
168,5250,800,700,560000,2,42006,10503,1,67480000,67480000,15751,5250,10501,5250,0,1,5252,133937
168,5250,800,700,560000,2,42006,10503,1,67480000,67480000,15751,5250,10501,5250,0,1,5252,127614
168,5250,800,700,560000,2,42006,10503,1,67480000,67480000,15751,5250,10501,5250,0,1,5252,133136
168,5250,800,700,560000,2,42006,10503,1,67480000,67480000,15751,5250,10501,5250,0,1,5252,124624
168,5250,800,700,560000,2,42006,10503,1,67480000,67480000,15751,5250,10501,5250,0,1,5252,152695
168,5250,800,700,560000,2,42006,10503,1,67480000,67480000,15751,5250,10501,5250,0,1,5252,153537

168,5650,800,700,560000,2,45206,11303,1,72280000,72280000,16951,5650,11301,5650,0,1,5652,983338
168,5650,800,700,560000,2,45206,11303,1,72280000,72280000,16951,5650,11301,5650,0,1,5652,136303
168,5650,800,700,560000,2,45206,11303,1,72280000,72280000,16951,5650,11301,5650,0,1,5652,131600
168,5650,800,700,560000,2,45206,11303,1,72280000,72280000,16951,5650,11301,5650,0,1,5652,136940
168,5650,800,700,560000,2,45206,11303,1,72280000,72280000,16951,5650,11301,5650,0,1,5652,134516
168,5650,800,700,560000,2,45206,11303,1,72280000,72280000,16951,5650,11301,5650,0,1,5652,158712
168,5650,800,700,560000,2,45206,11303,1,72280000,72280000,16951,5650,11301,5650,0,1,5652,157943

168,6050,800,700,560000,2,48406,12103,1,77080000,77080000,18151,6050,12101,6050,0,1,6052,927024
168,6050,800,700,560000,2,48406,12103,1,77080000,77080000,18151,6050,12101,6050,0,1,6052,157727
168,6050,800,700,560000,2,48406,12103,1,77080000,77080000,18151,6050,12101,6050,0,1,6052,147096
168,6050,800,700,560000,2,48406,12103,1,77080000,77080000,18151,6050,12101,6050,0,1,6052,156898
168,6050,800,700,560000,2,48406,12103,1,77080000,77080000,18151,6050,12101,6050,0,1,6052,149711
168,6050,800,700,560000,2,48406,12103,1,77080000,77080000,18151,6050,12101,6050,0,1,6052,169550
168,6050,800,700,560000,2,48406,12103,1,77080000,77080000,18151,6050,12101,6050,0,1,6052,168759

168,6450,800,700,560000,2,51606,12903,1,81880000,81880000,19351,6450,12901,6450,0,1,6452,996314
168,6450,800,700,560000,2,51606,12903,1,81880000,81880000,19351,6450,12901,6450,0,1,6452,158646
168,6450,800,700,560000,2,51606,12903,1,81880000,81880000,19351,6450,12901,6450,0,1,6452,159052
168,6450,800,700,560000,2,51606,12903,1,81880000,81880000,19351,6450,12901,6450,0,1,6452,158053
168,6450,800,700,560000,2,51606,12903,1,81880000,81880000,19351,6450,12901,6450,0,1,6452,157003
168,6450,800,700,560000,2,51606,12903,1,81880000,81880000,19351,6450,12901,6450,0,1,6452,172718
168,6450,800,700,560000,2,51606,12903,1,81880000,81880000,19351,6450,12901,6450,0,1,6452,171917

168,6850,800,700,560000,2,54806,13703,1,86680000,86680000,20551,6850,13701,6850,0,1,6852,1085009
168,6850,800,700,560000,2,54806,13703,1,86680000,86680000,20551,6850,13701,6850,0,1,6852,157463
168,6850,800,700,560000,2,54806,13703,1,86680000,86680000,20551,6850,13701,6850,0,1,6852,156768
168,6850,800,700,560000,2,54806,13703,1,86680000,86680000,20551,6850,13701,6850,0,1,6852,158482
168,6850,800,700,560000,2,54806,13703,1,86680000,86680000,20551,6850,13701,6850,0,1,6852,158072
168,6850,800,700,560000,2,54806,13703,1,86680000,86680000,20551,6850,13701,6850,0,1,6852,182770
168,6850,800,700,560000,2,54806,13703,1,86680000,86680000,20551,6850,13701,6850,0,1,6852,181964

168,50,800,300,240000,2,406,103,1,2360000,2360000,151,50,101,50,0,1,52,2657
168,50,800,300,240000,2,406,103,1,2360000,2360000,151,50,101,50,0,1,52,16433
168,50,800,300,240000,2,406,103,1,2360000,2360000,151,50,101,50,0,1,52,15109
168,50,800,300,240000,2,406,103,1,2360000,2360000,151,50,101,50,0,1,52,15489
168,50,800,300,240000,2,406,103,1,2360000,2360000,151,50,101,50,0,1,52,16240
168,50,800,300,240000,2,406,103,1,2360000,2360000,151,50,101,50,0,1,52,15843
168,50,800,300,240000,2,406,103,1,2360000,2360000,151,50,101,50,0,1,52,14197

168,450,800,300,240000,2,3606,903,1,5880000,5880000,1351,450,901,450,0,1,452,25788
168,450,800,300,240000,2,3606,903,1,5880000,5880000,1351,450,901,450,0,1,452,21634
168,450,800,300,240000,2,3606,903,1,5880000,5880000,1351,450,901,450,0,1,452,23020
168,450,800,300,240000,2,3606,903,1,5880000,5880000,1351,450,901,450,0,1,452,19267
168,450,800,300,240000,2,3606,903,1,5880000,5880000,1351,450,901,450,0,1,452,22575
168,450,800,300,240000,2,3606,903,1,5880000,5880000,1351,450,901,450,0,1,452,24205
168,450,800,300,240000,2,3606,903,1,5880000,5880000,1351,450,901,450,0,1,452,24764

168,850,800,300,240000,2,6806,1703,1,9400000,9400000,2551,850,1701,850,0,1,852,50299
168,850,800,300,240000,2,6806,1703,1,9400000,9400000,2551,850,1701,850,0,1,852,24959
168,850,800,300,240000,2,6806,1703,1,9400000,9400000,2551,850,1701,850,0,1,852,24627
168,850,800,300,240000,2,6806,1703,1,9400000,9400000,2551,850,1701,850,0,1,852,26009
168,850,800,300,240000,2,6806,1703,1,9400000,9400000,2551,850,1701,850,0,1,852,23142
168,850,800,300,240000,2,6806,1703,1,9400000,9400000,2551,850,1701,850,0,1,852,28186
168,850,800,300,240000,2,6806,1703,1,9400000,9400000,2551,850,1701,850,0,1,852,27618

168,1250,800,300,240000,2,10006,2503,1,12920000,12920000,3751,1250,2501,1250,0,1,1252,73727
168,1250,800,300,240000,2,10006,2503,1,12920000,12920000,3751,1250,2501,1250,0,1,1252,28184
168,1250,800,300,240000,2,10006,2503,1,12920000,12920000,3751,1250,2501,1250,0,1,1252,29255
168,1250,800,300,240000,2,10006,2503,1,12920000,12920000,3751,1250,2501,1250,0,1,1252,26605
168,1250,800,300,240000,2,10006,2503,1,12920000,12920000,3751,1250,2501,1250,0,1,1252,28792
168,1250,800,300,240000,2,10006,2503,1,12920000,12920000,3751,1250,2501,1250,0,1,1252,31791
168,1250,800,300,240000,2,10006,2503,1,12920000,12920000,3751,1250,2501,1250,0,1,1252,32369

168,1650,800,300,240000,2,13206,3303,1,16440000,16440000,4951,1650,3301,1650,0,1,1652,98988
168,1650,800,300,240000,2,13206,3303,1,16440000,16440000,4951,1650,3301,1650,0,1,1652,33396
168,1650,800,300,240000,2,13206,3303,1,16440000,16440000,4951,1650,3301,1650,0,1,1652,29218
168,1650,800,300,240000,2,13206,3303,1,16440000,16440000,4951,1650,3301,1650,0,1,1652,32379
168,1650,800,300,240000,2,13206,3303,1,16440000,16440000,4951,1650,3301,1650,0,1,1652,34499
168,1650,800,300,240000,2,13206,3303,1,16440000,16440000,4951,1650,3301,1650,0,1,1652,37582
168,1650,800,300,240000,2,13206,3303,1,16440000,16440000,4951,1650,3301,1650,0,1,1652,36970

168,2050,800,300,240000,2,16406,4103,1,19960000,19960000,6151,2050,4101,2050,0,1,2052,122859
168,2050,800,300,240000,2,16406,4103,1,19960000,19960000,6151,2050,4101,2050,0,1,2052,38912
168,2050,800,300,240000,2,16406,4103,1,19960000,19960000,6151,2050,4101,2050,0,1,2052,36839
168,2050,800,300,240000,2,16406,4103,1,19960000,19960000,6151,2050,4101,2050,0,1,2052,38246
168,2050,800,300,240000,2,16406,4103,1,19960000,19960000,6151,2050,4101,2050,0,1,2052,36216
168,2050,800,300,240000,2,16406,4103,1,19960000,19960000,6151,2050,4101,2050,0,1,2052,41898
168,2050,800,300,240000,2,16406,4103,1,19960000,19960000,6151,2050,4101,2050,0,1,2052,42528

168,2450,800,300,240000,2,19606,4903,1,23480000,23480000,7351,2450,4901,2450,0,1,2452,147400
168,2450,800,300,240000,2,19606,4903,1,23480000,23480000,7351,2450,4901,2450,0,1,2452,42156
168,2450,800,300,240000,2,19606,4903,1,23480000,23480000,7351,2450,4901,2450,0,1,2452,41097
168,2450,800,300,240000,2,19606,4903,1,23480000,23480000,7351,2450,4901,2450,0,1,2452,42423
168,2450,800,300,240000,2,19606,4903,1,23480000,23480000,7351,2450,4901,2450,0,1,2452,41681
168,2450,800,300,240000,2,19606,4903,1,23480000,23480000,7351,2450,4901,2450,0,1,2452,45930
168,2450,800,300,240000,2,19606,4903,1,23480000,23480000,7351,2450,4901,2450,0,1,2452,46587

168,2850,800,300,240000,2,22806,5703,1,27000000,27000000,8551,2850,5701,2850,0,1,2852,172909
168,2850,800,300,240000,2,22806,5703,1,27000000,27000000,8551,2850,5701,2850,0,1,2852,47027
168,2850,800,300,240000,2,22806,5703,1,27000000,27000000,8551,2850,5701,2850,0,1,2852,47868
168,2850,800,300,240000,2,22806,5703,1,27000000,27000000,8551,2850,5701,2850,0,1,2852,49091
168,2850,800,300,240000,2,22806,5703,1,27000000,27000000,8551,2850,5701,2850,0,1,2852,49648
168,2850,800,300,240000,2,22806,5703,1,27000000,27000000,8551,2850,5701,2850,0,1,2852,53463
168,2850,800,300,240000,2,22806,5703,1,27000000,27000000,8551,2850,5701,2850,0,1,2852,52806

168,3250,800,300,240000,2,26006,6503,1,30520000,30520000,9751,3250,6501,3250,0,1,3252,197452
168,3250,800,300,240000,2,26006,6503,1,30520000,30520000,9751,3250,6501,3250,0,1,3252,52522
168,3250,800,300,240000,2,26006,6503,1,30520000,30520000,9751,3250,6501,3250,0,1,3252,51740
168,3250,800,300,240000,2,26006,6503,1,30520000,30520000,9751,3250,6501,3250,0,1,3252,50426
168,3250,800,300,240000,2,26006,6503,1,30520000,30520000,9751,3250,6501,3250,0,1,3252,52234
168,3250,800,300,240000,2,26006,6503,1,30520000,30520000,9751,3250,6501,3250,0,1,3252,57750
168,3250,800,300,240000,2,26006,6503,1,30520000,30520000,9751,3250,6501,3250,0,1,3252,57082

168,3650,800,300,240000,2,29206,7303,1,34040000,34040000,10951,3650,7301,3650,0,1,3652,232626
168,3650,800,300,240000,2,29206,7303,1,34040000,34040000,10951,3650,7301,3650,0,1,3652,58584
168,3650,800,300,240000,2,29206,7303,1,34040000,34040000,10951,3650,7301,3650,0,1,3652,57756
168,3650,800,300,240000,2,29206,7303,1,34040000,34040000,10951,3650,7301,3650,0,1,3652,57144
168,3650,800,300,240000,2,29206,7303,1,34040000,34040000,10951,3650,7301,3650,0,1,3652,58273
168,3650,800,300,240000,2,29206,7303,1,34040000,34040000,10951,3650,7301,3650,0,1,3652,62226
168,3650,800,300,240000,2,29206,7303,1,34040000,34040000,10951,3650,7301,3650,0,1,3652,63797

168,4050,800,300,240000,2,32406,8103,1,37560000,37560000,12151,4050,8101,4050,0,1,4052,246090
168,4050,800,300,240000,2,32406,8103,1,37560000,37560000,12151,4050,8101,4050,0,1,4052,61669
168,4050,800,300,240000,2,32406,8103,1,37560000,37560000,12151,4050,8101,4050,0,1,4052,60688
168,4050,800,300,240000,2,32406,8103,1,37560000,37560000,12151,4050,8101,4050,0,1,4052,62198
168,4050,800,300,240000,2,32406,8103,1,37560000,37560000,12151,4050,8101,4050,0,1,4052,62522
168,4050,800,300,240000,2,32406,8103,1,37560000,37560000,12151,4050,8101,4050,0,1,4052,68212
168,4050,800,300,240000,2,32406,8103,1,37560000,37560000,12151,4050,8101,4050,0,1,4052,68932

168,4450,800,300,240000,2,35606,8903,1,41080000,41080000,13351,4450,8901,4450,0,1,4452,271611
168,4450,800,300,240000,2,35606,8903,1,41080000,41080000,13351,4450,8901,4450,0,1,4452,66440
168,4450,800,300,240000,2,35606,8903,1,41080000,41080000,13351,4450,8901,4450,0,1,4452,66977
168,4450,800,300,240000,2,35606,8903,1,41080000,41080000,13351,4450,8901,4450,0,1,4452,65823
168,4450,800,300,240000,2,35606,8903,1,41080000,41080000,13351,4450,8901,4450,0,1,4452,67306
168,4450,800,300,240000,2,35606,8903,1,41080000,41080000,13351,4450,8901,4450,0,1,4452,74761
168,4450,800,300,240000,2,35606,8903,1,41080000,41080000,13351,4450,8901,4450,0,1,4452,74038

168,4850,800,300,240000,2,38806,9703,1,44600000,44600000,14551,4850,9701,4850,0,1,4852,297922
168,4850,800,300,240000,2,38806,9703,1,44600000,44600000,14551,4850,9701,4850,0,1,4852,71350
168,4850,800,300,240000,2,38806,9703,1,44600000,44600000,14551,4850,9701,4850,0,1,4852,71686
168,4850,800,300,240000,2,38806,9703,1,44600000,44600000,14551,4850,9701,4850,0,1,4852,70812
168,4850,800,300,240000,2,38806,9703,1,44600000,44600000,14551,4850,9701,4850,0,1,4852,70190
168,4850,800,300,240000,2,38806,9703,1,44600000,44600000,14551,4850,9701,4850,0,1,4852,79517
168,4850,800,300,240000,2,38806,9703,1,44600000,44600000,14551,4850,9701,4850,0,1,4852,80267

168,5250,800,300,240000,2,42006,10503,1,48120000,48120000,15751,5250,10501,5250,0,1,5252,321438
168,5250,800,300,240000,2,42006,10503,1,48120000,48120000,15751,5250,10501,5250,0,1,5252,75351
168,5250,800,300,240000,2,42006,10503,1,48120000,48120000,15751,5250,10501,5250,0,1,5252,76538
168,5250,800,300,240000,2,42006,10503,1,48120000,48120000,15751,5250,10501,5250,0,1,5252,76177
168,5250,800,300,240000,2,42006,10503,1,48120000,48120000,15751,5250,10501,5250,0,1,5252,75849
168,5250,800,300,240000,2,42006,10503,1,48120000,48120000,15751,5250,10501,5250,0,1,5252,84796
168,5250,800,300,240000,2,42006,10503,1,48120000,48120000,15751,5250,10501,5250,0,1,5252,85570

168,5650,800,300,240000,2,45206,11303,1,51640000,51640000,16951,5650,11301,5650,0,1,5652,351571
168,5650,800,300,240000,2,45206,11303,1,51640000,51640000,16951,5650,11301,5650,0,1,5652,80406
168,5650,800,300,240000,2,45206,11303,1,51640000,51640000,16951,5650,11301,5650,0,1,5652,80914
168,5650,800,300,240000,2,45206,11303,1,51640000,51640000,16951,5650,11301,5650,0,1,5652,81646
168,5650,800,300,240000,2,45206,11303,1,51640000,51640000,16951,5650,11301,5650,0,1,5652,81259
168,5650,800,300,240000,2,45206,11303,1,51640000,51640000,16951,5650,11301,5650,0,1,5652,90757
168,5650,800,300,240000,2,45206,11303,1,51640000,51640000,16951,5650,11301,5650,0,1,5652,92417

168,6050,800,300,240000,2,48406,12103,1,55160000,55160000,18151,6050,12101,6050,0,1,6052,385729
168,6050,800,300,240000,2,48406,12103,1,55160000,55160000,18151,6050,12101,6050,0,1,6052,89355
168,6050,800,300,240000,2,48406,12103,1,55160000,55160000,18151,6050,12101,6050,0,1,6052,89737
168,6050,800,300,240000,2,48406,12103,1,55160000,55160000,18151,6050,12101,6050,0,1,6052,88763
168,6050,800,300,240000,2,48406,12103,1,55160000,55160000,18151,6050,12101,6050,0,1,6052,88093
168,6050,800,300,240000,2,48406,12103,1,55160000,55160000,18151,6050,12101,6050,0,1,6052,100388
168,6050,800,300,240000,2,48406,12103,1,55160000,55160000,18151,6050,12101,6050,0,1,6052,99603

168,6450,800,300,240000,2,51606,12903,1,58680000,58680000,19351,6450,12901,6450,0,1,6452,403699
168,6450,800,300,240000,2,51606,12903,1,58680000,58680000,19351,6450,12901,6450,0,1,6452,91559
168,6450,800,300,240000,2,51606,12903,1,58680000,58680000,19351,6450,12901,6450,0,1,6452,92334
168,6450,800,300,240000,2,51606,12903,1,58680000,58680000,19351,6450,12901,6450,0,1,6452,91033
168,6450,800,300,240000,2,51606,12903,1,58680000,58680000,19351,6450,12901,6450,0,1,6452,91926
168,6450,800,300,240000,2,51606,12903,1,58680000,58680000,19351,6450,12901,6450,0,1,6452,104565
168,6450,800,300,240000,2,51606,12903,1,58680000,58680000,19351,6450,12901,6450,0,1,6452,103771

168,6850,800,300,240000,2,54806,13703,1,62200000,62200000,20551,6850,13701,6850,0,1,6852,437354
168,6850,800,300,240000,2,54806,13703,1,62200000,62200000,20551,6850,13701,6850,0,1,6852,98783
168,6850,800,300,240000,2,54806,13703,1,62200000,62200000,20551,6850,13701,6850,0,1,6852,98182
168,6850,800,300,240000,2,54806,13703,1,62200000,62200000,20551,6850,13701,6850,0,1,6852,99190
168,6850,800,300,240000,2,54806,13703,1,62200000,62200000,20551,6850,13701,6850,0,1,6852,97124
168,6850,800,300,240000,2,54806,13703,1,62200000,62200000,20551,6850,13701,6850,0,1,6852,113905
168,6850,800,300,240000,2,54806,13703,1,62200000,62200000,20551,6850,13701,6850,0,1,6852,113096

